8773783336,4445062326
15,15,15
70 52 2 23 55 8 18 40 77 13 59 98 22 4 82 
47 28 51 37 78 69 24 6 45 51 73 22 57 78 71 
19 16 48 70 3 67 10 10 10 47 44 65 97 16 33 
92 23 77 19 89 22 56 23 99 56 57 18 6 11 68 
84 4 80 51 38 34 33 76 43 80 42 99 68 20 1 
95 28 14 55 10 18 7 13 46 3 45 4 12 33 84 
74 5 88 76 9 34 44 36 59 12 41 40 9 43 88 
13 27 32 1 42 83 38 45 77 38 58 41 43 47 5 
49 82 20 61 73 51 17 92 23 89 82 34 58 76 30 
88 27 85 99 66 70 38 47 46 2 96 14 55 6 91 
5 90 86 23 2 17 54 18 1 2 64 73 76 49 76 
68 86 36 58 20 83 60 93 85 9 22 9 96 92 38 
68 38 68 92 50 11 16 45 5 62 29 27 38 94 15 
96 91 42 52 67 20 42 38 36 12 76 84 68 74 43 
51 64 65 44 55 14 10 62 40 96 89 42 62 44 5 
MACHINES
14 11 9 10 2 8 1 4 7 3 15 6 12 13 5 
6 15 14 8 12 13 9 11 1 5 4 10 3 2 7 
15 6 2 9 14 11 12 5 7 3 1 10 4 8 13 
9 3 15 2 10 8 14 4 11 13 12 7 1 5 6 
7 9 4 13 5 6 10 2 14 1 3 15 11 12 8 
7 1 12 3 11 8 10 6 2 9 5 4 15 13 14 
7 3 14 10 5 12 13 11 8 15 6 1 4 2 9 
4 6 7 5 13 12 3 9 14 15 1 10 8 2 11 
8 4 14 13 9 10 5 1 11 7 3 12 6 2 15 
12 4 15 10 8 7 1 2 5 9 3 13 6 14 11 
11 6 14 4 3 1 13 8 2 15 10 5 9 7 12 
14 7 15 2 1 8 6 11 13 12 4 9 10 3 5 
7 13 9 4 3 15 6 2 11 10 5 12 8 14 1 
11 10 13 8 5 4 6 9 15 14 2 1 3 12 7 
3 15 10 8 14 4 12 1 6 13 9 7 5 2 11