4223218178,7575122278
15,15,15
70 36 53 14 11 33 35 50 22 13 85 61 58 65 64 
20 19 86 76 54 86 33 53 48 20 2 77 32 71 11 
17 67 24 20 36 76 53 44 49 63 84 36 34 84 15 
22 65 18 67 32 86 99 70 36 45 32 69 26 10 85 
62 73 74 2 16 23 83 36 17 62 50 40 19 78 69 
51 39 79 49 73 27 59 42 47 57 84 95 16 8 26 
73 98 30 56 84 76 33 9 83 61 38 39 82 83 96 
89 62 17 13 90 30 38 87 93 25 71 38 76 69 9 
27 46 3 45 24 28 7 1 90 41 20 64 92 90 29 
98 42 11 54 74 30 83 38 98 99 39 14 93 97 73 
30 8 59 8 96 75 38 16 22 95 74 37 12 34 63 
63 6 33 99 57 34 64 67 76 32 23 32 84 73 25 
31 43 96 65 50 6 60 1 8 32 75 57 41 94 14 
75 2 26 55 79 3 69 6 89 41 60 97 11 56 59 
51 87 62 78 18 13 32 27 51 57 19 40 82 22 77 
MACHINES
7 15 4 9 12 2 10 13 11 6 1 8 3 5 14 
6 15 2 3 11 9 4 12 1 13 5 10 14 7 8 
3 8 12 5 10 4 7 6 13 1 2 14 9 15 11 
3 6 10 15 9 8 2 12 1 11 13 4 7 14 5 
6 1 3 9 12 11 14 8 15 10 13 2 4 7 5 
10 3 8 14 11 1 2 5 4 9 12 15 6 7 13 
10 7 6 11 15 5 3 12 14 13 9 1 8 2 4 
10 7 2 8 6 5 14 9 4 3 11 13 15 12 1 
12 3 6 11 14 1 5 7 2 15 4 8 9 13 10 
13 11 8 14 15 4 9 7 2 1 3 5 10 6 12 
12 5 4 10 6 8 1 14 3 7 15 13 2 9 11 
8 10 9 5 3 14 4 12 2 7 6 15 13 11 1 
9 11 15 8 2 13 10 1 14 4 6 12 5 7 3 
6 8 11 14 10 3 13 2 12 4 1 9 5 7 15 
14 9 5 4 7 3 10 6 2 15 13 8 1 11 12