2857453108,8481718314
15,15,15
6 68 42 65 66 70 92 79 2 47 11 56 42 2 6 
74 36 97 88 11 40 98 24 35 92 3 19 40 61 51 
58 10 92 18 10 5 40 59 74 31 27 1 7 54 40 
57 28 96 51 75 10 42 73 5 56 18 57 34 94 14 
9 19 40 82 86 71 9 19 24 87 83 6 97 31 89 
35 49 89 94 73 22 17 49 49 49 99 24 41 32 85 
14 79 74 40 59 69 42 7 28 46 76 84 31 33 84 
36 98 86 55 85 23 46 32 65 88 57 1 77 31 69 
79 76 36 70 95 45 86 61 76 51 47 57 1 44 31 
68 50 9 50 75 96 65 8 95 19 48 75 59 71 68 
17 90 76 18 81 55 30 66 92 63 38 46 14 9 60 
57 9 8 99 12 93 20 21 6 76 55 1 58 11 19 
39 95 91 81 94 88 15 22 18 12 73 38 69 55 23 
66 32 47 65 62 72 89 12 38 32 49 72 22 70 22 
9 97 87 8 17 2 70 53 19 20 84 9 5 98 67 
MACHINES
8 9 7 15 2 10 14 5 1 13 12 3 4 6 11 
12 8 4 14 2 5 10 13 6 11 1 15 9 3 7 
6 7 8 1 14 12 2 3 4 10 13 9 11 5 15 
3 7 5 1 9 4 13 12 10 14 8 11 15 2 6 
6 11 4 7 10 13 5 2 1 8 12 15 14 3 9 
1 10 14 7 15 2 8 6 9 4 11 3 12 5 13 
3 6 8 12 11 1 4 2 13 5 15 10 14 7 9 
14 9 5 11 2 1 7 6 12 13 15 4 10 3 8 
5 1 3 14 12 13 8 4 15 6 2 9 10 7 11 
10 8 13 2 7 3 11 1 14 9 5 4 15 6 12 
5 2 8 1 14 4 3 6 11 10 13 9 12 15 7 
2 8 11 10 12 15 13 4 5 1 9 3 14 7 6 
10 7 8 13 1 3 15 2 5 14 12 6 11 9 4 
13 15 12 14 7 11 2 6 9 1 4 5 8 10 3 
15 2 13 7 9 12 1 14 5 3 8 10 4 6 11