2242547668,8484561514
15,15,15
31 91 47 71 47 46 18 95 56 31 21 19 10 44 18 
33 29 46 26 96 52 16 63 39 63 92 76 79 98 60 
76 56 28 29 11 60 37 89 24 22 23 98 12 85 2 
8 11 27 49 66 5 38 1 18 75 45 79 69 42 63 
75 68 71 28 72 22 15 95 55 24 25 1 95 7 68 
72 69 68 30 30 36 99 54 60 73 84 77 80 95 38 
82 3 30 19 72 46 47 12 15 43 42 50 52 66 48 
32 95 30 34 53 94 13 12 46 39 60 3 88 68 48 
52 78 82 31 62 51 47 2 2 91 32 83 64 99 67 
36 21 92 50 46 76 3 78 48 24 94 73 52 51 25 
76 61 55 85 49 61 31 30 79 77 7 36 19 44 91 
67 53 28 41 15 17 65 27 97 69 48 70 53 20 85 
44 79 17 47 2 9 16 92 27 80 78 13 18 36 55 
59 25 15 62 23 26 83 21 83 24 32 59 85 5 1 
83 63 78 67 82 30 73 19 82 72 52 28 24 21 2 
MACHINES
1 2 5 13 14 12 10 4 3 7 8 15 11 6 9 
5 3 9 2 14 10 11 15 12 6 4 13 8 7 1 
9 8 14 10 13 1 7 4 3 2 15 12 6 11 5 
5 3 2 4 1 12 11 14 13 9 15 8 10 6 7 
9 2 3 6 10 15 7 14 12 13 8 1 5 11 4 
10 3 14 13 7 8 4 11 1 5 2 6 12 15 9 
13 15 14 4 5 1 7 8 3 12 6 9 2 11 10 
15 14 13 1 10 9 6 12 3 5 7 8 2 11 4 
5 8 4 9 2 12 6 14 7 11 15 1 13 10 3 
9 2 1 3 7 8 13 4 10 12 5 14 11 6 15 
14 11 5 2 12 9 6 10 7 8 4 15 1 13 3 
7 2 1 5 4 9 10 15 12 11 3 14 8 6 13 
10 13 5 2 7 15 3 9 14 4 6 11 12 1 8 
7 5 3 13 12 15 2 1 11 4 14 6 8 9 10 
12 14 7 13 3 15 6 9 4 2 10 11 8 5 1