3647320107,5677280681
15,15,15
50 45 16 31 43 47 78 9 53 79 65 54 7 20 81 
35 29 85 82 74 38 13 6 42 39 26 63 60 95 54 
45 80 60 70 99 85 52 79 5 33 67 4 25 87 76 
5 53 41 82 27 52 16 76 53 38 17 55 82 47 74 
13 45 94 46 62 52 21 24 44 94 10 72 83 33 4 
37 8 16 1 70 14 95 89 19 45 25 96 54 87 25 
24 85 40 80 37 69 66 22 77 99 32 49 3 42 17 
76 25 17 10 70 90 74 64 79 28 76 23 8 19 12 
45 58 56 1 57 57 57 13 42 27 43 72 38 47 84 
98 24 50 87 80 43 86 52 67 21 76 61 62 96 28 
74 26 37 82 3 96 47 26 79 94 36 38 54 56 9 
35 57 93 13 90 27 59 61 79 40 33 33 52 25 4 
32 89 1 87 58 93 41 73 14 52 54 46 8 54 97 
98 63 44 40 8 58 1 27 75 53 64 77 75 39 88 
75 91 61 69 69 64 22 46 72 40 65 51 1 30 42 
MACHINES
5 9 10 6 2 15 12 14 13 11 7 8 1 4 3 
13 6 7 8 14 2 1 4 12 3 10 9 5 15 11 
13 11 15 6 5 1 8 12 9 4 14 7 10 3 2 
6 10 14 5 13 8 9 15 2 3 11 4 12 1 7 
9 8 3 5 11 4 12 14 13 15 1 6 2 7 10 
15 14 13 6 2 7 8 1 5 12 10 3 4 9 11 
15 12 3 10 5 9 8 2 4 14 6 11 7 13 1 
13 3 15 1 6 8 12 4 14 10 9 5 2 7 11 
7 9 14 2 3 10 6 4 12 8 5 13 11 1 15 
2 3 8 7 13 12 1 14 6 15 4 10 11 5 9 
7 11 15 13 4 3 5 10 14 2 1 6 8 9 12 
12 4 3 5 13 1 2 14 9 15 8 7 10 11 6 
14 11 12 9 10 2 1 7 13 15 4 8 6 3 5 
7 15 14 12 8 13 9 2 1 5 10 6 3 4 11 
8 14 4 11 9 15 12 7 3 1 10 2 5 6 13