8073355528,7314358537
15,15,15
87 64 99 93 20 77 23 30 19 89 45 29 29 78 69 
17 3 4 32 62 35 63 77 35 32 73 81 40 17 54 
90 46 77 5 45 3 86 40 37 12 86 1 76 2 27 
47 61 64 53 57 13 76 86 26 43 83 83 84 17 24 
95 29 85 77 1 88 48 26 75 87 32 80 39 3 52 
70 43 83 66 79 20 26 27 61 38 8 39 67 57 68 
85 36 8 81 70 34 1 65 41 66 66 89 37 63 67 
85 45 52 18 25 53 36 90 5 48 29 51 85 78 36 
69 81 85 25 11 81 60 5 98 94 90 33 39 29 81 
60 26 25 2 48 55 7 73 40 33 17 98 66 1 32 
71 71 12 48 69 42 80 17 10 25 67 8 80 71 19 
87 11 69 67 44 10 18 11 55 23 34 51 52 67 53 
76 24 19 63 36 17 48 93 44 4 96 79 12 16 8 
68 58 78 63 1 64 1 62 40 10 14 16 6 54 44 
2 76 62 66 97 70 36 85 27 92 41 58 36 2 53 
MACHINES
1 2 15 3 8 9 10 13 7 12 6 4 14 11 5 
1 2 5 10 13 3 14 11 4 9 12 8 6 7 15 
2 3 6 5 15 1 9 7 4 8 14 11 12 10 13 
14 2 4 12 8 7 15 3 1 9 6 10 13 11 5 
15 5 12 2 7 10 3 11 13 6 14 9 4 1 8 
5 15 13 7 4 1 8 14 3 6 2 9 11 10 12 
14 8 4 2 7 15 6 5 13 3 12 1 9 11 10 
3 13 11 9 12 5 14 15 10 6 2 1 7 8 4 
7 12 15 9 3 5 13 6 2 14 1 8 11 10 4 
13 4 1 5 12 15 11 7 8 9 14 6 10 2 3 
11 10 1 12 3 4 7 2 8 14 13 6 5 9 15 
8 5 12 13 4 2 15 7 3 11 1 9 14 6 10 
14 12 11 4 9 6 2 15 1 3 7 5 8 13 10 
2 12 4 15 6 11 5 13 8 3 14 7 10 9 1 
5 14 15 6 9 10 8 2 7 3 12 1 11 13 4