735213678,2847575160
15,15,15
18 12 25 79 32 5 54 75 54 71 67 80 41 17 96 
79 75 83 5 20 51 29 2 35 63 15 51 69 15 17 
53 81 43 22 27 98 18 56 68 74 19 47 37 34 74 
76 46 21 24 28 75 17 3 76 93 86 77 80 51 70 
16 72 97 48 99 77 74 65 72 65 56 61 79 56 36 
30 58 93 98 46 23 48 99 44 13 93 13 54 68 47 
27 20 9 78 35 39 14 78 60 91 20 47 71 6 34 
43 46 91 91 74 90 15 41 2 77 33 59 92 65 11 
46 82 17 53 10 72 37 30 50 57 68 3 31 67 66 
89 54 50 43 79 63 84 62 30 16 1 37 6 42 96 
88 24 69 93 22 81 1 26 71 73 55 85 11 33 66 
14 19 25 42 86 48 14 5 68 82 44 53 8 82 42 
30 82 87 54 67 92 84 85 60 2 61 15 72 55 2 
95 76 79 81 33 88 16 50 26 10 37 38 76 18 21 
95 44 80 65 44 91 20 17 3 88 43 96 1 14 87 
MACHINES
1 2 3 8 6 13 9 10 15 14 7 5 4 11 12 
6 4 13 3 8 2 14 7 12 5 10 11 9 1 15 
15 3 13 12 4 5 10 11 7 14 9 8 2 6 1 
6 5 15 12 4 14 7 3 10 1 2 9 13 11 8 
5 3 9 4 1 10 7 6 2 15 14 11 12 8 13 
3 12 14 10 11 6 1 8 9 4 7 15 5 13 2 
4 3 10 9 6 1 15 2 8 5 11 13 12 14 7 
1 13 7 8 2 3 6 14 4 9 5 15 12 10 11 
2 1 11 14 3 5 7 9 12 13 6 15 10 8 4 
3 9 15 14 11 12 2 8 1 10 6 7 5 13 4 
11 6 8 2 15 5 10 13 12 7 14 3 1 9 4 
9 11 7 1 15 13 10 2 5 3 8 12 14 4 6 
15 1 4 10 2 7 6 3 5 11 9 8 14 12 13 
6 1 13 3 5 7 15 12 2 9 14 10 8 4 11 
15 5 2 3 14 6 12 13 10 7 8 9 4 11 1