2356551160,6643083787
15,15,15
23 79 25 29 10 71 24 20 18 85 26 98 32 92 99 
32 2 1 21 35 22 83 9 95 43 29 76 46 90 55 
99 91 6 47 39 94 37 54 16 26 69 26 90 23 87 
56 13 9 76 34 73 64 34 75 27 50 19 50 4 40 
56 25 4 95 91 17 93 92 80 85 44 43 17 11 26 
67 17 19 69 22 91 10 7 42 8 61 60 77 72 11 
14 76 21 66 37 7 77 53 80 93 78 34 50 76 49 
63 65 81 67 95 23 20 82 92 64 90 75 91 88 74 
20 56 48 49 71 7 43 55 2 93 92 92 85 97 4 
85 61 33 34 7 88 94 58 55 12 10 37 1 49 35 
59 37 30 42 66 75 6 63 78 71 33 57 85 10 40 
27 79 86 24 8 43 26 70 11 32 11 6 9 11 22 
90 21 75 48 62 90 82 63 80 88 19 19 46 10 98 
75 17 15 54 81 44 42 4 20 28 23 99 15 36 90 
78 90 57 97 65 34 6 1 48 32 69 26 78 27 59 
MACHINES
4 5 9 3 8 11 15 2 10 6 13 12 1 14 7 
1 10 11 2 8 9 15 7 5 12 3 6 13 4 14 
1 9 11 14 15 2 7 8 12 3 13 4 5 10 6 
12 10 4 2 7 15 6 1 11 14 8 13 3 5 9 
3 13 2 10 11 6 9 1 8 14 5 4 15 7 12 
9 12 14 3 6 7 1 4 13 5 8 2 11 10 15 
5 7 15 8 11 14 6 12 1 9 3 2 13 10 4 
9 12 5 3 13 7 11 15 8 2 14 6 4 10 1 
6 4 2 1 8 15 14 10 7 11 9 3 13 5 12 
15 13 4 1 6 10 9 8 2 11 5 3 7 12 14 
9 13 5 14 8 11 15 3 4 10 6 12 2 7 1 
15 8 1 12 14 6 10 4 3 5 11 7 2 13 9 
11 9 15 13 6 2 8 7 3 5 10 14 1 4 12 
4 13 7 10 12 6 5 3 9 8 11 1 2 14 15 
9 13 4 11 2 7 10 3 1 12 8 6 15 5 14