387432502,5754683103
15,15,15
28 83 18 37 96 81 2 39 60 76 30 76 45 29 85 
24 14 12 82 81 95 42 71 62 13 86 91 8 73 83 
53 12 97 3 65 93 92 44 97 30 75 92 55 13 43 
43 53 91 75 6 78 84 81 79 91 76 34 53 64 38 
54 46 39 80 74 35 67 6 87 98 94 37 27 60 35 
11 55 80 29 7 15 66 40 94 34 55 51 17 39 71 
63 49 75 51 33 42 36 85 93 33 38 11 21 61 70 
67 94 81 24 24 61 29 70 22 81 19 43 60 71 9 
88 27 93 1 58 25 14 48 88 47 97 30 11 63 36 
15 53 28 68 82 10 3 64 40 29 87 41 69 48 58 
54 92 1 87 1 76 46 20 99 86 72 85 20 73 84 
3 32 79 72 63 34 56 81 56 45 2 18 86 30 58 
66 47 31 97 53 20 63 7 92 82 17 62 58 46 3 
94 50 31 27 24 96 36 82 81 63 49 79 87 94 26 
48 60 62 60 36 64 87 40 64 70 10 21 79 96 94 
MACHINES
3 7 9 5 13 1 10 14 6 11 4 8 2 12 15 
4 3 10 14 8 12 9 2 7 6 1 11 15 13 5 
15 9 1 7 4 10 8 5 14 11 13 2 6 12 3 
8 4 7 12 13 11 3 14 15 1 2 9 5 6 10 
1 7 6 11 5 15 9 4 13 14 2 10 8 3 12 
1 13 4 14 11 3 8 9 6 2 10 7 12 15 5 
4 8 13 12 7 10 15 1 3 11 9 5 2 6 14 
10 8 12 5 3 11 15 7 9 6 2 4 1 13 14 
12 3 14 10 11 2 9 4 1 8 13 7 5 6 15 
7 9 10 3 2 8 1 15 11 6 4 5 13 12 14 
11 2 9 10 15 13 6 12 5 4 7 1 3 8 14 
11 13 2 3 15 5 9 8 14 6 1 7 12 10 4 
14 5 7 15 11 6 9 3 1 10 2 8 13 4 12 
14 10 11 7 15 5 1 4 13 12 9 8 6 3 2 
11 1 12 2 14 8 13 3 9 5 10 15 7 4 6