6013180273,4257404276
15,15,15
2 69 68 84 67 15 24 42 88 92 56 47 74 19 64 
11 60 89 1 83 82 25 76 20 86 84 16 25 67 8 
26 32 48 62 92 85 9 30 85 93 89 91 36 21 5 
87 71 21 61 51 86 12 67 41 12 4 78 75 71 8 
61 42 67 88 59 89 9 64 42 16 39 58 35 97 12 
12 6 42 7 74 85 14 25 13 36 26 32 5 70 94 
58 54 92 68 86 43 60 70 46 58 10 46 52 25 73 
6 24 23 99 32 58 68 92 95 82 87 67 2 62 42 
35 46 93 69 41 85 86 13 72 67 79 84 45 90 34 
19 60 14 31 29 66 6 58 21 93 33 37 69 26 19 
90 92 56 72 75 35 89 98 89 60 57 60 83 2 55 
13 99 42 3 6 83 30 28 87 3 48 70 37 43 29 
26 60 91 73 50 8 66 86 80 49 67 36 20 30 79 
52 34 82 26 22 56 2 82 83 13 26 21 38 50 63 
48 12 91 74 57 10 94 27 39 69 20 64 79 38 53 
MACHINES
6 13 10 9 1 14 8 12 4 11 3 15 7 5 2 
3 9 2 1 5 14 7 8 11 6 10 15 13 4 12 
1 6 4 9 12 10 2 11 5 14 13 8 3 7 15 
8 10 15 1 9 12 4 7 5 6 3 2 13 11 14 
12 15 14 6 10 5 1 7 11 9 2 3 8 13 4 
8 11 14 15 12 2 6 10 4 3 13 9 5 7 1 
12 15 2 3 11 5 10 13 8 4 9 14 1 6 7 
8 9 13 12 1 2 14 5 11 6 10 15 3 4 7 
7 1 6 5 12 8 13 4 11 10 15 2 14 9 3 
8 4 2 3 13 5 14 12 15 10 1 9 11 7 6 
15 14 12 11 7 2 1 10 3 13 5 6 8 9 4 
12 10 11 15 6 2 7 5 8 4 3 14 13 1 9 
14 4 12 13 11 9 10 6 8 5 2 7 15 1 3 
15 2 10 13 14 7 5 1 3 6 12 11 4 8 9 
12 5 1 13 11 15 10 6 9 7 4 8 14 3 2