3756804358,310670571
15,15,15
42 75 89 38 85 44 78 22 28 69 39 89 56 32 68 
52 38 90 15 10 7 69 94 10 4 21 13 41 73 36 
20 21 40 58 39 45 13 58 45 44 65 45 35 42 63 
76 54 80 10 58 31 22 8 5 26 3 19 11 10 22 
75 79 15 99 32 78 3 26 71 31 5 47 11 49 29 
63 55 81 66 33 36 82 81 53 19 11 25 76 95 99 
4 18 54 16 21 34 29 86 75 41 89 6 45 60 6 
50 38 74 32 22 80 14 80 94 13 23 46 60 76 92 
84 66 74 67 61 23 54 71 29 14 48 30 80 28 31 
87 91 38 50 94 83 65 44 41 97 12 38 69 68 98 
30 17 48 19 48 15 74 75 77 19 57 30 40 53 80 
78 84 15 98 5 97 17 25 76 36 69 63 60 12 93 
61 84 76 93 4 41 88 9 14 77 70 63 54 73 72 
67 5 21 54 8 68 53 8 79 94 3 93 47 48 28 
80 43 56 54 79 77 20 22 45 99 12 1 40 73 72 
MACHINES
3 12 7 8 4 10 5 14 1 15 11 2 9 13 6 
12 15 9 1 7 8 13 5 10 2 3 6 14 11 4 
3 4 7 15 14 1 5 8 2 11 10 12 9 13 6 
13 10 5 11 4 15 1 7 8 6 3 14 9 2 12 
12 11 3 1 7 14 4 15 13 10 6 8 5 2 9 
4 6 2 14 13 8 10 7 1 12 15 11 5 9 3 
9 2 1 3 15 14 12 7 4 10 5 8 11 6 13 
10 3 9 8 11 1 15 7 14 2 4 5 13 6 12 
5 4 15 2 9 14 13 3 7 6 11 12 8 10 1 
4 12 13 14 10 1 6 9 11 15 8 3 7 5 2 
5 1 8 2 6 3 12 10 7 14 4 9 11 13 15 
8 15 7 11 6 13 9 5 3 10 14 12 2 4 1 
2 15 1 7 13 12 8 5 3 11 14 10 9 4 6 
12 11 9 13 15 5 3 1 14 6 7 8 10 4 2 
13 3 4 1 12 15 6 14 8 7 2 9 11 10 5