7100672710,686244478
15,15,15
80 76 90 37 73 52 10 26 43 47 97 12 18 94 83 
67 73 78 11 40 61 50 83 64 8 91 45 93 49 46 
14 87 64 43 65 18 78 9 32 39 10 27 50 72 24 
80 41 63 78 27 73 70 13 13 19 83 54 79 11 34 
13 54 9 18 14 33 43 9 98 62 89 84 40 46 66 
70 23 26 34 14 10 74 38 79 70 19 51 21 45 92 
62 9 66 86 88 12 28 50 90 13 24 30 95 10 43 
26 27 42 26 9 3 61 45 93 76 35 12 25 71 25 
8 14 59 22 16 98 63 99 52 50 93 58 48 80 95 
58 97 84 71 4 6 38 58 43 7 29 3 26 24 89 
91 18 70 1 81 77 31 90 60 85 6 99 17 83 54 
63 58 5 81 90 30 14 57 65 16 13 36 92 49 52 
24 55 86 51 93 2 54 69 75 73 65 44 61 9 18 
54 38 86 49 75 7 12 21 70 21 78 33 93 95 31 
46 25 9 97 4 45 81 72 4 70 54 98 88 30 3 
MACHINES
8 10 13 6 2 15 11 14 4 12 9 3 5 7 1 
5 13 12 14 4 3 6 1 7 2 11 9 10 15 8 
7 2 12 6 1 15 9 5 8 10 3 14 11 13 4 
7 9 5 12 2 4 11 10 14 1 8 13 15 3 6 
12 5 11 14 8 10 6 1 7 4 9 2 15 3 13 
8 13 7 2 3 4 9 11 10 15 1 12 5 14 6 
7 9 2 1 15 6 13 4 11 14 12 3 8 5 10 
13 3 11 14 1 10 6 5 8 15 12 9 4 2 7 
6 7 11 3 12 1 4 10 9 5 14 15 8 2 13 
5 8 2 14 9 7 4 1 11 12 3 15 10 6 13 
7 12 4 5 6 9 10 14 1 15 13 2 8 3 11 
9 11 15 1 6 8 12 14 5 13 3 4 7 10 2 
13 9 4 14 6 7 10 2 8 5 1 12 3 15 11 
1 4 8 13 14 10 11 9 2 6 7 12 15 5 3 
14 4 13 5 7 11 2 3 10 1 12 9 15 6 8