678815777,1038257351
15,15,15
78 47 23 1 61 77 61 62 86 14 8 53 3 89 58 
56 64 42 88 46 92 8 2 29 25 78 86 56 26 14 
3 62 96 27 61 13 63 41 65 49 95 39 38 59 55 
29 22 72 68 97 63 82 65 78 72 82 30 19 12 29 
23 22 51 37 61 41 6 9 54 47 86 2 97 61 67 
89 21 26 60 44 28 77 49 30 3 40 96 89 87 72 
75 90 58 43 34 59 23 36 66 19 36 51 1 49 20 
58 55 46 31 92 88 51 19 83 1 53 74 22 80 41 
90 92 74 10 50 18 57 64 10 5 24 98 71 2 26 
44 57 20 91 27 26 27 64 47 33 50 22 80 96 90 
47 90 83 65 72 42 39 52 1 36 44 78 55 9 65 
52 28 59 41 37 17 73 86 94 87 28 94 83 42 70 
60 58 5 86 97 14 32 85 73 82 86 66 40 54 47 
74 87 50 82 26 73 98 66 63 86 65 56 73 13 18 
75 35 79 50 80 75 58 89 13 62 68 85 68 81 78 
MACHINES
10 14 2 12 7 5 13 1 4 9 3 8 6 11 15 
5 10 6 14 9 7 2 11 1 8 13 15 4 12 3 
14 9 13 3 2 8 7 1 15 4 11 5 6 10 12 
2 15 14 1 9 8 5 4 11 10 3 13 7 6 12 
12 13 8 14 4 3 11 1 5 9 2 10 6 15 7 
9 8 7 10 14 5 6 15 4 12 1 3 11 2 13 
9 13 7 4 14 6 11 12 3 5 10 8 2 15 1 
9 2 15 6 8 11 1 14 12 4 3 10 7 5 13 
2 14 8 9 7 10 5 6 15 11 13 1 3 4 12 
15 5 6 14 8 12 4 9 7 13 2 10 1 3 11 
13 12 9 3 4 5 2 7 11 14 10 6 8 15 1 
13 1 6 2 5 15 8 9 7 11 14 3 12 4 10 
14 13 8 15 7 5 6 1 12 9 3 11 2 10 4 
13 2 6 14 9 4 3 11 7 12 10 8 5 1 15 
15 10 8 11 12 4 1 7 6 3 5 14 2 13 9