8727247535,880003144
15,15,15
23 12 16 9 94 38 18 20 84 11 92 47 14 95 92 
51 9 7 13 17 10 9 46 65 99 94 1 74 93 65 
88 28 58 29 67 96 75 79 10 86 2 1 72 34 16 
52 79 66 16 5 39 20 20 77 32 86 66 40 99 65 
49 59 23 26 58 84 12 76 73 6 64 1 40 98 97 
18 81 14 92 67 88 67 1 55 71 3 28 33 81 68 
19 44 86 70 9 66 66 43 31 70 78 41 91 13 13 
82 53 77 52 97 42 43 7 8 90 39 16 95 63 51 
33 35 27 24 41 40 21 48 50 50 39 72 8 27 27 
68 77 75 51 81 13 9 50 48 94 55 75 6 43 30 
13 55 56 48 75 9 17 10 20 24 52 60 35 55 83 
96 39 77 38 31 15 8 15 72 73 98 55 89 74 51 
25 97 91 46 28 79 11 68 20 16 77 86 44 39 67 
10 44 30 34 29 69 63 40 6 55 35 5 59 86 89 
26 61 71 4 29 57 21 69 91 40 85 32 79 15 17 
MACHINES
10 6 1 7 9 4 15 2 11 3 13 8 14 5 12 
9 13 11 15 3 10 7 12 1 8 6 5 4 2 14 
15 2 3 7 13 14 8 1 4 5 10 11 12 9 6 
12 9 3 6 7 14 11 2 5 10 1 4 13 15 8 
2 9 3 8 5 1 12 6 10 15 14 13 11 4 7 
15 9 8 10 6 5 3 14 4 12 1 7 13 11 2 
15 7 4 12 5 2 6 14 11 8 3 1 13 9 10 
12 2 8 1 6 9 3 4 7 13 14 10 11 15 5 
5 12 3 14 2 7 8 1 11 13 4 15 10 6 9 
11 14 9 12 4 8 1 10 13 2 5 15 6 7 3 
6 3 8 12 11 9 15 5 1 14 4 7 2 10 13 
6 11 8 4 1 14 5 7 10 13 3 9 2 15 12 
6 4 5 10 7 15 13 3 12 2 11 8 14 1 9 
6 1 10 4 11 12 3 13 15 9 8 5 2 14 7 
6 3 4 10 11 15 14 9 7 5 1 2 13 12 8