8244350467,5827787275
15,15,15
42 92 61 50 73 82 73 41 88 99 14 56 4 80 41 
29 15 64 51 25 44 91 51 17 4 84 11 37 27 65 
10 71 76 99 35 26 61 70 46 32 93 5 78 66 38 
72 60 2 8 52 86 95 91 73 75 77 78 10 9 40 
80 93 90 81 40 89 50 21 61 7 52 4 85 6 93 
58 94 96 89 72 45 64 56 69 1 85 4 67 9 65 
13 32 82 52 34 89 88 38 13 75 62 89 81 75 35 
29 22 16 35 60 93 95 73 26 88 85 88 94 13 7 
11 45 28 98 56 85 63 22 52 37 89 63 16 43 81 
88 92 33 57 28 42 21 61 68 23 56 37 1 67 22 
12 40 73 53 8 41 91 73 74 29 26 33 22 17 98 
58 56 75 26 36 31 41 70 41 54 22 21 37 26 59 
85 83 54 58 82 10 95 89 38 34 49 94 70 72 60 
42 23 6 59 85 15 99 23 3 88 96 63 19 60 70 
91 69 46 54 17 97 38 23 20 8 29 78 65 7 98 
MACHINES
5 3 14 7 11 6 12 4 13 10 2 1 9 15 8 
5 2 4 8 6 10 14 12 7 15 13 3 11 1 9 
15 7 14 13 1 10 12 8 6 4 5 2 3 11 9 
1 4 11 14 15 5 6 10 8 7 13 9 3 2 12 
5 14 10 9 15 11 3 7 2 4 8 13 6 1 12 
13 12 9 4 2 15 14 11 6 10 5 1 8 7 3 
14 5 3 13 6 7 8 10 2 15 9 1 4 12 11 
11 4 7 9 3 1 15 10 12 5 14 2 8 6 13 
8 6 10 13 12 15 1 11 7 5 14 3 9 2 4 
3 9 12 15 4 13 11 1 6 8 2 5 10 14 7 
10 1 11 14 5 13 15 9 6 8 7 12 3 2 4 
7 1 8 15 3 12 5 2 4 11 9 13 10 6 14 
11 10 15 7 14 9 4 6 1 8 13 5 12 3 2 
3 14 10 8 1 13 11 9 2 15 12 4 6 5 7 
15 9 12 7 4 13 3 2 5 8 11 1 6 10 14