2338643250,3213025263
15,15,15
32 34 7 75 11 24 39 46 2 80 39 47 73 52 99 
1 29 77 11 78 88 75 81 18 91 19 31 82 95 13 
80 91 99 64 81 73 97 56 30 59 38 77 26 83 99 
18 25 47 68 42 28 89 31 86 62 41 51 19 90 45 
92 57 27 68 45 19 32 44 49 78 92 18 25 86 94 
86 62 94 54 40 86 90 6 18 85 84 71 9 50 47 
61 92 63 14 96 66 18 64 48 95 41 98 46 82 79 
93 4 85 41 59 4 49 86 33 65 45 17 93 96 39 
36 71 65 28 34 6 4 62 2 91 52 97 32 67 87 
28 34 76 35 63 95 87 27 94 17 30 45 11 65 33 
38 42 74 2 43 84 50 19 50 79 65 36 53 9 62 
21 71 7 80 96 82 58 61 22 3 16 11 64 2 30 
98 26 53 10 63 9 57 44 73 71 12 83 27 69 70 
26 50 86 71 31 55 27 7 75 9 60 90 49 82 3 
39 71 19 60 97 86 17 1 24 82 49 34 94 71 44 
MACHINES
2 7 8 5 11 1 3 14 10 15 9 13 4 12 6 
11 13 5 10 1 7 6 9 15 8 4 12 2 3 14 
9 11 3 2 14 1 4 6 10 7 12 5 13 8 15 
8 15 9 2 5 10 11 6 12 14 3 4 1 7 13 
15 5 13 8 9 1 10 2 14 6 3 4 7 12 11 
8 7 1 4 9 10 6 11 5 2 15 3 14 13 12 
6 10 8 5 13 7 11 14 3 9 2 4 15 1 12 
11 5 10 9 12 1 7 3 6 2 4 8 13 15 14 
10 6 9 12 5 11 1 3 8 14 15 7 13 2 4 
8 7 2 13 9 12 15 1 14 3 10 6 5 11 4 
10 9 14 15 4 7 5 13 8 1 11 2 12 3 6 
2 4 1 12 15 11 7 3 14 5 9 8 13 10 6 
12 13 4 9 7 1 8 2 10 6 14 3 15 5 11 
12 3 11 2 5 14 8 6 15 9 13 4 7 10 1 
14 13 8 1 5 12 4 7 6 9 3 15 10 2 11