6357417315,4624486441
15,15,15
93 74 24 25 62 31 80 43 21 77 45 86 4 37 38 
87 55 75 19 9 19 36 95 8 98 32 36 66 22 57 
56 88 60 7 73 21 25 12 92 15 86 20 83 14 1 
15 52 35 63 13 39 70 56 52 53 65 6 84 10 55 
32 91 46 64 15 87 99 13 21 36 77 94 48 99 30 
7 73 59 11 26 65 63 39 60 24 7 95 95 75 89 
43 49 12 54 50 7 1 11 82 39 71 14 66 88 72 
64 71 94 77 62 70 4 61 6 49 85 75 69 91 8 
12 23 94 73 42 76 7 74 57 22 39 99 59 17 7 
36 74 41 20 4 81 53 20 39 83 21 12 40 42 59 
98 97 70 94 22 66 50 39 95 58 78 35 12 91 56 
26 74 36 57 48 98 79 91 50 36 15 58 79 14 88 
3 95 29 67 23 93 27 32 41 82 52 40 55 47 98 
29 73 68 48 45 78 91 6 62 98 46 86 38 73 61 
22 1 67 16 42 71 13 80 92 62 96 2 17 40 55 
MACHINES
8 14 11 6 15 10 13 12 1 5 2 7 3 9 4 
14 5 7 15 6 13 3 11 9 10 12 4 1 2 8 
15 1 6 7 8 11 12 13 5 10 14 9 2 4 3 
13 10 14 12 1 5 6 7 4 2 15 11 8 3 9 
5 14 6 3 12 9 11 15 10 2 7 13 8 4 1 
7 9 6 4 11 8 5 14 1 10 13 15 3 12 2 
14 15 11 2 12 10 1 8 7 13 9 6 3 4 5 
10 9 8 5 15 1 12 11 6 2 13 7 3 4 14 
12 3 2 11 10 8 14 5 15 7 6 4 9 13 1 
11 15 13 7 1 4 8 9 12 10 2 14 5 6 3 
9 5 10 4 11 14 13 15 6 2 1 12 3 7 8 
14 8 11 10 13 4 12 2 15 7 1 9 3 5 6 
10 9 2 3 5 1 14 6 7 4 13 11 8 15 12 
5 2 3 13 14 4 11 1 9 12 7 8 15 10 6 
15 8 5 12 9 3 2 13 14 6 4 7 1 11 10