4787837576,5650635762
15,15,15
96 73 55 69 54 68 79 69 82 29 86 38 72 12 87 
60 31 31 86 73 41 83 11 38 13 65 56 81 79 94 
66 77 84 58 80 48 13 67 18 5 58 25 40 67 11 
58 62 62 85 71 26 97 24 4 11 30 29 78 25 15 
76 79 39 59 46 76 37 60 77 81 12 30 71 60 64 
98 43 47 18 94 22 68 28 45 95 87 42 60 64 59 
59 48 55 58 84 55 90 39 87 12 41 11 65 19 83 
63 64 56 37 31 84 67 93 75 53 49 53 20 98 29 
30 62 43 56 98 2 1 17 58 4 9 85 89 79 32 
78 90 58 86 84 32 7 71 30 54 32 29 3 29 68 
89 8 75 43 32 26 26 7 52 2 78 57 3 85 67 
1 55 4 62 31 47 48 70 51 46 50 38 35 50 33 
79 52 2 94 22 18 82 72 94 92 96 15 55 6 29 
95 97 3 60 1 95 72 39 97 17 84 42 74 76 49 
60 33 18 85 80 60 96 97 70 84 31 61 28 83 47 
MACHINES
6 12 1 14 10 15 9 11 7 8 5 3 4 2 13 
10 4 5 14 1 15 3 8 12 6 9 2 11 13 7 
7 12 15 1 5 11 10 2 13 9 8 14 6 3 4 
10 1 15 6 11 9 13 4 3 7 8 5 2 14 12 
11 7 12 3 15 6 9 1 10 4 8 5 13 14 2 
11 4 5 3 6 8 7 1 12 14 15 2 13 9 10 
8 5 6 1 3 2 12 9 15 11 4 13 14 10 7 
13 15 6 2 14 7 5 1 8 12 10 4 9 3 11 
14 13 5 10 3 15 4 8 2 6 1 9 12 7 11 
4 10 15 2 13 6 5 9 1 12 7 14 11 8 3 
8 2 14 6 13 11 4 9 5 15 12 7 3 10 1 
11 5 4 9 10 2 6 15 3 12 1 7 14 13 8 
12 15 1 8 2 13 14 5 9 10 7 4 6 3 11 
5 9 2 15 11 4 6 14 10 13 8 1 7 12 3 
14 3 4 2 11 9 10 5 13 12 1 8 15 6 7