4647602583,6508361463
15,15,15
84 28 21 61 72 27 21 85 70 68 12 22 72 85 28 
25 25 47 68 76 50 96 97 6 45 78 95 15 76 11 
13 66 81 87 25 19 25 97 40 49 90 26 25 34 36 
49 98 66 27 55 92 1 5 35 32 50 67 42 59 44 
54 35 82 69 63 17 40 46 45 5 98 50 10 61 25 
76 94 51 53 72 38 35 47 28 68 30 5 48 52 44 
17 78 23 64 78 23 69 51 99 94 50 2 33 6 93 
98 32 21 2 85 39 23 93 36 96 41 81 40 5 91 
58 16 27 25 36 89 58 38 78 61 55 37 25 61 52 
36 32 26 84 11 52 47 31 79 24 16 17 92 7 95 
37 42 22 29 65 58 53 6 14 36 66 83 15 65 2 
99 13 36 27 36 59 45 7 23 67 10 92 99 16 76 
83 26 1 6 65 36 69 91 47 16 8 84 70 11 75 
88 27 1 75 26 63 77 18 44 21 97 15 38 19 45 
77 11 74 54 72 85 72 92 99 30 45 93 27 20 56 
MACHINES
13 15 5 1 4 2 14 12 11 8 6 3 9 7 10 
12 2 4 13 3 8 15 5 10 7 14 9 6 11 1 
3 15 6 10 1 7 8 4 2 14 9 12 13 11 5 
6 7 15 3 1 11 2 9 8 14 10 4 13 12 5 
10 13 2 8 4 6 5 12 1 7 11 3 15 9 14 
11 15 3 2 4 5 1 7 9 8 10 13 6 14 12 
6 8 2 7 5 15 12 4 9 11 14 13 10 3 1 
7 8 5 6 14 12 2 4 10 1 11 13 15 3 9 
10 13 4 11 3 8 6 15 9 5 2 12 1 7 14 
5 7 6 10 1 8 12 4 15 3 11 2 14 13 9 
9 12 2 3 5 14 13 10 11 15 1 6 8 7 4 
14 9 12 10 1 13 2 6 4 5 11 7 8 15 3 
12 14 6 8 15 7 5 13 10 9 4 11 2 3 1 
14 13 7 10 8 4 11 12 9 2 15 1 6 5 3 
15 10 13 5 9 11 1 4 7 12 6 3 2 14 8