7065221571,5284317663
15,15,15
3 24 33 26 92 79 41 14 77 50 87 37 80 31 36 
73 79 37 55 36 88 39 94 39 36 54 60 65 21 35 
55 81 13 15 13 74 58 39 8 69 62 23 17 33 34 
12 43 12 25 22 33 99 70 89 84 18 41 34 86 80 
72 9 74 7 59 56 43 3 42 77 99 89 36 42 43 
30 54 76 29 54 47 61 11 28 19 79 89 34 38 46 
3 63 17 71 99 66 40 66 67 20 49 19 72 69 5 
5 10 10 55 71 40 30 90 87 96 35 39 71 28 66 
15 32 31 92 23 13 24 24 15 65 89 57 66 1 49 
36 89 27 31 71 9 99 45 68 64 18 21 19 34 64 
75 16 47 90 67 12 12 50 89 80 4 17 46 63 17 
93 97 53 51 13 2 78 80 28 38 97 2 39 49 55 
54 35 69 73 9 29 63 58 80 33 64 78 64 81 45 
86 10 29 74 1 62 6 47 17 51 31 50 78 86 60 
43 51 1 83 81 96 95 17 7 77 78 27 6 24 19 
MACHINES
1 4 9 11 5 10 3 2 13 7 6 8 12 14 15 
2 12 6 8 9 5 13 15 4 1 14 3 7 10 11 
2 7 5 3 15 13 11 14 4 10 6 9 1 12 8 
2 6 13 3 5 4 9 14 7 12 11 10 1 8 15 
4 2 9 13 12 3 10 8 6 7 15 14 1 5 11 
1 11 4 13 3 12 15 10 5 2 7 14 9 8 6 
6 12 5 14 7 3 1 8 11 2 10 13 4 15 9 
11 3 8 7 13 9 12 4 2 14 15 10 1 5 6 
5 12 7 11 4 6 3 8 9 1 13 14 15 10 2 
8 10 1 6 4 14 13 3 7 5 12 9 11 2 15 
11 6 9 14 10 15 2 7 8 13 3 12 1 5 4 
1 10 11 15 12 9 7 5 3 6 2 14 8 13 4 
13 6 4 2 8 14 15 5 3 12 10 11 7 1 9 
15 8 13 10 6 9 7 14 4 2 11 5 3 1 12 
2 1 4 11 12 5 3 7 15 6 8 10 13 14 9