5506841738,1476174882
15,15,15
9 89 33 37 82 5 79 32 73 37 98 74 74 18 80 
39 84 13 1 9 9 63 27 81 75 8 76 1 51 2 
53 30 95 92 12 3 30 84 65 15 80 81 84 81 21 
68 46 13 1 24 29 83 58 55 43 92 46 88 16 8 
83 61 51 28 29 66 54 39 84 40 57 3 84 59 38 
84 31 74 13 92 52 53 6 99 27 62 54 21 58 64 
16 87 35 84 93 67 84 89 58 63 73 23 60 31 3 
93 38 96 19 90 11 66 74 45 91 64 75 32 25 90 
47 63 59 7 41 74 25 93 85 88 3 81 82 70 73 
77 66 75 18 33 78 64 53 78 66 73 38 32 41 21 
88 1 24 20 69 74 14 7 80 93 32 67 53 83 3 
96 37 33 80 84 95 75 32 37 86 75 79 82 48 41 
8 97 32 94 52 7 2 72 34 71 24 31 95 58 89 
80 81 76 9 73 12 85 66 37 25 99 31 59 51 29 
75 76 4 93 67 7 19 35 74 96 93 24 50 68 1 
MACHINES
9 14 12 11 4 7 8 10 1 13 15 3 5 2 6 
5 11 4 10 9 7 15 12 14 6 8 3 2 1 13 
5 9 13 1 11 8 3 6 7 12 4 15 14 10 2 
15 13 10 8 11 2 7 12 3 9 1 4 6 5 14 
5 9 7 6 15 10 13 12 8 3 11 2 14 4 1 
14 7 1 5 3 10 4 13 11 6 8 15 9 2 12 
10 12 1 3 6 13 5 4 2 14 8 15 7 11 9 
1 5 2 4 6 13 9 3 15 8 12 14 7 10 11 
10 14 12 5 15 1 9 7 4 11 13 2 8 6 3 
6 14 7 9 1 12 10 5 4 2 13 3 8 15 11 
14 6 3 1 5 2 7 15 12 9 11 13 8 4 10 
4 6 7 13 14 12 10 2 9 8 1 15 5 3 11 
9 3 11 14 13 4 12 10 8 1 7 15 2 5 6 
5 15 1 2 6 3 7 13 12 10 14 8 9 11 4 
4 6 11 8 5 3 7 1 9 2 13 12 15 10 14