1317833143,5688336834
15,15,15
3 36 21 34 52 73 26 27 52 46 30 42 7 74 83 
72 56 18 92 74 19 31 92 66 99 44 53 69 50 4 
83 94 6 63 92 67 33 86 1 57 39 33 21 25 80 
29 61 78 94 54 7 65 28 62 95 25 17 8 35 22 
13 77 88 47 76 33 60 1 99 1 34 9 61 78 27 
47 42 35 21 2 86 73 62 33 58 60 84 58 10 59 
49 88 68 39 58 26 70 60 74 42 28 50 95 79 75 
81 73 53 31 17 64 78 52 67 65 55 40 37 93 88 
53 15 60 71 95 59 61 69 26 96 89 32 80 45 24 
63 55 95 3 66 51 3 32 1 80 86 70 86 9 87 
26 18 25 98 26 4 49 27 69 85 76 28 57 36 43 
51 23 19 93 60 74 49 36 79 5 53 26 37 50 3 
73 77 13 59 7 1 60 17 97 58 94 3 11 39 71 
21 72 31 64 56 96 15 95 94 23 84 99 13 72 15 
16 61 36 69 57 79 66 76 17 93 25 58 4 73 75 
MACHINES
13 12 11 14 15 1 3 2 8 4 7 9 5 10 6 
10 5 15 2 3 14 7 11 1 6 8 12 9 4 13 
3 5 9 7 10 14 1 8 13 6 11 15 4 12 2 
9 12 14 11 8 5 10 7 4 15 2 6 3 13 1 
15 3 4 10 2 9 11 8 7 13 5 6 1 12 14 
4 2 11 10 3 12 15 13 5 8 9 14 7 1 6 
9 8 10 6 2 5 7 14 11 4 15 13 12 1 3 
2 4 3 15 5 1 7 14 13 9 11 10 8 12 6 
6 13 10 7 2 1 14 15 9 12 11 4 5 3 8 
10 9 8 5 15 3 12 14 6 13 2 7 4 1 11 
1 3 6 14 2 8 11 5 9 7 12 13 15 4 10 
2 6 4 8 7 13 11 5 1 12 14 15 3 10 9 
3 10 11 6 15 12 13 14 8 1 9 4 7 5 2 
15 6 11 5 8 7 1 12 2 13 4 9 3 14 10 
2 8 9 6 13 1 4 5 7 3 11 14 10 12 15