1815731321,5611385601
15,15,15
77 38 1 18 70 37 4 26 52 64 58 15 11 21 10 
73 93 26 84 15 69 30 6 16 44 30 79 27 6 23 
50 1 59 77 32 26 48 32 24 40 54 32 33 85 16 
97 25 39 75 78 81 29 43 30 82 87 67 2 87 53 
24 94 69 28 72 34 61 86 37 73 3 15 44 88 15 
57 74 5 78 48 90 50 45 4 25 37 70 87 98 15 
7 29 55 14 56 12 32 31 57 57 86 6 83 10 98 
27 67 38 6 39 20 65 60 20 24 14 55 98 68 27 
93 61 61 28 25 71 99 46 4 10 78 45 60 20 8 
87 92 44 37 8 37 80 23 63 17 78 43 86 24 96 
93 7 33 20 22 56 62 86 92 63 87 60 19 49 24 
99 42 66 95 60 49 33 88 23 9 80 12 89 54 13 
83 6 73 73 64 44 97 39 11 77 70 59 65 22 96 
10 38 19 78 79 20 71 59 39 63 29 55 27 43 86 
63 73 95 91 14 74 22 86 31 92 30 43 37 82 53 
MACHINES
9 13 2 14 3 12 8 1 11 4 10 5 7 15 6 
12 1 13 4 7 15 9 14 3 6 2 8 5 10 11 
2 8 14 6 12 4 5 3 10 11 9 7 13 1 15 
4 3 6 2 5 11 13 12 1 8 15 14 9 10 7 
6 4 5 12 9 13 1 8 7 14 10 15 3 11 2 
5 10 14 6 4 7 1 9 12 8 3 15 13 2 11 
11 2 3 8 5 12 14 4 6 10 9 7 15 1 13 
13 11 4 3 5 1 2 7 6 8 15 10 9 12 14 
3 5 8 7 2 6 10 11 12 4 14 9 13 15 1 
9 3 15 2 6 5 11 4 13 8 1 10 12 14 7 
12 9 15 2 6 1 5 11 3 14 7 8 10 4 13 
7 4 6 14 5 11 2 1 9 15 13 12 10 3 8 
15 13 11 3 10 14 9 4 8 5 12 6 1 7 2 
14 8 9 7 12 11 15 10 3 5 1 13 4 2 6 
5 13 6 11 1 14 7 8 2 9 15 12 10 3 4