4354302810,2355283452
15,15,15
32 72 61 97 5 22 8 78 67 51 92 83 88 82 34 
88 14 59 46 92 9 71 53 17 84 23 37 85 24 79 
7 2 90 69 9 19 5 48 46 54 26 87 36 60 78 
30 26 80 91 99 38 61 95 81 64 77 32 30 23 45 
18 15 37 96 48 81 70 86 33 45 66 45 7 25 11 
85 91 5 19 62 57 60 23 34 67 48 51 82 36 72 
27 77 10 24 19 23 76 78 65 12 35 93 79 11 26 
22 60 71 77 53 62 94 52 93 89 28 4 30 92 58 
22 56 49 33 98 98 92 45 58 77 63 79 7 36 20 
45 11 32 79 15 10 83 16 72 43 23 85 69 12 9 
37 83 92 8 98 99 90 50 36 94 5 77 55 91 16 
26 27 78 15 77 26 82 33 48 97 94 80 39 75 85 
12 97 44 71 19 25 46 52 68 4 97 20 76 73 59 
56 67 47 94 18 39 68 36 67 9 59 25 31 8 7 
30 47 60 68 23 61 80 77 90 79 39 47 82 9 12 
MACHINES
6 9 11 1 15 2 12 10 14 3 4 13 8 7 5 
5 2 14 9 12 13 4 8 1 10 15 7 6 3 11 
4 15 13 8 9 7 14 11 3 5 6 12 2 1 10 
6 14 15 11 3 7 2 13 10 5 1 9 12 8 4 
1 6 3 2 14 10 12 9 5 7 15 8 4 13 11 
11 3 2 12 7 4 9 5 6 13 10 1 8 15 14 
7 14 2 15 9 5 8 1 11 4 3 6 13 12 10 
3 13 10 5 4 12 6 14 9 1 15 2 11 7 8 
9 8 14 10 11 3 2 5 1 7 6 4 13 12 15 
15 2 14 7 5 3 13 8 11 9 6 4 1 10 12 
13 3 14 9 6 5 4 2 1 7 8 15 10 11 12 
5 3 1 4 12 8 7 15 14 11 9 2 13 10 6 
8 15 9 7 2 5 14 1 10 13 3 6 11 4 12 
6 10 1 7 15 5 14 12 4 2 11 9 8 13 3 
7 5 14 2 9 8 13 15 12 1 10 3 4 11 6