8432002538,6270488067
15,15,15
16 91 19 16 68 4 59 23 75 31 57 85 88 51 59 
40 4 77 76 73 97 60 77 29 62 2 8 88 2 16 
72 54 92 81 63 13 66 91 94 20 24 93 56 47 42 
67 56 52 35 44 9 69 3 66 63 28 57 10 77 18 
27 3 11 54 80 56 64 63 70 8 94 20 29 37 68 
13 76 22 88 57 90 71 49 78 88 55 61 91 68 38 
50 56 13 2 49 57 38 93 84 7 15 52 15 52 95 
79 7 40 31 10 2 16 58 72 5 21 65 6 87 20 
21 94 99 76 79 79 88 51 62 69 53 35 10 89 72 
70 79 74 70 41 45 36 64 58 49 57 51 35 52 11 
67 41 38 89 55 34 99 90 33 60 94 88 49 31 26 
70 10 15 22 17 10 74 69 84 11 62 48 72 32 87 
54 98 90 49 53 24 32 37 97 50 57 59 21 72 91 
86 1 66 44 18 5 54 80 34 28 22 95 33 47 12 
13 71 47 59 37 36 31 27 54 37 63 95 4 25 37 
MACHINES
15 8 9 3 5 14 4 12 7 6 10 11 2 1 13 
9 14 11 7 1 8 12 3 15 4 5 13 6 10 2 
2 3 11 4 15 13 7 10 9 14 12 1 8 5 6 
8 3 9 14 5 10 7 6 1 11 13 2 4 15 12 
9 15 13 11 4 10 6 2 1 12 5 7 3 14 8 
12 14 13 9 5 3 4 11 15 6 10 1 7 2 8 
12 5 6 15 3 4 8 1 9 14 10 2 11 13 7 
13 10 1 15 4 12 6 5 7 9 8 14 3 11 2 
10 14 2 11 8 4 3 7 1 9 12 6 15 13 5 
11 5 7 14 12 10 1 9 8 3 6 15 13 2 4 
6 4 8 2 10 7 15 12 1 3 11 14 13 9 5 
14 5 6 9 3 8 2 13 10 12 4 15 1 11 7 
5 2 3 4 12 10 9 6 8 1 7 13 11 14 15 
13 5 3 14 2 15 10 12 6 11 9 7 4 8 1 
13 2 8 14 4 6 9 7 5 1 12 15 11 3 10