8863065152,2640244252
15,15,15
53 7 70 49 23 13 55 60 91 89 72 74 68 10 63 
73 54 89 4 40 35 24 86 6 89 24 21 48 76 54 
18 17 94 49 78 85 46 68 67 42 72 48 30 3 7 
66 83 92 22 28 48 55 79 94 56 81 99 84 24 68 
10 85 36 11 4 15 40 18 21 92 95 27 54 57 22 
69 34 12 55 43 70 33 8 73 93 47 9 23 13 59 
38 81 98 5 55 38 80 81 1 9 7 59 94 28 90 
44 49 1 7 4 8 38 58 22 83 89 8 17 9 47 
34 82 18 8 32 3 67 31 47 14 31 59 90 51 82 
69 51 96 68 53 69 35 73 40 54 26 38 66 62 87 
4 3 24 41 46 23 6 69 68 31 76 52 80 89 54 
87 28 71 98 64 14 18 66 62 35 87 57 7 25 78 
2 5 13 16 37 99 20 8 7 57 13 15 78 95 19 
67 43 60 55 29 58 8 70 87 80 29 44 33 95 85 
36 99 1 47 38 84 75 75 48 46 38 51 82 27 35 
MACHINES
10 5 13 6 2 4 12 15 7 8 14 11 9 3 1 
9 13 15 3 5 12 1 2 6 10 7 8 4 11 14 
13 8 5 2 4 9 14 1 6 11 10 15 12 7 3 
4 13 3 1 8 15 10 9 11 12 2 7 6 5 14 
6 13 5 3 10 11 4 14 9 2 1 8 12 7 15 
2 9 12 15 7 5 13 1 6 14 10 4 8 11 3 
11 8 1 13 7 12 9 6 2 4 15 3 10 14 5 
14 12 10 3 5 7 1 4 13 2 8 6 9 15 11 
15 11 12 2 10 13 5 4 6 14 1 7 3 8 9 
1 2 8 10 13 4 12 7 14 9 5 3 11 15 6 
1 13 4 10 3 12 5 2 9 11 6 7 15 8 14 
5 15 10 11 13 4 8 12 2 1 9 3 6 7 14 
12 6 2 9 11 5 1 4 13 8 10 14 7 15 3 
14 6 15 2 9 5 7 8 13 4 1 3 11 10 12 
2 4 5 10 15 11 6 12 8 1 14 9 3 7 13