4011768425,8217370447
15,15,15
18 95 20 58 84 83 97 90 8 13 92 52 62 34 86 
48 24 86 43 20 55 36 98 59 30 61 47 53 95 50 
75 8 86 23 96 50 39 6 76 96 79 63 55 47 85 
46 82 60 49 53 50 34 37 19 59 90 12 69 62 33 
75 11 6 33 7 68 29 95 34 15 34 60 9 70 32 
19 80 63 5 64 62 53 51 10 18 29 25 92 84 50 
43 13 64 3 89 75 70 47 81 87 88 55 53 17 78 
45 58 39 3 64 12 30 96 40 52 8 20 62 81 22 
39 60 25 24 80 12 31 11 12 34 88 78 67 15 33 
83 51 35 13 78 61 27 60 51 17 92 67 28 92 56 
69 46 1 61 48 28 39 21 13 13 22 54 78 65 92 
39 67 17 66 37 47 38 73 80 90 55 72 26 41 80 
27 96 81 36 24 66 34 58 89 71 38 98 59 40 71 
35 7 77 51 48 94 11 83 62 25 31 33 51 45 82 
48 88 87 32 20 29 20 94 71 96 90 27 52 73 93 
MACHINES
9 4 7 8 15 6 5 3 10 1 12 2 11 14 13 
6 8 7 2 15 4 12 5 9 13 11 1 14 3 10 
6 4 3 8 13 9 7 15 10 5 2 12 11 1 14 
3 4 13 14 10 2 11 5 6 7 8 1 15 12 9 
7 13 2 14 3 11 12 4 6 9 10 1 8 15 5 
10 6 8 2 1 14 5 15 11 9 7 12 4 13 3 
3 14 12 4 15 5 2 13 9 7 6 8 1 11 10 
2 10 4 9 5 8 12 11 13 7 6 3 14 1 15 
9 3 8 2 14 7 12 11 10 6 5 4 13 15 1 
1 13 7 9 11 6 15 12 10 2 14 8 5 3 4 
2 3 6 4 9 12 15 7 8 5 1 11 14 13 10 
14 15 7 9 4 8 2 5 12 1 6 3 11 10 13 
8 10 14 2 7 6 1 5 13 4 9 11 12 15 3 
10 2 13 5 3 12 9 15 8 14 4 7 1 6 11 
13 12 7 3 11 4 6 14 1 8 10 5 15 9 2