372843606,3248505338
15,15,15
1 93 57 82 64 59 89 53 45 85 86 31 54 59 82 
59 77 99 15 38 57 10 28 79 65 73 53 65 34 1 
14 53 89 15 28 70 80 33 7 3 57 62 48 36 89 
75 42 74 76 82 48 75 5 18 4 37 74 56 54 33 
49 72 86 36 58 2 39 35 16 50 21 40 30 24 21 
56 96 44 67 48 76 83 29 89 21 53 70 20 2 26 
39 47 95 59 21 86 82 25 50 8 76 32 93 14 11 
50 41 54 85 60 45 86 40 96 38 6 84 63 22 42 
33 79 71 33 16 44 56 96 42 48 73 6 51 43 50 
32 65 78 78 45 69 69 97 49 76 24 57 66 46 18 
34 10 19 43 80 71 40 78 36 92 82 46 47 20 19 
58 91 93 82 25 75 22 91 1 64 30 35 17 18 88 
85 19 15 69 54 90 74 10 56 26 88 24 14 43 90 
79 99 40 43 44 2 83 44 9 76 19 51 3 35 66 
2 17 82 3 59 57 43 62 91 74 97 86 30 22 88 
MACHINES
1 5 3 4 15 11 10 8 12 14 13 9 6 7 2 
3 9 2 13 14 7 12 10 5 1 4 11 15 8 6 
1 10 2 9 6 3 15 4 12 8 7 11 5 14 13 
11 15 3 8 7 2 6 10 13 12 1 9 5 14 4 
2 7 9 6 14 11 5 13 8 10 1 4 12 3 15 
3 4 2 10 11 9 13 15 6 7 5 14 12 8 1 
6 3 13 4 12 10 11 1 15 5 14 9 2 7 8 
1 12 15 3 6 13 9 14 2 4 5 7 10 11 8 
4 1 3 6 2 12 8 5 15 9 10 11 7 14 13 
13 10 15 3 5 6 7 14 1 11 2 4 9 12 8 
9 15 5 10 11 4 1 3 14 13 2 6 8 12 7 
12 8 1 3 13 7 10 4 9 15 6 11 5 14 2 
8 3 14 4 5 13 15 10 12 9 7 11 2 6 1 
15 13 10 1 11 7 6 14 4 8 2 5 9 12 3 
10 9 2 11 4 12 7 15 8 14 1 13 3 6 5