2030328206,3502335638
15,15,15
57 16 19 41 35 54 94 27 92 4 24 85 63 78 68 
57 28 91 80 58 71 70 23 38 33 43 35 3 88 95 
64 60 1 89 87 78 29 90 94 42 2 53 80 95 18 
23 41 60 44 84 89 98 87 92 51 99 3 7 74 76 
32 45 87 53 87 16 50 28 6 39 29 8 79 68 8 
65 93 6 30 65 43 73 66 53 14 16 4 39 27 81 
34 75 67 41 20 7 43 31 51 96 7 34 36 72 1 
63 82 93 37 76 75 93 97 9 45 52 3 47 73 43 
77 71 33 64 11 64 43 52 23 31 61 93 77 28 49 
96 85 27 49 76 21 73 18 95 54 71 70 25 87 78 
63 1 50 27 30 47 70 37 64 39 69 96 95 63 99 
33 22 13 46 16 6 95 6 13 69 58 85 65 94 40 
37 83 36 23 21 82 28 91 15 67 12 81 87 90 43 
56 33 43 50 56 88 15 79 17 7 81 66 67 34 75 
72 58 73 66 95 10 24 2 73 34 28 47 92 54 56 
MACHINES
2 7 6 10 8 15 9 13 1 5 3 11 14 4 12 
4 15 10 8 7 11 5 13 9 14 3 6 12 2 1 
10 9 13 15 7 1 12 4 2 8 3 6 11 5 14 
5 2 1 10 8 3 4 7 15 9 13 11 6 12 14 
1 12 7 5 3 2 14 13 11 8 10 6 4 15 9 
9 1 13 3 12 7 8 11 4 5 10 2 14 6 15 
3 13 2 4 11 8 12 15 10 1 14 9 6 5 7 
9 4 13 6 14 5 11 3 12 2 15 8 10 7 1 
15 8 2 4 3 11 9 14 7 13 1 12 6 10 5 
3 15 2 6 12 11 5 14 4 8 10 7 1 13 9 
12 15 7 6 1 10 8 13 5 4 3 9 2 14 11 
9 8 7 1 4 13 11 6 5 14 15 3 10 2 12 
11 4 5 13 3 12 1 2 14 7 10 8 15 6 9 
9 13 10 3 15 8 4 2 7 6 14 1 5 12 11 
11 10 13 12 9 4 15 7 8 2 14 5 6 1 3