4332751422,1540154525
15,15,15
81 62 10 8 47 61 54 55 27 17 99 80 93 47 13 
66 83 33 47 57 68 59 61 58 32 16 64 77 85 92 
28 77 79 56 32 63 3 69 77 87 51 35 29 19 3 
53 23 38 33 18 53 61 96 5 55 17 93 63 91 13 
71 31 3 95 38 62 11 61 21 90 74 52 51 29 51 
91 82 15 75 86 86 51 91 39 79 75 13 89 87 65 
23 27 60 8 92 87 43 19 51 84 27 42 59 15 29 
65 33 38 23 96 46 33 37 51 51 44 80 29 82 56 
73 30 98 15 90 88 64 57 52 8 93 76 27 22 74 
43 51 63 70 16 98 28 93 83 73 85 72 24 89 67 
45 1 22 50 85 72 82 95 85 51 53 35 13 68 1 
53 60 26 74 37 37 36 25 82 39 40 57 97 63 89 
8 33 21 47 49 84 9 46 55 68 77 57 99 39 25 
56 65 89 16 13 96 55 33 12 72 38 37 88 30 83 
49 52 37 1 30 17 85 75 9 15 50 2 63 40 39 
MACHINES
11 10 5 7 2 15 14 3 1 8 13 4 9 12 6 
14 5 6 4 12 10 7 1 13 3 2 11 15 9 8 
12 6 9 7 2 5 1 4 11 10 15 3 13 14 8 
11 2 8 7 9 13 3 6 10 15 12 1 4 14 5 
4 10 11 9 14 8 6 2 5 12 15 7 13 1 3 
8 2 11 1 6 14 10 7 4 5 3 13 15 9 12 
3 5 1 7 4 11 12 13 6 9 10 14 8 15 2 
9 11 6 3 2 8 1 4 7 13 10 14 12 15 5 
8 12 6 2 7 9 4 5 10 1 14 15 13 3 11 
12 3 14 10 15 8 4 5 13 9 11 7 1 2 6 
14 13 4 11 10 9 5 2 8 15 1 12 3 7 6 
14 13 1 2 7 8 10 9 3 15 6 5 11 12 4 
1 8 13 3 15 10 7 14 12 11 6 2 5 4 9 
7 9 3 4 11 6 15 1 14 10 13 12 5 8 2 
6 1 3 13 8 11 9 14 2 5 7 4 10 15 12