1393392374,840612802
10,10,10
94 66 10 53 26 15 65 82 10 27 
93 92 96 70 83 74 31 88 51 57 
78 8 7 91 79 18 51 18 99 33 
4 82 40 86 50 54 21 6 54 68 
82 20 39 35 68 73 23 30 30 53 
94 58 93 32 91 30 56 27 92 9 
78 23 21 60 36 29 95 99 79 76 
93 42 52 42 96 29 61 88 70 16 
31 65 83 78 26 50 87 62 14 30 
18 75 20 4 91 68 19 54 85 73 
MACHINES
3 10 8 5 9 1 6 4 2 7 
2 8 5 3 1 10 9 6 4 7 
1 2 7 5 3 4 8 6 9 10 
1 10 2 7 8 5 3 4 9 6 
3 9 6 1 8 10 5 7 2 4 
3 1 7 9 2 5 8 6 4 10 
10 2 1 5 9 4 6 3 7 8 
5 7 6 10 8 9 4 2 1 3 
3 4 10 7 5 8 1 9 2 6 
3 5 9 7 2 8 4 1 6 10 
