386720536,938376228
10,10,10
8 48 10 76 64 35 51 34 1 4 
90 98 9 67 44 39 46 93 12 71 
95 32 50 32 97 73 30 26 33 13 
19 47 22 34 36 2 3 63 64 78 
64 40 1 77 65 67 25 20 95 69 
45 64 19 85 14 66 73 22 88 24 
44 91 39 93 46 38 79 65 91 2 
94 87 60 29 9 33 69 72 91 37 
68 28 67 68 47 84 70 84 53 16 
41 42 42 64 89 34 10 67 7 50 
MACHINES
7 10 4 9 8 2 1 5 3 6 
10 9 3 4 5 2 6 1 8 7 
9 5 3 10 7 2 4 1 8 6 
5 6 2 1 10 4 7 9 3 8 
3 4 7 6 1 9 2 10 8 5 
4 1 6 8 7 9 5 2 3 10 
8 4 10 2 7 5 1 3 6 9 
1 5 2 10 3 7 6 8 4 9 
1 4 10 2 6 5 3 7 8 9 
4 8 9 5 7 1 2 3 10 6 
