316176388,1314640371
10,10,10
86 60 10 59 65 94 71 25 98 49 
43 8 90 21 73 68 28 38 36 93 
35 37 28 62 86 65 11 20 82 23 
33 67 96 91 83 81 60 88 20 62 
22 79 38 40 82 13 14 73 88 24 
16 78 70 53 68 73 90 58 7 4 
93 52 63 13 19 41 71 59 19 60 
85 99 73 95 19 62 60 93 16 10 
72 88 69 58 41 46 63 76 83 62 
50 68 90 34 44 5 8 25 70 53 
MACHINES
6 8 7 4 9 5 10 2 3 1 
7 5 8 4 3 10 1 6 2 9 
5 7 2 1 4 9 10 6 8 3 
2 3 7 1 8 6 5 4 10 9 
6 1 5 9 4 10 3 7 8 2 
3 10 7 9 1 5 2 4 6 8 
2 6 4 10 1 5 3 7 9 8 
7 9 2 4 1 5 10 8 6 3 
10 7 6 2 5 1 9 4 8 3 
4 3 5 2 7 10 9 1 8 6 
