1374316395,2033800800
10,10,10
28 75 76 23 66 32 10 26 63 52 
1 5 69 5 13 96 26 28 24 14 
84 81 42 33 85 40 40 66 76 93 
31 87 48 95 73 69 48 46 53 79 
17 15 23 87 55 89 98 86 57 94 
44 85 44 73 33 41 78 71 49 81 
91 94 69 96 73 10 70 20 78 17 
95 96 10 56 10 34 88 15 64 35 
51 19 54 33 17 94 19 77 86 98 
32 15 27 24 4 73 81 72 74 47 
MACHINES
10 9 6 1 5 2 8 3 4 7 
7 10 9 6 8 4 1 3 2 5 
4 1 7 5 8 6 3 10 9 2 
1 3 2 6 5 7 10 8 4 9 
7 4 9 6 10 3 2 1 8 5 
10 2 7 9 6 8 1 3 5 4 
6 10 4 8 3 2 9 1 7 5 
5 2 10 7 4 3 6 1 8 9 
9 2 3 8 5 4 6 1 7 10 
7 1 5 4 9 10 2 3 6 8 
