1735817385,840612802
10,10,10
94 66 10 53 26 15 65 82 10 27 
93 92 96 70 83 74 31 88 51 57 
78 8 7 91 79 18 51 18 99 33 
4 82 40 86 50 54 21 6 54 68 
82 20 39 35 68 73 23 30 30 53 
94 58 93 32 91 30 56 27 92 9 
78 23 21 60 36 29 95 99 79 76 
93 42 52 42 96 29 61 88 70 16 
31 65 83 78 26 50 87 62 14 30 
18 75 20 4 91 68 19 54 85 73 
MACHINES
2 5 6 8 10 7 9 3 1 4 
3 8 1 7 2 5 10 9 6 4 
5 7 3 1 4 9 2 8 10 6 
5 2 4 3 1 6 9 10 8 7 
4 6 3 7 9 1 5 2 8 10 
10 2 8 3 1 7 9 5 6 4 
1 9 4 8 2 3 5 6 10 7 
10 9 3 7 8 4 1 2 5 6 
4 5 8 3 9 7 6 1 10 2 
1 9 10 8 5 4 2 7 6 3 
