1787167667,2033800800
15,10,10
28 75 76 23 66 32 10 26 63 52 
1 5 69 5 13 96 26 28 24 14 
84 81 42 33 85 40 40 66 76 93 
31 87 48 95 73 69 48 46 53 79 
17 15 23 87 55 89 98 86 57 94 
44 85 44 73 33 41 78 71 49 81 
91 94 69 96 73 10 70 20 78 17 
95 96 10 56 10 34 88 15 64 35 
51 19 54 33 17 94 19 77 86 98 
32 15 27 24 4 73 81 72 74 47 
35 39 91 91 37 60 51 10 48 89 
89 6 23 19 61 56 18 9 10 54 
48 61 82 34 74 82 81 68 8 45 
27 17 42 63 7 82 66 16 95 68 
18 56 61 63 10 51 62 71 30 23 
MACHINES
1 10 9 5 3 6 7 8 2 4 
2 9 10 4 8 1 3 6 5 7 
10 2 8 3 4 6 5 7 9 1 
9 5 6 2 7 3 8 1 4 10 
9 8 6 4 3 10 1 5 7 2 
10 1 2 6 3 5 8 9 4 7 
5 8 4 1 7 9 3 2 6 10 
5 6 7 9 4 8 10 2 1 3 
2 9 8 7 10 3 1 5 6 4 
9 4 10 3 6 5 8 7 1 2 
5 9 10 8 2 1 7 4 3 6 
6 3 4 7 1 10 9 2 5 8 
7 5 9 3 10 4 8 1 6 2 
4 6 8 5 10 2 7 3 9 1 
9 5 3 8 6 2 7 4 10 1 
