398197754,1004528509
15,10,10
81 20 70 18 64 97 19 84 72 14 
10 78 16 64 54 43 11 52 98 20 
45 77 88 77 88 30 59 21 68 36 
56 37 41 19 3 77 34 64 26 19 
42 3 90 66 48 62 61 77 31 63 
38 60 34 40 99 77 36 13 71 65 
1 22 45 71 70 84 2 61 89 56 
38 20 71 49 53 5 2 48 38 97 
35 83 30 22 70 92 65 21 99 92 
54 27 74 82 71 22 3 95 93 83 
46 51 31 54 38 79 56 60 6 75 
76 91 20 7 98 48 22 99 23 90 
22 67 67 8 33 28 75 2 57 19 
34 59 24 23 8 80 25 84 8 45 
19 91 40 83 7 28 56 45 23 86 
MACHINES
5 9 4 6 7 1 2 3 8 10 
10 8 6 9 1 7 2 4 5 3 
4 7 5 2 6 9 10 8 1 3 
2 6 7 9 1 4 10 5 8 3 
4 3 6 7 5 1 2 9 8 10 
1 9 6 3 10 7 4 8 5 2 
6 1 5 8 3 4 7 10 2 9 
6 7 2 10 3 5 1 4 8 9 
7 10 3 8 9 6 1 5 2 4 
9 3 6 2 10 4 8 1 5 7 
3 1 5 2 8 9 4 10 6 7 
9 10 1 7 4 8 3 5 2 6 
7 8 5 10 2 9 1 6 4 3 
5 4 3 2 7 8 9 1 10 6 
2 9 5 6 3 7 8 10 4 1 
