1868311537,666128954
15,10,10
37 23 91 63 58 75 99 75 28 9 
73 61 81 82 4 72 20 73 39 76 
48 52 4 99 68 45 49 36 44 23 
62 91 15 86 83 72 49 80 1 59 
46 41 86 35 71 18 8 16 90 16 
63 91 79 97 87 25 45 22 71 16 
13 15 70 39 6 47 21 36 46 33 
32 25 80 77 25 56 38 68 92 10 
32 52 25 66 69 46 62 74 50 24 
45 93 2 39 43 74 65 4 85 77 
23 24 60 89 54 19 61 83 65 29 
72 83 74 75 85 31 68 5 21 53 
78 65 5 14 48 92 1 44 52 33 
98 43 98 68 3 26 24 18 10 57 
15 21 58 13 78 6 1 29 46 75 
MACHINES
1 3 10 2 6 4 7 9 8 5 
9 5 10 3 8 7 2 6 4 1 
7 9 2 1 3 4 8 5 10 6 
10 2 1 7 5 8 4 9 3 6 
1 5 3 10 9 2 4 8 6 7 
6 3 8 1 9 2 5 7 10 4 
4 10 1 8 9 3 6 7 2 5 
9 10 4 7 3 6 2 1 5 8 
6 7 5 10 1 9 4 2 3 8 
8 2 7 3 10 5 6 1 4 9 
5 10 4 8 3 7 6 9 1 2 
9 8 10 3 4 1 6 5 7 2 
8 5 3 7 6 1 10 9 2 4 
3 9 4 10 5 8 2 6 7 1 
3 2 1 9 6 4 7 5 8 10 
