1806358582,1314640371
15,10,10
86 60 10 59 65 94 71 25 98 49 
43 8 90 21 73 68 28 38 36 93 
35 37 28 62 86 65 11 20 82 23 
33 67 96 91 83 81 60 88 20 62 
22 79 38 40 82 13 14 73 88 24 
16 78 70 53 68 73 90 58 7 4 
93 52 63 13 19 41 71 59 19 60 
85 99 73 95 19 62 60 93 16 10 
72 88 69 58 41 46 63 76 83 62 
50 68 90 34 44 5 8 25 70 53 
78 92 62 85 70 60 64 92 44 63 
91 21 1 96 19 59 12 41 11 94 
93 46 51 37 91 90 63 40 68 13 
16 83 49 24 23 5 35 21 14 66 
3 6 98 63 64 76 94 17 62 37 
MACHINES
3 6 5 10 8 7 2 1 9 4 
9 4 5 7 6 3 1 10 2 8 
9 1 6 5 7 8 2 4 3 10 
6 3 1 8 2 7 4 10 9 5 
1 8 9 3 10 2 4 6 5 7 
1 7 9 5 8 4 2 10 3 6 
1 8 5 3 7 4 9 6 10 2 
8 9 2 1 10 3 7 5 4 6 
7 2 5 8 9 3 6 10 1 4 
10 6 8 1 9 7 3 5 4 2 
5 4 3 6 9 8 7 10 1 2 
7 9 8 2 10 3 6 5 1 4 
5 4 10 8 2 7 3 1 9 6 
8 5 3 7 2 6 10 9 1 4 
1 10 5 9 2 6 7 3 4 8 
