1868311537,1806968543
15,10,10
1 39 13 63 74 89 62 34 72 33 
20 5 75 19 78 58 68 32 80 54 
98 43 21 24 28 50 66 54 74 81 
73 25 57 18 52 35 26 71 60 54 
18 11 47 50 76 1 28 11 31 81 
99 36 98 68 21 34 72 23 71 70 
18 3 31 86 61 74 44 86 85 98 
54 52 95 70 15 61 16 8 81 66 
91 9 6 52 63 58 94 90 39 26 
72 82 31 90 96 8 56 9 4 28 
88 60 45 35 2 63 42 39 76 42 
46 16 24 89 57 77 44 79 2 36 
6 31 57 36 5 51 56 36 79 69 
43 73 55 16 4 51 35 4 94 38 
29 10 77 41 60 81 77 99 46 43 
MACHINES
1 3 10 2 6 4 7 9 8 5 
9 5 10 3 8 7 2 6 4 1 
7 9 2 1 3 4 8 5 10 6 
10 2 1 7 5 8 4 9 3 6 
1 5 3 10 9 2 4 8 6 7 
6 3 8 1 9 2 5 7 10 4 
4 10 1 8 9 3 6 7 2 5 
9 10 4 7 3 6 2 1 5 8 
6 7 5 10 1 9 4 2 3 8 
8 2 7 3 10 5 6 1 4 9 
5 10 4 8 3 7 6 9 1 2 
9 8 10 3 4 1 6 5 7 2 
8 5 3 7 6 1 10 9 2 4 
3 9 4 10 5 8 2 6 7 1 
3 2 1 9 6 4 7 5 8 10 
