316176388,666128954
15,10,10
37 23 91 63 58 75 99 75 28 9 
73 61 81 82 4 72 20 73 39 76 
48 52 4 99 68 45 49 36 44 23 
62 91 15 86 83 72 49 80 1 59 
46 41 86 35 71 18 8 16 90 16 
63 91 79 97 87 25 45 22 71 16 
13 15 70 39 6 47 21 36 46 33 
32 25 80 77 25 56 38 68 92 10 
32 52 25 66 69 46 62 74 50 24 
45 93 2 39 43 74 65 4 85 77 
23 24 60 89 54 19 61 83 65 29 
72 83 74 75 85 31 68 5 21 53 
78 65 5 14 48 92 1 44 52 33 
98 43 98 68 3 26 24 18 10 57 
15 21 58 13 78 6 1 29 46 75 
MACHINES
6 8 7 4 9 5 10 2 3 1 
7 5 8 4 3 10 1 6 2 9 
5 7 2 1 4 9 10 6 8 3 
2 3 7 1 8 6 5 4 10 9 
6 1 5 9 4 10 3 7 8 2 
3 10 7 9 1 5 2 4 6 8 
2 6 4 10 1 5 3 7 9 8 
7 9 2 4 1 5 10 8 6 3 
10 7 6 2 5 1 9 4 8 3 
4 3 5 2 7 10 9 1 8 6 
3 6 4 2 5 7 8 10 9 1 
4 6 10 7 3 1 2 9 8 5 
10 8 1 7 2 6 5 3 9 4 
8 2 3 9 7 4 6 1 10 5 
9 1 5 2 10 4 7 6 3 8 
