2092186050,1667495107
15,10,10
43 12 58 80 55 83 35 69 93 53 
74 91 73 15 85 56 2 84 58 1 
65 48 11 33 63 36 36 1 7 31 
64 74 75 37 89 3 45 21 23 83 
97 64 32 66 52 17 84 3 21 56 
65 60 73 9 11 97 64 59 73 84 
1 36 16 36 15 18 55 26 40 7 
60 22 22 20 93 57 79 78 11 11 
66 40 24 13 87 97 27 96 87 48 
76 52 58 5 55 10 58 77 70 94 
23 45 14 75 63 96 61 69 5 44 
65 99 37 79 92 76 12 1 8 99 
16 85 91 42 42 95 60 9 83 46 
9 33 25 62 65 51 44 14 4 75 
83 29 90 98 8 53 96 1 24 70 
MACHINES
3 5 6 9 2 1 10 4 8 7 
7 9 4 6 5 3 10 1 8 2 
9 4 10 8 6 3 1 5 7 2 
6 10 3 7 8 1 5 2 9 4 
3 4 6 8 7 5 10 1 9 2 
7 5 4 6 10 2 3 9 1 8 
9 4 3 10 5 7 8 2 1 6 
9 4 5 6 3 10 1 8 7 2 
6 10 4 5 3 9 1 7 2 8 
6 9 5 8 1 2 3 10 7 4 
3 10 1 7 8 9 5 2 6 4 
8 6 9 3 4 10 2 5 1 7 
1 4 5 2 9 7 6 8 10 3 
9 7 6 8 10 4 5 1 2 3 
9 8 10 2 5 6 4 1 3 7 
