1501949241,44531661
15,10,10
52 19 6 20 1 26 90 44 27 18 
51 80 10 51 41 44 85 2 78 86 
88 61 20 56 12 69 34 55 34 84 
62 72 74 63 95 29 24 34 89 83 
90 26 98 65 31 10 15 93 79 77 
61 1 48 22 27 21 17 45 96 11 
83 52 70 78 7 28 97 52 29 81 
60 91 80 54 35 3 31 98 97 77 
39 41 10 9 93 7 49 20 45 59 
28 93 4 51 67 5 18 52 47 21 
49 63 96 85 90 25 82 58 15 67 
50 66 92 56 82 57 16 34 99 61 
82 31 22 16 87 48 59 63 29 99 
48 36 91 61 59 28 25 69 65 62 
57 97 31 15 25 83 98 55 66 31 
MACHINES
9 2 4 7 10 1 6 8 3 5 
3 9 10 5 6 7 4 1 8 2 
5 2 8 4 10 3 1 6 9 7 
5 3 8 6 10 1 4 2 9 7 
8 7 6 2 10 9 1 4 5 3 
9 1 4 3 10 7 6 8 2 5 
5 9 10 2 6 1 4 7 3 8 
10 7 8 6 1 2 3 4 9 5 
9 8 10 4 2 1 5 6 3 7 
7 8 5 1 2 6 9 3 10 4 
3 6 5 7 10 4 9 8 2 1 
4 2 10 1 3 5 7 8 6 9 
1 3 6 2 8 9 10 5 7 4 
8 6 7 1 3 10 4 9 2 5 
10 8 9 6 4 7 5 1 2 3 
