1501949241,425990073
15,10,10
95 97 36 18 36 77 50 30 51 97 
98 26 45 88 81 3 12 90 6 64 
73 87 9 31 46 43 53 49 39 51 
4 57 93 66 75 95 71 13 21 2 
91 15 88 14 22 58 67 29 65 55 
38 45 36 96 76 46 51 4 59 32 
84 76 28 89 33 10 6 51 3 93 
86 68 33 82 91 87 23 87 14 10 
17 50 23 2 4 54 59 18 83 16 
29 19 14 88 18 55 53 73 46 61 
77 96 10 61 26 60 22 24 84 30 
87 98 99 71 24 1 59 34 32 80 
16 12 23 48 9 19 4 24 40 35 
91 24 1 34 80 66 91 85 47 90 
86 72 19 77 9 66 79 23 32 53 
MACHINES
9 2 4 7 10 1 6 8 3 5 
3 9 10 5 6 7 4 1 8 2 
5 2 8 4 10 3 1 6 9 7 
5 3 8 6 10 1 4 2 9 7 
8 7 6 2 10 9 1 4 5 3 
9 1 4 3 10 7 6 8 2 5 
5 9 10 2 6 1 4 7 3 8 
10 7 8 6 1 2 3 4 9 5 
9 8 10 4 2 1 5 6 3 7 
7 8 5 1 2 6 9 3 10 4 
3 6 5 7 10 4 9 8 2 1 
4 2 10 1 3 5 7 8 6 9 
1 3 6 2 8 9 10 5 7 4 
8 6 7 1 3 10 4 9 2 5 
10 8 9 6 4 7 5 1 2 3 
