1750328066,1561423441
15,10,10
28 78 22 21 10 16 53 19 46 85 
47 98 8 78 16 57 71 40 73 51 
80 72 36 23 83 6 18 25 23 77 
56 85 47 32 9 81 58 78 68 38 
81 85 65 16 86 47 99 97 70 70 
58 39 42 54 22 82 29 78 65 72 
35 38 43 78 58 24 27 93 43 79 
88 60 5 70 33 16 42 19 63 67 
48 15 72 36 11 82 48 75 55 42 
51 56 43 33 6 61 72 29 94 3 
40 62 40 10 56 80 34 90 1 74 
22 86 65 18 60 23 82 39 10 4 
56 55 25 76 47 19 51 33 41 80 
82 18 2 60 27 6 55 69 66 82 
44 36 44 96 24 33 53 82 25 59 
MACHINES
8 4 5 6 2 3 7 10 9 1 
6 10 4 1 3 2 8 9 7 5 
3 5 4 6 10 1 8 9 2 7 
7 8 9 1 4 5 6 10 3 2 
9 3 8 2 10 5 1 7 6 4 
2 4 8 1 7 6 5 10 9 3 
6 7 4 10 9 5 1 2 3 8 
9 2 7 10 5 8 1 3 4 6 
2 5 10 3 4 6 8 7 9 1 
6 3 4 8 9 10 7 2 5 1 
5 7 8 4 6 3 1 10 2 9 
4 6 7 1 8 5 10 9 3 2 
10 7 8 6 5 4 2 1 9 3 
3 8 1 2 6 4 10 9 7 5 
2 5 4 1 10 7 8 6 3 9 
