2092186050,302545136
15,10,10
83 1 96 54 30 80 81 9 49 32 
19 92 65 88 64 4 68 79 21 84 
92 66 51 83 96 68 38 38 99 76 
46 57 66 75 88 58 56 35 59 82 
24 96 24 55 80 34 69 53 98 8 
81 81 38 39 3 59 81 30 76 71 
85 80 36 57 96 34 14 3 90 99 
9 42 95 27 27 28 11 66 2 35 
69 61 84 73 56 98 81 72 92 23 
21 5 95 5 22 16 77 85 76 46 
36 89 99 44 37 49 80 61 87 41 
6 83 79 44 83 9 84 99 38 68 
77 51 68 69 6 26 99 6 34 27 
51 82 5 90 1 85 64 55 76 89 
68 34 14 52 33 91 4 18 95 76 
MACHINES
3 5 6 9 2 1 10 4 8 7 
7 9 4 6 5 3 10 1 8 2 
9 4 10 8 6 3 1 5 7 2 
6 10 3 7 8 1 5 2 9 4 
3 4 6 8 7 5 10 1 9 2 
7 5 4 6 10 2 3 9 1 8 
9 4 3 10 5 7 8 2 1 6 
9 4 5 6 3 10 1 8 7 2 
6 10 4 5 3 9 1 7 2 8 
6 9 5 8 1 2 3 10 7 4 
3 10 1 7 8 9 5 2 6 4 
8 6 9 3 4 10 2 5 1 7 
1 4 5 2 9 7 6 8 10 3 
9 7 6 8 10 4 5 1 2 3 
9 8 10 2 5 6 4 1 3 7 
