1544979948,1153780144
15,10,10
91 15 45 26 90 53 7 78 94 8 
19 56 69 66 98 34 1 40 74 43 
73 96 80 87 78 88 90 49 85 3 
88 98 82 46 79 69 95 41 39 12 
1 71 27 77 99 50 1 21 72 46 
20 62 33 79 56 67 23 56 44 56 
15 15 16 79 8 73 86 52 79 62 
93 86 44 80 18 79 63 94 9 86 
89 12 66 55 70 35 14 3 54 62 
42 39 42 9 37 25 78 76 16 38 
30 80 34 92 29 96 25 49 67 53 
20 52 29 51 35 38 18 43 46 98 
73 68 3 98 68 8 15 88 72 20 
89 59 68 63 41 30 43 80 64 14 
6 36 88 71 51 63 32 16 63 7 
MACHINES
6 2 1 10 9 7 5 4 8 3 
8 6 4 7 5 2 9 1 3 10 
2 5 3 1 7 4 6 9 10 8 
4 8 7 10 9 5 6 2 3 1 
7 2 6 9 4 5 10 3 8 1 
1 6 4 9 5 10 7 2 8 3 
6 8 4 9 10 1 5 2 7 3 
3 9 6 10 2 8 7 5 1 4 
6 1 5 7 4 2 10 9 3 8 
2 8 1 9 10 4 3 5 6 7 
3 7 9 1 6 10 8 5 2 4 
3 10 1 8 4 9 6 7 2 5 
6 4 5 1 7 9 10 3 8 2 
1 8 7 10 4 6 2 5 3 9 
7 2 5 9 4 6 1 8 3 10 
