1868311537,73896786
15,10,10
35 78 79 65 53 14 93 70 14 90 
95 49 36 85 1 83 41 22 29 52 
71 16 93 54 63 12 85 62 45 30 
60 43 71 2 50 37 86 81 60 57 
66 24 98 92 69 14 59 35 6 25 
57 1 44 94 30 95 93 51 52 16 
96 39 75 98 2 38 69 32 95 63 
4 11 50 95 78 73 28 43 47 57 
88 33 13 7 49 23 38 21 99 72 
3 80 67 93 91 31 52 64 83 2 
90 64 16 18 25 23 30 22 54 68 
63 89 95 5 37 5 42 17 54 46 
44 59 87 62 51 55 3 40 26 18 
15 18 72 35 60 27 14 77 24 55 
67 59 19 29 33 88 30 91 11 11 
MACHINES
1 3 10 2 6 4 7 9 8 5 
9 5 10 3 8 7 2 6 4 1 
7 9 2 1 3 4 8 5 10 6 
10 2 1 7 5 8 4 9 3 6 
1 5 3 10 9 2 4 8 6 7 
6 3 8 1 9 2 5 7 10 4 
4 10 1 8 9 3 6 7 2 5 
9 10 4 7 3 6 2 1 5 8 
6 7 5 10 1 9 4 2 3 8 
8 2 7 3 10 5 6 1 4 9 
5 10 4 8 3 7 6 9 1 2 
9 8 10 3 4 1 6 5 7 2 
8 5 3 7 6 1 10 9 2 4 
3 9 4 10 5 8 2 6 7 1 
3 2 1 9 6 4 7 5 8 10 
