1111853152,1227221349
15,10,10
69 81 81 62 80 3 38 62 54 66 
88 82 3 12 88 83 51 47 15 89 
76 52 18 22 85 26 30 5 89 22 
62 47 93 54 38 78 71 96 19 33 
44 71 90 9 21 33 82 80 30 96 
31 11 26 41 55 12 10 92 3 75 
36 49 10 43 69 72 19 65 37 57 
32 11 73 89 12 83 32 6 13 87 
94 36 76 46 30 56 62 32 52 72 
29 78 21 27 17 43 14 15 16 49 
72 19 99 38 64 12 74 4 3 15 
62 50 38 49 25 18 55 5 71 27 
69 13 33 47 86 31 97 48 25 40 
94 22 61 59 16 27 4 35 80 49 
46 84 46 96 72 18 23 96 74 23 
MACHINES
8 5 4 9 6 1 10 2 7 3 
7 6 5 4 1 8 3 9 10 2 
7 10 9 6 4 1 3 5 8 2 
8 9 5 3 1 10 6 4 7 2 
7 8 6 2 10 3 1 9 4 5 
8 1 7 10 2 9 4 6 3 5 
2 8 4 5 3 7 6 1 10 9 
6 2 3 5 7 8 9 1 10 4 
6 2 8 3 5 4 10 7 9 1 
7 5 10 8 3 6 9 2 1 4 
9 2 7 8 5 3 10 6 1 4 
3 6 8 5 4 7 9 2 1 10 
7 1 9 8 4 3 6 2 5 10 
6 4 9 1 7 2 5 10 8 3 
1 3 4 6 8 9 10 7 5 2 
