1734077082,1344106948
15,10,10
48 96 51 2 47 67 52 69 83 68 
92 60 26 96 12 22 29 57 16 86 
96 38 87 24 70 6 64 65 90 86 
17 89 31 66 37 91 67 71 62 69 
56 46 72 12 8 29 20 46 12 52 
55 62 37 11 86 97 83 67 60 46 
93 25 53 85 95 44 33 42 44 40 
3 18 93 97 55 29 86 49 80 67 
94 38 53 72 38 6 97 28 39 18 
34 50 73 41 34 82 83 31 84 95 
75 9 8 87 24 11 78 91 84 45 
31 23 68 55 94 67 13 30 40 89 
70 26 49 71 21 60 62 60 91 33 
80 31 10 91 90 54 96 80 97 94 
82 81 1 5 99 2 17 63 79 94 
MACHINES
6 9 5 1 7 10 4 8 2 3 
5 9 8 7 1 3 2 6 10 4 
4 2 1 9 7 6 8 5 10 3 
5 7 6 2 8 3 10 1 4 9 
9 4 3 2 10 5 6 7 1 8 
8 2 4 7 10 3 5 1 6 9 
6 3 9 8 4 5 1 2 10 7 
9 3 8 5 2 10 1 4 6 7 
5 8 3 9 4 6 2 1 7 10 
4 2 3 9 6 5 7 8 10 1 
1 10 3 7 6 4 9 2 5 8 
9 7 5 2 1 6 8 4 3 10 
5 2 1 4 10 7 6 8 3 9 
2 6 1 5 8 7 4 10 9 3 
6 9 4 8 7 5 3 10 2 1 
