1868311537,1561423441
15,10,10
28 78 22 21 10 16 53 19 46 85 
47 98 8 78 16 57 71 40 73 51 
80 72 36 23 83 6 18 25 23 77 
56 85 47 32 9 81 58 78 68 38 
81 85 65 16 86 47 99 97 70 70 
58 39 42 54 22 82 29 78 65 72 
35 38 43 78 58 24 27 93 43 79 
88 60 5 70 33 16 42 19 63 67 
48 15 72 36 11 82 48 75 55 42 
51 56 43 33 6 61 72 29 94 3 
40 62 40 10 56 80 34 90 1 74 
22 86 65 18 60 23 82 39 10 4 
56 55 25 76 47 19 51 33 41 80 
82 18 2 60 27 6 55 69 66 82 
44 36 44 96 24 33 53 82 25 59 
MACHINES
1 3 10 2 6 4 7 9 8 5 
9 5 10 3 8 7 2 6 4 1 
7 9 2 1 3 4 8 5 10 6 
10 2 1 7 5 8 4 9 3 6 
1 5 3 10 9 2 4 8 6 7 
6 3 8 1 9 2 5 7 10 4 
4 10 1 8 9 3 6 7 2 5 
9 10 4 7 3 6 2 1 5 8 
6 7 5 10 1 9 4 2 3 8 
8 2 7 3 10 5 6 1 4 9 
5 10 4 8 3 7 6 9 1 2 
9 8 10 3 4 1 6 5 7 2 
8 5 3 7 6 1 10 9 2 4 
3 9 4 10 5 8 2 6 7 1 
3 2 1 9 6 4 7 5 8 10 
