1734077082,1603221416
15,10,10
40 96 59 95 76 75 23 65 65 16 
71 52 84 99 24 2 88 99 52 68 
13 38 35 57 37 93 38 68 94 71 
87 46 14 87 30 79 62 37 54 1 
97 16 2 51 96 19 15 42 8 72 
15 76 25 78 84 62 70 81 16 97 
68 71 3 68 91 37 73 21 85 79 
51 50 21 30 64 14 1 29 72 6 
31 98 50 83 2 86 33 33 98 59 
21 80 99 70 80 71 47 96 56 78 
53 10 92 1 33 29 85 89 10 30 
38 38 48 16 65 90 73 88 46 47 
37 9 49 23 1 78 39 15 9 41 
35 83 8 61 60 1 73 47 46 10 
37 60 84 26 11 37 79 75 49 51 
MACHINES
6 9 5 1 7 10 4 8 2 3 
5 9 8 7 1 3 2 6 10 4 
4 2 1 9 7 6 8 5 10 3 
5 7 6 2 8 3 10 1 4 9 
9 4 3 2 10 5 6 7 1 8 
8 2 4 7 10 3 5 1 6 9 
6 3 9 8 4 5 1 2 10 7 
9 3 8 5 2 10 1 4 6 7 
5 8 3 9 4 6 2 1 7 10 
4 2 3 9 6 5 7 8 10 1 
1 10 3 7 6 4 9 2 5 8 
9 7 5 2 1 6 8 4 3 10 
5 2 1 4 10 7 6 8 3 9 
2 6 1 5 8 7 4 10 9 3 
6 9 4 8 7 5 3 10 2 1 
