818777384,840612802
15,10,10
94 66 10 53 26 15 65 82 10 27 
93 92 96 70 83 74 31 88 51 57 
78 8 7 91 79 18 51 18 99 33 
4 82 40 86 50 54 21 6 54 68 
82 20 39 35 68 73 23 30 30 53 
94 58 93 32 91 30 56 27 92 9 
78 23 21 60 36 29 95 99 79 76 
93 42 52 42 96 29 61 88 70 16 
31 65 83 78 26 50 87 62 14 30 
18 75 20 4 91 68 19 54 85 73 
43 24 37 87 66 32 52 9 49 61 
35 99 62 6 62 7 80 3 57 7 
85 30 96 91 13 87 82 83 78 56 
85 8 66 88 15 5 59 30 60 41 
17 66 89 78 88 69 45 82 6 13 
MACHINES
1 2 3 5 10 9 4 7 6 8 
8 4 5 3 9 2 10 7 1 6 
1 9 10 4 5 6 2 8 7 3 
2 1 7 6 10 4 9 5 8 3 
5 10 6 9 3 1 7 4 8 2 
1 9 2 7 10 5 4 8 6 3 
4 10 5 2 7 1 8 3 9 6 
3 2 7 8 6 4 10 5 9 1 
6 4 10 7 1 3 5 9 2 8 
6 1 7 5 9 4 8 10 3 2 
6 10 4 2 9 8 7 5 3 1 
9 3 6 1 5 2 7 10 8 4 
9 4 6 3 5 7 8 2 10 1 
10 3 9 7 2 4 8 5 6 1 
10 7 6 2 5 3 8 4 1 9 
