386720536,964467313
15,10,10
28 9 78 34 92 10 59 37 27 82 
21 69 56 54 50 16 9 97 45 22 
1 53 16 98 24 26 8 49 91 52 
35 31 59 99 38 11 67 91 31 9 
20 43 94 90 17 22 37 9 87 77 
84 73 15 59 25 18 13 69 75 26 
17 64 89 52 67 5 75 33 52 41 
31 31 41 84 37 82 65 20 26 67 
23 94 21 46 19 67 8 95 1 31 
80 35 10 44 62 13 51 30 90 72 
58 11 20 44 25 37 46 67 22 99 
11 36 95 24 6 52 18 85 13 80 
50 7 8 45 97 45 21 25 12 58 
58 77 95 1 61 8 80 28 68 22 
50 66 93 7 84 64 89 68 84 75 
MACHINES
7 10 4 9 8 2 1 5 3 6 
10 9 3 4 5 2 6 1 8 7 
9 5 3 10 7 2 4 1 8 6 
5 6 2 1 10 4 7 9 3 8 
3 4 7 6 1 9 2 10 8 5 
4 1 6 8 7 9 5 2 3 10 
8 4 10 2 7 5 1 3 6 9 
1 5 2 10 3 7 6 8 4 9 
1 4 10 2 6 5 3 7 8 9 
4 8 9 5 7 1 2 3 10 6 
5 6 1 3 10 4 2 9 8 7 
2 1 3 5 10 7 4 6 8 9 
8 1 5 9 2 3 6 7 10 4 
3 6 9 10 5 2 4 8 7 1 
10 6 9 7 2 1 4 3 8 5 
