1344077538,1314640371
15,10,10
86 60 10 59 65 94 71 25 98 49 
43 8 90 21 73 68 28 38 36 93 
35 37 28 62 86 65 11 20 82 23 
33 67 96 91 83 81 60 88 20 62 
22 79 38 40 82 13 14 73 88 24 
16 78 70 53 68 73 90 58 7 4 
93 52 63 13 19 41 71 59 19 60 
85 99 73 95 19 62 60 93 16 10 
72 88 69 58 41 46 63 76 83 62 
50 68 90 34 44 5 8 25 70 53 
78 92 62 85 70 60 64 92 44 63 
91 21 1 96 19 59 12 41 11 94 
93 46 51 37 91 90 63 40 68 13 
16 83 49 24 23 5 35 21 14 66 
3 6 98 63 64 76 94 17 62 37 
MACHINES
3 5 4 1 9 6 10 8 7 2 
2 7 1 5 9 4 10 8 3 6 
7 5 3 4 10 6 2 1 9 8 
7 1 2 9 6 8 10 3 4 5 
2 7 5 10 4 9 3 8 1 6 
10 6 2 4 1 5 8 9 3 7 
1 4 6 2 9 8 7 10 3 5 
3 6 10 8 9 1 5 7 2 4 
9 5 1 2 6 4 3 10 7 8 
1 7 6 4 9 8 5 2 3 10 
7 1 4 5 2 9 3 10 8 6 
2 10 5 1 3 7 8 6 4 9 
7 1 5 6 9 10 2 4 8 3 
5 4 8 7 1 3 9 10 6 2 
8 4 1 10 2 6 7 5 3 9 
