1735817385,1357584978
15,10,10
96 23 71 26 28 16 27 71 18 57 
43 5 12 91 63 32 81 95 79 55 
45 60 73 23 44 92 20 5 72 73 
63 93 63 79 10 66 27 93 24 26 
8 69 29 66 97 80 87 68 23 54 
16 68 32 74 3 2 71 4 67 28 
46 96 11 41 93 2 98 10 43 65 
27 57 75 87 81 5 91 92 87 66 
36 67 88 92 27 13 7 95 66 13 
90 33 78 76 93 67 82 94 12 5 
85 42 4 2 70 79 24 41 83 45 
29 3 42 5 44 83 59 60 78 44 
19 55 20 74 66 37 55 63 40 73 
55 84 54 62 6 27 59 6 90 6 
37 64 35 25 59 77 30 1 7 70 
MACHINES
2 5 6 8 10 7 9 3 1 4 
3 8 1 7 2 5 10 9 6 4 
5 7 3 1 4 9 2 8 10 6 
5 2 4 3 1 6 9 10 8 7 
4 6 3 7 9 1 5 2 8 10 
10 2 8 3 1 7 9 5 6 4 
1 9 4 8 2 3 5 6 10 7 
10 9 3 7 8 4 1 2 5 6 
4 5 8 3 9 7 6 1 10 2 
1 9 10 8 5 4 2 7 6 3 
9 10 8 3 4 2 6 1 7 5 
1 6 4 8 10 7 2 3 9 5 
3 7 6 10 9 8 5 4 2 1 
7 3 10 4 5 9 1 8 2 6 
4 8 10 5 6 7 3 1 2 9 
