1868311537,302545136
15,10,10
83 1 96 54 30 80 81 9 49 32 
19 92 65 88 64 4 68 79 21 84 
92 66 51 83 96 68 38 38 99 76 
46 57 66 75 88 58 56 35 59 82 
24 96 24 55 80 34 69 53 98 8 
81 81 38 39 3 59 81 30 76 71 
85 80 36 57 96 34 14 3 90 99 
9 42 95 27 27 28 11 66 2 35 
69 61 84 73 56 98 81 72 92 23 
21 5 95 5 22 16 77 85 76 46 
36 89 99 44 37 49 80 61 87 41 
6 83 79 44 83 9 84 99 38 68 
77 51 68 69 6 26 99 6 34 27 
51 82 5 90 1 85 64 55 76 89 
68 34 14 52 33 91 4 18 95 76 
MACHINES
1 3 10 2 6 4 7 9 8 5 
9 5 10 3 8 7 2 6 4 1 
7 9 2 1 3 4 8 5 10 6 
10 2 1 7 5 8 4 9 3 6 
1 5 3 10 9 2 4 8 6 7 
6 3 8 1 9 2 5 7 10 4 
4 10 1 8 9 3 6 7 2 5 
9 10 4 7 3 6 2 1 5 8 
6 7 5 10 1 9 4 2 3 8 
8 2 7 3 10 5 6 1 4 9 
5 10 4 8 3 7 6 9 1 2 
9 8 10 3 4 1 6 5 7 2 
8 5 3 7 6 1 10 9 2 4 
3 9 4 10 5 8 2 6 7 1 
3 2 1 9 6 4 7 5 8 10 
