818777384,1357584978
15,10,10
96 23 71 26 28 16 27 71 18 57 
43 5 12 91 63 32 81 95 79 55 
45 60 73 23 44 92 20 5 72 73 
63 93 63 79 10 66 27 93 24 26 
8 69 29 66 97 80 87 68 23 54 
16 68 32 74 3 2 71 4 67 28 
46 96 11 41 93 2 98 10 43 65 
27 57 75 87 81 5 91 92 87 66 
36 67 88 92 27 13 7 95 66 13 
90 33 78 76 93 67 82 94 12 5 
85 42 4 2 70 79 24 41 83 45 
29 3 42 5 44 83 59 60 78 44 
19 55 20 74 66 37 55 63 40 73 
55 84 54 62 6 27 59 6 90 6 
37 64 35 25 59 77 30 1 7 70 
MACHINES
1 2 3 5 10 9 4 7 6 8 
8 4 5 3 9 2 10 7 1 6 
1 9 10 4 5 6 2 8 7 3 
2 1 7 6 10 4 9 5 8 3 
5 10 6 9 3 1 7 4 8 2 
1 9 2 7 10 5 4 8 6 3 
4 10 5 2 7 1 8 3 9 6 
3 2 7 8 6 4 10 5 9 1 
6 4 10 7 1 3 5 9 2 8 
6 1 7 5 9 4 8 10 3 2 
6 10 4 2 9 8 7 5 3 1 
9 3 6 1 5 2 7 10 8 4 
9 4 6 3 5 7 8 2 10 1 
10 3 9 7 2 4 8 5 6 1 
10 7 6 2 5 3 8 4 1 9 
