344628625,342269428
15,10,10
72 51 42 31 61 46 88 33 27 85 
70 56 70 50 25 19 79 79 47 40 
67 43 65 84 61 30 56 19 91 68 
94 7 2 95 60 82 76 36 8 85 
7 44 2 72 91 58 67 84 34 19 
19 94 41 98 96 25 40 74 88 74 
45 60 8 29 32 42 25 4 71 79 
93 28 30 17 43 84 56 46 93 66 
84 40 4 15 15 54 39 77 55 31 
65 91 17 47 77 68 62 22 72 47 
38 7 11 22 63 12 21 60 42 22 
84 60 52 25 53 53 56 29 83 32 
48 28 70 26 68 4 19 92 24 54 
57 47 84 85 95 36 34 65 64 30 
41 53 74 44 13 41 6 32 94 37 
MACHINES
2 1 4 6 7 5 8 10 9 3 
7 2 8 10 9 1 3 6 4 5 
4 6 7 9 10 2 5 3 1 8 
2 5 1 4 9 6 10 7 8 3 
5 3 1 7 8 10 2 4 6 9 
4 1 2 6 9 8 5 10 3 7 
4 6 7 9 3 1 2 10 5 8 
7 4 9 1 10 6 3 2 8 5 
10 2 3 9 6 8 7 4 1 5 
4 6 5 3 1 10 8 9 7 2 
4 1 8 6 7 3 2 10 5 9 
1 5 3 7 2 10 9 8 4 6 
7 9 5 8 3 1 2 10 6 4 
3 5 9 1 10 2 6 8 7 4 
9 3 2 5 8 4 10 1 7 6 
