344628625,1153780144
15,10,10
91 15 45 26 90 53 7 78 94 8 
19 56 69 66 98 34 1 40 74 43 
73 96 80 87 78 88 90 49 85 3 
88 98 82 46 79 69 95 41 39 12 
1 71 27 77 99 50 1 21 72 46 
20 62 33 79 56 67 23 56 44 56 
15 15 16 79 8 73 86 52 79 62 
93 86 44 80 18 79 63 94 9 86 
89 12 66 55 70 35 14 3 54 62 
42 39 42 9 37 25 78 76 16 38 
30 80 34 92 29 96 25 49 67 53 
20 52 29 51 35 38 18 43 46 98 
73 68 3 98 68 8 15 88 72 20 
89 59 68 63 41 30 43 80 64 14 
6 36 88 71 51 63 32 16 63 7 
MACHINES
2 1 4 6 7 5 8 10 9 3 
7 2 8 10 9 1 3 6 4 5 
4 6 7 9 10 2 5 3 1 8 
2 5 1 4 9 6 10 7 8 3 
5 3 1 7 8 10 2 4 6 9 
4 1 2 6 9 8 5 10 3 7 
4 6 7 9 3 1 2 10 5 8 
7 4 9 1 10 6 3 2 8 5 
10 2 3 9 6 8 7 4 1 5 
4 6 5 3 1 10 8 9 7 2 
4 1 8 6 7 3 2 10 5 9 
1 5 3 7 2 10 9 8 4 6 
7 9 5 8 3 1 2 10 6 4 
3 5 9 1 10 2 6 8 7 4 
9 3 2 5 8 4 10 1 7 6 
