316176388,1227221349
15,10,10
69 81 81 62 80 3 38 62 54 66 
88 82 3 12 88 83 51 47 15 89 
76 52 18 22 85 26 30 5 89 22 
62 47 93 54 38 78 71 96 19 33 
44 71 90 9 21 33 82 80 30 96 
31 11 26 41 55 12 10 92 3 75 
36 49 10 43 69 72 19 65 37 57 
32 11 73 89 12 83 32 6 13 87 
94 36 76 46 30 56 62 32 52 72 
29 78 21 27 17 43 14 15 16 49 
72 19 99 38 64 12 74 4 3 15 
62 50 38 49 25 18 55 5 71 27 
69 13 33 47 86 31 97 48 25 40 
94 22 61 59 16 27 4 35 80 49 
46 84 46 96 72 18 23 96 74 23 
MACHINES
6 8 7 4 9 5 10 2 3 1 
7 5 8 4 3 10 1 6 2 9 
5 7 2 1 4 9 10 6 8 3 
2 3 7 1 8 6 5 4 10 9 
6 1 5 9 4 10 3 7 8 2 
3 10 7 9 1 5 2 4 6 8 
2 6 4 10 1 5 3 7 9 8 
7 9 2 4 1 5 10 8 6 3 
10 7 6 2 5 1 9 4 8 3 
4 3 5 2 7 10 9 1 8 6 
3 6 4 2 5 7 8 10 9 1 
4 6 10 7 3 1 2 9 8 5 
10 8 1 7 2 6 5 3 9 4 
8 2 3 9 7 4 6 1 10 5 
9 1 5 2 10 4 7 6 3 8 
