1544979948,1603221416
15,10,10
40 96 59 95 76 75 23 65 65 16 
71 52 84 99 24 2 88 99 52 68 
13 38 35 57 37 93 38 68 94 71 
87 46 14 87 30 79 62 37 54 1 
97 16 2 51 96 19 15 42 8 72 
15 76 25 78 84 62 70 81 16 97 
68 71 3 68 91 37 73 21 85 79 
51 50 21 30 64 14 1 29 72 6 
31 98 50 83 2 86 33 33 98 59 
21 80 99 70 80 71 47 96 56 78 
53 10 92 1 33 29 85 89 10 30 
38 38 48 16 65 90 73 88 46 47 
37 9 49 23 1 78 39 15 9 41 
35 83 8 61 60 1 73 47 46 10 
37 60 84 26 11 37 79 75 49 51 
MACHINES
6 2 1 10 9 7 5 4 8 3 
8 6 4 7 5 2 9 1 3 10 
2 5 3 1 7 4 6 9 10 8 
4 8 7 10 9 5 6 2 3 1 
7 2 6 9 4 5 10 3 8 1 
1 6 4 9 5 10 7 2 8 3 
6 8 4 9 10 1 5 2 7 3 
3 9 6 10 2 8 7 5 1 4 
6 1 5 7 4 2 10 9 3 8 
2 8 1 9 10 4 3 5 6 7 
3 7 9 1 6 10 8 5 2 4 
3 10 1 8 4 9 6 7 2 5 
6 4 5 1 7 9 10 3 8 2 
1 8 7 10 4 6 2 5 3 9 
7 2 5 9 4 6 1 8 3 10 
