1544979948,938376228
15,10,10
8 48 10 76 64 35 51 34 1 4 
90 98 9 67 44 39 46 93 12 71 
95 32 50 32 97 73 30 26 33 13 
19 47 22 34 36 2 3 63 64 78 
64 40 1 77 65 67 25 20 95 69 
45 64 19 85 14 66 73 22 88 24 
44 91 39 93 46 38 79 65 91 2 
94 87 60 29 9 33 69 72 91 37 
68 28 67 68 47 84 70 84 53 16 
41 42 42 64 89 34 10 67 7 50 
88 27 79 17 26 11 43 36 98 84 
31 20 63 90 8 42 17 99 61 3 
89 36 23 70 39 12 6 5 58 54 
81 18 14 4 38 35 5 15 58 81 
59 76 76 7 97 10 19 19 34 12 
MACHINES
6 2 1 10 9 7 5 4 8 3 
8 6 4 7 5 2 9 1 3 10 
2 5 3 1 7 4 6 9 10 8 
4 8 7 10 9 5 6 2 3 1 
7 2 6 9 4 5 10 3 8 1 
1 6 4 9 5 10 7 2 8 3 
6 8 4 9 10 1 5 2 7 3 
3 9 6 10 2 8 7 5 1 4 
6 1 5 7 4 2 10 9 3 8 
2 8 1 9 10 4 3 5 6 7 
3 7 9 1 6 10 8 5 2 4 
3 10 1 8 4 9 6 7 2 5 
6 4 5 1 7 9 10 3 8 2 
1 8 7 10 4 6 2 5 3 9 
7 2 5 9 4 6 1 8 3 10 
