7879480714,5855297639
15,15,15
72 36 7 58 36 74 25 88 28 79 87 3 19 15 45 
41 1 55 62 53 56 22 35 82 20 32 72 5 99 14 
50 22 15 5 92 30 89 51 68 14 60 7 46 90 52 
81 61 16 53 15 21 71 14 97 11 47 9 29 91 10 
67 42 75 15 4 30 77 17 12 96 95 35 4 51 57 
28 99 58 44 16 70 76 80 62 64 43 41 80 14 69 
12 40 7 89 16 55 88 38 32 83 57 3 70 80 87 
22 84 97 2 13 19 16 27 60 34 10 58 55 49 52 
38 35 40 46 11 23 73 79 81 60 87 44 37 78 75 
4 63 95 32 46 8 79 32 9 37 9 90 34 88 29 
87 56 8 79 81 95 53 22 7 72 24 65 74 85 56 
74 64 4 47 32 56 48 81 61 9 88 39 27 99 70 
31 13 58 47 1 50 36 81 52 78 68 24 99 71 30 
6 9 2 62 16 85 50 25 40 33 2 39 11 61 98 
60 69 16 85 1 10 4 31 53 5 84 41 71 24 71 
MACHINES
11 13 1 15 7 14 8 4 5 10 12 3 9 6 2 
9 2 13 10 1 7 15 11 14 3 5 12 6 8 4 
6 15 14 8 10 5 12 2 1 9 3 4 7 13 11 
14 10 4 11 7 12 1 3 8 13 2 9 15 6 5 
14 1 7 4 3 10 2 6 15 5 8 9 11 13 12 
7 8 12 1 15 6 9 4 10 13 5 14 3 11 2 
4 7 5 13 8 3 6 9 1 10 11 15 2 12 14 
1 12 4 14 8 6 9 2 13 11 5 3 7 15 10 
13 11 14 5 4 10 9 6 3 8 15 1 7 2 12 
3 8 6 13 15 5 1 10 14 12 7 11 2 4 9 
4 15 10 14 9 6 1 3 5 2 7 8 12 11 13 
9 11 10 3 8 2 13 12 6 15 14 1 4 5 7 
5 9 6 15 12 1 13 11 7 2 8 10 14 3 4 
11 5 7 13 1 3 6 2 15 8 14 12 10 4 9 
1 4 12 9 14 5 13 2 8 6 3 11 10 7 15 
