6922266078,9987925010
15,15,15
19 95 24 48 6 30 87 2 6 4 15 18 88 39 73 
81 67 59 40 83 61 97 50 90 35 15 44 6 44 3 
97 15 37 55 46 30 49 46 82 46 93 26 64 66 26 
18 11 3 52 16 98 76 88 68 3 38 59 85 70 82 
32 53 13 5 54 30 96 1 76 78 74 62 91 35 46 
82 74 53 75 34 92 34 40 5 13 45 45 83 3 94 
51 92 72 60 69 23 32 96 8 92 55 45 43 8 63 
24 91 4 96 98 97 82 5 46 49 24 28 2 36 87 
14 58 41 99 13 18 36 22 91 69 9 56 37 90 46 
66 89 56 13 1 76 47 1 89 63 52 13 1 46 96 
58 42 73 43 33 55 42 96 18 41 28 43 41 17 79 
35 44 62 54 72 47 11 83 17 40 8 47 82 88 26 
56 48 61 6 59 39 74 94 83 30 56 42 73 53 49 
71 45 18 22 87 47 22 82 59 91 88 92 2 70 90 
70 37 8 61 73 57 81 82 81 68 49 44 72 92 11 
MACHINES
4 13 5 14 3 15 6 9 8 7 10 1 12 11 2 
13 11 6 15 8 3 7 12 10 5 14 2 9 1 4 
15 13 4 5 8 7 3 1 6 12 14 10 2 11 9 
14 13 4 3 9 1 5 11 10 8 7 15 2 12 6 
7 14 6 8 3 13 4 11 12 5 9 10 15 2 1 
2 8 9 4 6 3 14 10 13 12 1 11 7 5 15 
9 6 7 13 11 3 10 14 15 12 8 4 5 1 2 
6 13 11 12 3 15 14 8 2 5 10 7 9 4 1 
13 12 15 14 6 7 8 1 10 11 9 4 5 3 2 
12 15 5 4 14 11 2 13 9 7 6 1 10 3 8 
11 10 9 15 5 1 14 3 6 13 12 4 8 7 2 
7 11 15 6 9 1 2 3 12 4 10 14 13 8 5 
6 11 14 4 7 15 1 5 10 9 3 2 8 13 12 
2 9 3 15 12 8 10 1 11 13 14 6 4 5 7 
9 1 11 6 10 14 5 3 2 12 15 8 13 4 7 
