3220804996,1837026073
15,15,15
25 40 77 73 96 21 58 92 81 10 40 23 57 44 48 
3 43 78 24 10 19 83 32 9 97 4 13 37 88 14 
41 69 30 23 84 45 99 58 54 60 89 81 15 12 86 
12 76 17 31 73 77 22 16 29 11 51 56 99 50 80 
64 7 49 7 50 76 95 57 24 3 7 65 48 88 32 
93 35 92 59 93 25 63 95 39 84 75 37 81 57 23 
77 45 66 60 21 20 68 38 3 40 25 94 92 66 84 
26 63 60 89 55 17 95 89 47 89 69 54 83 31 69 
82 79 17 55 95 22 77 57 1 83 87 25 12 42 8 
46 43 71 48 13 53 56 2 43 6 96 81 4 49 16 
81 22 70 50 74 30 57 35 41 95 98 25 35 18 3 
96 83 91 85 40 78 28 46 4 97 43 82 29 16 15 
97 73 1 92 62 85 26 55 86 78 76 45 53 42 68 
13 37 24 50 99 19 38 95 72 94 46 14 57 63 55 
12 44 35 52 77 89 83 71 80 62 85 73 95 37 10 
MACHINES
4 5 12 7 15 8 2 13 6 1 11 3 9 14 10 
2 6 10 9 3 8 7 14 13 12 5 1 15 4 11 
13 4 5 14 8 9 3 6 12 15 10 2 1 7 11 
15 11 12 8 2 1 5 6 13 7 4 10 14 9 3 
7 15 14 13 12 2 11 9 1 6 4 3 10 8 5 
6 7 15 1 4 10 2 12 13 14 9 3 8 11 5 
8 15 10 9 13 4 11 5 2 3 6 12 1 7 14 
11 6 2 9 14 12 1 4 8 7 15 10 3 13 5 
14 4 12 6 3 15 5 7 2 1 11 13 9 10 8 
14 3 4 9 10 2 11 13 12 7 5 8 6 15 1 
15 2 12 3 4 14 9 11 10 8 5 6 1 7 13 
5 11 13 15 14 2 10 1 3 9 12 4 8 6 7 
8 13 1 6 15 4 2 3 9 12 10 7 11 5 14 
12 5 3 7 13 6 11 4 15 14 2 10 9 1 8 
13 15 9 12 1 7 11 10 2 5 6 4 8 3 14 
