6445935999,5877878413
15,15,15
45 42 8 55 93 64 10 63 89 83 62 73 86 16 55 
76 57 55 78 98 99 62 81 3 52 96 14 35 46 48 
44 89 88 51 60 18 42 74 90 10 84 3 65 76 22 
32 43 88 65 46 56 72 88 21 41 93 16 3 58 49 
69 88 90 89 59 19 74 17 45 17 70 38 55 65 74 
49 67 70 89 96 8 97 78 19 89 8 78 20 63 3 
96 44 6 37 38 96 63 94 77 76 21 37 35 38 93 
30 23 33 10 4 60 39 80 36 96 29 90 43 74 5 
61 26 70 1 56 4 68 45 45 12 56 26 37 65 39 
25 94 36 75 32 24 58 59 3 54 42 12 77 29 92 
37 73 23 97 55 56 15 77 52 55 97 52 2 72 12 
25 33 87 32 25 15 19 72 46 39 92 53 38 70 59 
3 4 48 54 30 61 3 48 3 18 82 51 31 79 28 
47 48 60 31 47 15 14 68 62 32 81 60 5 77 59 
71 9 67 30 2 92 78 18 58 31 26 36 67 35 90 
MACHINES
5 13 7 3 12 10 8 15 11 4 6 1 14 9 2 
14 9 11 13 5 1 4 6 10 8 12 15 2 3 7 
14 7 1 10 5 9 2 11 3 12 15 6 4 8 13 
8 10 11 4 5 13 15 6 2 3 12 1 9 7 14 
8 9 1 7 15 2 4 11 3 14 12 10 13 5 6 
10 12 1 8 3 9 2 14 13 6 7 11 15 5 4 
11 6 9 1 2 14 10 4 8 3 13 12 15 5 7 
3 8 6 12 1 4 9 15 14 10 2 5 7 11 13 
10 1 13 4 9 2 11 8 14 5 15 3 6 12 7 
5 8 3 9 7 13 2 12 14 11 4 1 10 6 15 
5 6 11 9 3 1 4 8 13 15 10 7 14 12 2 
7 5 9 8 12 2 15 11 4 13 14 3 1 6 10 
14 6 13 7 8 4 1 11 10 12 3 2 5 9 15 
9 12 3 11 7 10 15 6 4 1 14 5 8 13 2 
15 7 6 1 10 3 14 8 4 5 9 2 12 13 11 
