5044890506,8365540657
15,15,15
81 64 47 94 29 45 63 56 18 80 29 45 46 22 55 
37 42 73 92 57 6 37 84 40 16 24 65 49 3 14 
38 67 5 19 38 71 85 61 29 53 35 87 89 74 89 
99 65 63 53 16 70 29 14 45 3 76 92 18 97 46 
42 37 73 22 99 83 81 5 29 11 72 34 62 97 89 
60 17 2 20 8 84 56 14 65 3 72 14 8 66 1 
54 17 65 28 55 18 1 63 59 30 78 30 92 51 7 
82 66 12 23 56 55 52 23 7 24 29 57 26 82 99 
67 12 75 7 46 26 12 43 91 15 56 22 2 72 99 
46 24 44 40 81 28 72 75 58 89 75 99 42 53 92 
57 30 1 79 70 33 57 85 29 57 59 85 7 42 51 
9 92 32 84 2 72 52 84 31 27 18 42 73 88 70 
19 3 16 90 8 94 16 20 70 38 56 26 89 2 60 
1 98 82 37 48 52 71 83 18 77 88 28 3 29 12 
12 54 44 37 78 31 20 54 4 45 61 38 35 58 1 
MACHINES
3 10 5 1 15 9 13 4 12 14 2 6 11 7 8 
6 13 9 8 10 15 5 14 2 12 7 3 4 1 11 
3 1 2 10 7 5 14 9 11 12 13 6 15 8 4 
13 10 2 6 5 14 1 8 7 11 9 4 15 3 12 
12 1 2 15 13 8 5 4 3 9 14 11 10 7 6 
13 7 15 9 11 1 8 12 14 3 5 4 10 6 2 
4 8 6 9 10 14 7 13 3 12 11 15 2 5 1 
14 3 11 10 15 13 9 1 7 6 5 8 12 2 4 
8 12 7 2 1 6 9 10 15 11 4 5 3 14 13 
3 5 12 9 10 8 15 1 11 14 7 2 13 4 6 
8 15 14 10 3 6 1 13 11 7 4 12 5 2 9 
8 14 10 9 11 2 1 13 4 3 15 5 6 12 7 
5 11 3 13 4 12 8 1 15 2 10 6 9 14 7 
10 4 6 5 8 9 11 15 7 2 12 3 13 1 14 
15 8 13 2 9 5 11 6 7 14 12 3 4 1 10 
