7838046491,1692374008
15,15,15
15 72 59 4 91 75 70 77 96 55 95 42 31 26 57 
24 10 25 60 41 87 80 69 77 92 26 76 14 88 69 
46 31 80 30 23 84 75 80 24 45 95 94 88 90 64 
6 47 10 47 72 35 89 33 15 96 13 45 48 9 75 
72 51 80 32 58 23 40 96 35 1 84 69 89 86 89 
27 90 26 5 77 33 17 20 41 31 35 7 26 50 62 
6 4 19 66 84 58 28 66 45 46 64 34 29 4 72 
41 25 77 73 97 42 78 3 41 59 92 49 88 61 93 
73 20 69 50 99 34 66 25 24 16 95 82 31 62 47 
79 12 13 90 87 52 89 63 4 24 63 2 36 15 81 
62 44 36 11 17 38 13 79 89 75 85 10 76 55 44 
38 32 34 55 51 80 53 55 55 53 48 62 17 9 29 
68 26 3 1 10 59 92 92 17 84 78 31 45 64 93 
33 10 68 42 98 36 58 95 18 54 25 87 80 35 49 
24 9 60 63 7 38 5 37 56 98 10 44 69 3 20 
MACHINES
7 13 5 3 12 6 1 15 9 11 14 2 4 8 10 
10 13 8 15 7 5 9 14 2 4 11 6 1 3 12 
2 7 3 5 11 9 1 6 8 10 13 12 14 15 4 
12 13 1 4 3 7 10 5 15 8 9 14 11 2 6 
15 12 1 3 4 9 5 10 13 11 2 6 14 7 8 
8 4 13 10 5 2 9 6 14 12 3 15 1 7 11 
10 6 4 13 8 12 2 3 5 15 7 11 14 9 1 
3 14 9 15 2 8 13 7 10 12 11 5 1 6 4 
14 3 12 11 1 7 10 2 4 6 15 13 8 9 5 
2 3 14 7 10 4 12 9 15 1 5 8 6 13 11 
13 10 4 2 7 3 5 12 6 8 15 9 11 1 14 
12 1 8 15 10 13 2 14 11 9 4 6 7 3 5 
15 8 14 5 12 6 7 10 9 11 3 1 2 13 4 
3 4 15 7 2 9 8 13 6 10 14 12 1 5 11 
3 11 13 7 8 1 5 14 10 4 12 15 6 2 9 
