4277515840,3467004887
15,15,15
6 32 69 80 74 6 32 99 75 8 83 35 90 16 96 
93 50 22 92 14 70 2 12 27 61 99 69 99 19 66 
5 45 64 98 9 8 57 37 84 81 65 3 13 54 64 
40 46 34 50 14 75 94 57 80 98 56 51 33 70 58 
17 68 7 13 9 90 19 96 34 18 59 49 70 18 81 
85 49 30 52 59 52 86 86 71 92 41 4 70 81 19 
16 41 35 5 40 22 34 44 3 24 10 30 58 2 77 
84 88 96 11 79 63 61 13 92 72 63 47 68 83 32 
85 24 18 51 57 36 48 61 91 1 38 86 22 85 26 
62 86 47 12 69 84 38 44 99 1 44 67 62 58 88 
57 89 47 40 57 59 96 59 66 34 24 56 96 66 52 
45 32 41 95 46 71 88 49 47 57 33 16 21 35 12 
84 18 58 97 69 76 56 11 7 16 13 77 20 72 80 
30 83 97 34 53 80 89 93 88 38 9 62 57 97 51 
72 43 43 7 28 96 74 10 5 37 50 17 76 5 19 
MACHINES
7 6 9 1 5 14 4 12 3 15 11 8 2 13 10 
7 1 8 3 13 5 12 9 11 2 14 15 6 4 10 
14 15 11 6 1 3 8 9 13 2 12 10 7 5 4 
10 12 6 1 9 2 7 11 15 14 3 13 4 5 8 
3 14 10 7 11 12 1 8 2 6 5 15 4 13 9 
1 10 11 14 13 2 15 12 7 6 3 9 8 5 4 
5 11 10 2 3 13 1 14 9 15 12 8 4 6 7 
6 7 15 1 4 12 9 11 14 5 13 8 3 10 2 
5 9 10 6 12 4 3 13 11 1 7 15 14 2 8 
2 7 10 11 8 13 14 9 1 4 15 3 5 12 6 
9 7 5 1 3 8 12 10 11 13 15 6 4 14 2 
7 2 9 4 15 3 8 6 12 1 14 10 13 5 11 
8 7 12 4 14 13 2 3 6 11 10 9 1 5 15 
1 11 2 5 10 8 15 13 4 6 9 3 12 7 14 
2 11 10 15 14 13 7 6 9 5 3 8 1 12 4 
