7286255653,7710140131
15,15,15
40 11 85 23 65 56 42 5 49 16 97 97 53 79 82 
4 7 44 74 93 79 45 31 35 4 25 87 64 72 71 
25 55 95 93 5 26 69 25 53 57 78 47 11 24 30 
8 17 21 87 34 11 22 24 71 61 3 19 80 91 33 
85 77 20 76 80 66 78 2 34 42 42 47 97 83 42 
63 47 74 21 1 82 45 38 12 18 50 21 72 6 78 
55 94 46 84 63 69 24 90 70 75 57 86 58 55 24 
11 12 12 22 34 95 52 37 26 2 34 25 52 5 96 
17 63 70 38 33 72 76 78 13 87 4 45 89 83 25 
56 68 46 71 83 86 32 97 82 5 74 19 96 8 34 
1 51 43 26 51 21 2 10 74 66 83 52 46 16 70 
57 8 17 79 68 20 23 29 2 31 52 24 67 15 21 
89 20 30 87 78 75 98 50 76 11 55 55 92 7 5 
42 58 5 20 34 66 76 4 92 36 18 72 24 45 47 
2 26 64 81 75 68 72 8 55 94 33 72 64 96 79 
MACHINES
14 8 6 9 2 7 1 15 4 5 11 12 3 10 13 
2 12 13 3 15 10 4 1 8 9 7 6 14 11 5 
3 7 12 2 11 1 6 10 13 15 14 9 5 4 8 
8 7 13 15 10 1 5 12 2 6 9 3 14 11 4 
1 14 11 4 6 10 9 7 15 3 8 2 5 12 13 
9 15 8 12 13 4 6 3 10 2 5 11 14 1 7 
4 8 6 9 7 12 15 14 11 5 3 13 2 10 1 
1 7 12 2 8 15 14 10 6 11 4 13 9 5 3 
13 15 8 12 14 7 4 6 10 11 3 5 9 2 1 
7 15 1 9 13 5 12 10 8 11 4 6 14 2 3 
9 8 15 4 6 1 13 14 10 5 7 11 3 2 12 
2 12 4 11 13 6 5 10 1 8 15 3 14 7 9 
4 2 6 1 14 13 7 12 15 9 3 5 8 10 11 
10 8 9 11 5 15 7 3 2 12 13 6 4 1 14 
3 2 5 7 15 4 1 11 12 8 14 13 9 10 6 
