1884116986,5434680170
15,15,15
81 82 88 93 39 97 84 87 35 61 69 25 47 52 83 
76 75 94 3 76 64 17 53 34 36 55 14 20 41 2 
80 89 23 43 65 86 67 38 89 13 79 52 74 34 60 
70 15 92 53 26 73 85 65 59 81 26 81 1 41 93 
65 38 74 91 7 32 76 57 10 61 4 32 49 94 62 
90 44 12 87 9 8 77 45 32 61 37 58 4 70 16 
57 11 85 36 19 91 15 8 90 99 28 78 93 32 18 
54 84 47 53 11 35 26 67 65 90 48 62 85 80 74 
28 61 83 62 69 63 48 30 50 44 54 31 11 84 57 
8 39 51 5 72 10 35 11 98 19 1 59 3 90 98 
37 98 42 19 99 6 98 77 46 77 15 49 3 50 58 
74 23 96 12 81 50 19 88 19 19 25 62 73 31 25 
20 71 82 28 61 95 76 91 20 43 81 60 34 2 84 
80 2 49 15 60 99 19 59 65 98 92 30 86 60 30 
23 56 99 53 69 54 73 37 92 48 85 68 92 41 87 
MACHINES
12 15 6 3 11 8 5 9 14 2 1 13 4 10 7 
12 11 8 7 6 14 5 9 3 1 10 15 4 13 2 
7 5 8 10 14 2 13 15 6 4 1 3 11 9 12 
11 6 10 1 7 12 8 3 4 15 13 9 2 14 5 
11 13 8 10 3 14 6 1 9 5 12 4 7 15 2 
14 8 2 9 7 13 12 11 4 15 3 10 6 5 1 
8 4 5 14 10 1 3 13 7 9 11 12 15 2 6 
4 14 3 2 10 11 7 13 8 9 15 12 6 1 5 
13 7 4 10 5 15 6 11 12 1 2 9 3 8 14 
9 14 1 12 15 13 11 7 2 5 3 6 8 4 10 
1 14 8 3 4 10 2 13 6 5 7 15 9 11 12 
4 7 15 8 14 11 13 5 3 10 9 12 6 2 1 
2 11 5 4 8 13 9 15 12 7 1 14 3 10 6 
4 1 6 8 14 10 12 5 15 2 3 9 7 13 11 
4 8 10 1 14 5 7 3 13 12 11 15 6 9 2 
