1658362518,6148592446
15,15,15
16 54 21 50 43 4 88 99 52 31 68 62 99 63 39 
39 8 58 91 68 86 34 14 96 4 45 61 88 8 21 
78 17 28 44 20 30 56 99 40 6 87 63 23 14 16 
83 35 68 59 14 15 52 77 64 87 68 4 61 61 85 
79 46 58 6 86 78 65 7 89 75 69 52 18 79 16 
87 94 92 99 5 2 40 19 32 57 68 25 88 86 60 
98 73 49 34 27 94 94 96 70 44 38 31 76 31 88 
63 68 48 3 43 89 78 1 29 64 73 28 4 53 12 
61 15 77 16 63 72 14 97 48 69 94 89 65 5 81 
95 31 68 63 30 96 15 71 91 5 60 40 86 63 75 
22 38 2 3 30 74 70 65 71 6 90 38 1 54 90 
61 9 25 77 89 58 56 82 62 70 82 99 37 48 72 
87 97 12 89 97 78 65 72 36 21 38 99 62 6 19 
6 83 90 20 7 79 2 9 9 42 97 48 23 57 5 
18 6 82 92 23 55 80 87 59 94 37 16 62 62 55 
MACHINES
15 9 12 11 8 4 5 2 7 3 1 14 6 10 13 
7 9 2 4 8 14 12 11 10 5 13 15 1 3 6 
10 6 8 9 11 13 1 3 4 15 12 14 7 5 2 
14 9 8 6 11 1 13 12 15 4 5 7 2 3 10 
2 3 14 11 7 5 8 6 9 10 13 15 4 1 12 
12 10 7 3 2 5 15 8 14 13 9 6 1 4 11 
12 3 10 7 6 8 9 15 14 13 5 2 4 1 11 
8 14 7 3 9 10 13 1 12 6 11 15 5 4 2 
13 4 1 7 8 9 2 10 14 12 15 3 11 5 6 
6 15 14 2 13 10 8 3 5 7 12 9 1 11 4 
14 11 1 5 4 13 3 6 12 8 9 7 15 10 2 
3 13 8 1 2 9 14 4 6 7 10 11 5 15 12 
11 9 6 2 13 4 15 10 3 8 7 12 1 14 5 
13 10 12 11 5 15 8 1 2 14 4 9 7 3 6 
1 14 4 12 6 8 3 9 2 15 5 11 13 7 10 
