4965716365,5397278218
15,15,15
10 79 88 71 75 99 37 32 78 78 39 4 49 10 33 
56 70 75 26 60 26 14 40 23 93 70 70 55 43 7 
79 40 95 96 34 10 33 69 17 70 25 87 12 56 14 
79 74 37 45 80 84 31 69 15 30 94 2 66 63 86 
12 29 50 16 16 6 67 20 11 24 31 14 30 84 3 
45 37 37 98 60 15 2 45 19 7 67 64 29 9 87 
91 68 40 98 35 21 94 53 22 52 77 82 61 10 97 
74 36 53 23 62 7 45 20 13 70 32 41 90 89 55 
8 89 90 87 95 29 70 89 40 93 37 63 43 46 54 
62 28 20 15 50 19 28 92 37 14 75 31 68 15 26 
81 66 27 1 2 27 90 59 46 13 60 7 14 24 41 
81 46 14 5 35 34 32 20 73 14 43 25 62 9 6 
91 49 21 8 14 22 65 19 73 17 82 25 55 67 33 
27 30 1 58 53 94 82 99 28 71 19 52 18 78 84 
15 62 19 82 9 29 49 47 52 31 53 94 26 31 48 
MACHINES
8 4 14 3 11 2 12 9 10 13 7 5 15 6 1 
9 14 6 10 12 11 2 8 5 7 3 1 4 13 15 
6 2 11 9 7 8 13 5 1 15 3 14 12 4 10 
7 1 10 14 15 2 12 11 4 3 5 9 13 8 6 
4 15 2 14 5 11 3 7 10 1 9 8 13 6 12 
10 14 1 2 7 5 8 15 13 3 4 12 9 6 11 
2 10 9 15 8 11 7 13 1 12 5 3 14 4 6 
5 15 3 9 13 8 10 6 4 14 2 1 11 12 7 
12 2 10 9 5 3 4 11 14 6 7 15 8 1 13 
11 5 14 15 2 4 13 3 7 12 1 6 9 10 8 
1 13 3 14 7 6 4 8 11 15 9 2 5 12 10 
12 10 7 2 9 1 8 13 5 11 4 14 3 6 15 
6 1 2 9 3 13 8 4 15 11 10 12 5 14 7 
7 9 5 8 3 10 2 15 11 1 13 14 12 6 4 
7 11 15 2 4 8 5 3 1 10 14 13 9 6 12 
