8666123291,1491823546
15,15,15
56 54 14 18 31 77 18 18 94 44 14 3 24 52 96 
74 5 45 70 79 82 5 85 89 11 47 44 14 67 3 
34 32 66 15 21 15 68 38 70 26 32 11 64 15 47 
64 93 72 65 69 52 70 80 32 38 16 52 50 25 88 
11 87 97 57 19 83 51 97 15 89 66 43 83 69 35 
50 43 18 94 9 31 18 38 68 90 5 59 83 12 65 
45 29 3 55 77 85 36 15 8 40 12 91 50 63 30 
98 98 7 18 80 63 92 5 1 53 61 3 29 39 31 
68 30 34 14 46 5 95 51 16 40 87 10 66 67 40 
30 17 15 35 71 15 36 59 79 73 37 33 96 83 25 
71 93 97 49 57 34 14 5 80 41 72 88 17 3 71 
59 9 74 7 67 21 53 48 1 71 47 45 92 28 11 
97 35 36 59 68 71 63 90 72 4 7 79 83 53 37 
17 39 8 66 4 92 76 90 50 26 5 16 83 30 90 
68 17 17 20 83 51 54 59 61 58 19 74 29 69 19 
MACHINES
5 8 9 12 14 10 3 6 7 4 15 1 11 2 13 
11 3 13 5 9 15 8 12 14 6 1 4 7 2 10 
6 3 5 12 2 15 1 14 9 4 10 7 8 11 13 
3 15 11 1 2 5 12 13 8 14 10 9 7 4 6 
12 15 4 3 14 2 5 1 6 8 11 10 9 13 7 
1 5 12 15 10 2 6 3 8 4 13 7 11 9 14 
6 2 9 11 1 14 10 3 13 15 4 8 12 5 7 
10 1 11 6 13 7 3 8 4 2 15 5 9 14 12 
12 13 1 8 2 7 14 4 5 3 11 6 9 10 15 
9 3 5 6 13 12 1 15 11 10 4 2 8 7 14 
2 5 11 15 3 14 7 4 10 8 1 12 6 13 9 
7 12 6 14 5 3 13 10 11 15 4 1 9 2 8 
4 5 14 6 13 8 7 12 2 1 9 15 11 3 10 
7 3 14 1 4 5 2 10 12 15 9 11 8 13 6 
12 5 1 7 13 8 6 11 10 3 14 4 2 15 9 
