8144554513,7121961003
15,15,15
10 58 33 58 53 28 8 85 84 67 45 19 85 96 94 
22 58 98 62 96 39 36 11 22 23 33 62 61 76 31 
96 21 99 65 4 35 49 21 29 79 47 90 73 14 13 
83 46 79 42 31 4 26 17 10 36 8 10 93 52 96 
86 49 23 63 71 84 60 3 25 67 3 82 29 66 34 
31 76 87 51 32 3 15 67 40 33 92 37 4 32 99 
30 44 95 24 12 36 94 78 36 98 75 8 36 16 16 
95 31 69 69 60 24 61 11 19 70 31 16 5 47 80 
30 32 4 4 4 56 6 83 22 17 82 13 65 95 24 
86 96 23 72 79 19 89 13 19 48 33 69 54 14 70 
30 69 83 92 70 50 91 29 47 22 55 5 60 53 26 
20 58 34 68 23 15 58 1 13 54 13 80 24 26 86 
25 5 49 52 32 85 82 61 94 48 9 10 41 95 40 
56 20 25 35 47 98 43 76 70 13 12 81 88 85 27 
69 5 69 52 41 27 3 92 62 51 41 40 85 63 34 
MACHINES
5 2 15 14 4 7 9 11 1 3 10 13 8 12 6 
3 15 6 12 7 9 14 13 10 2 8 4 5 11 1 
4 14 15 7 5 13 8 1 3 12 2 9 11 10 6 
1 14 12 10 9 5 13 15 2 7 4 11 8 6 3 
14 6 9 12 2 15 10 11 7 4 13 8 3 1 5 
10 1 2 13 7 4 12 8 11 5 3 14 15 6 9 
9 14 1 15 8 3 11 10 6 4 7 13 2 5 12 
8 3 1 12 7 6 5 2 14 9 4 15 10 11 13 
1 4 9 7 11 10 5 14 12 3 6 8 15 2 13 
5 8 14 12 9 6 2 7 1 10 4 3 13 11 15 
6 3 4 10 8 15 5 13 1 9 11 2 12 7 14 
6 4 3 13 9 1 7 14 8 10 15 2 5 11 12 
4 11 1 12 6 2 10 3 7 14 9 13 15 5 8 
7 10 1 14 15 8 6 2 9 11 4 12 5 3 13 
11 6 14 8 7 4 13 1 15 3 5 12 9 2 10 
