5186998093,2996861994
15,15,15
55 7 55 90 45 74 36 5 31 90 65 51 10 10 21 
62 44 68 65 22 88 19 33 88 74 10 89 27 8 5 
24 4 92 20 39 42 5 21 34 24 30 94 65 82 7 
11 77 45 78 35 42 87 44 59 26 65 57 84 45 42 
18 36 65 21 19 15 61 27 97 60 50 70 51 33 58 
7 74 30 23 77 11 50 87 71 56 65 98 14 16 3 
37 55 15 77 62 12 72 92 52 93 60 98 34 39 4 
28 3 26 62 53 9 90 30 53 21 19 21 99 95 10 
74 6 11 16 46 46 81 79 2 65 42 83 40 78 29 
93 11 48 37 89 74 72 90 96 95 54 5 63 41 39 
39 97 71 79 30 90 3 47 34 76 98 35 93 31 66 
10 69 50 8 89 1 50 44 98 48 39 16 91 92 36 
27 11 16 8 13 72 80 46 65 43 62 89 9 93 93 
45 40 6 45 23 10 56 85 41 76 36 81 37 81 64 
23 41 10 47 77 34 73 23 12 40 75 60 11 3 43 
MACHINES
6 5 1 11 10 15 12 14 13 8 2 9 4 7 3 
11 6 5 7 10 9 3 4 14 12 13 15 2 8 1 
12 6 11 5 3 15 8 9 14 1 13 2 10 7 4 
4 5 13 10 14 7 6 8 11 3 9 15 2 1 12 
12 14 13 8 10 15 5 3 7 1 6 9 11 4 2 
5 2 3 12 7 13 8 9 11 14 1 10 4 6 15 
11 12 5 2 8 6 7 3 4 14 10 9 13 1 15 
10 12 15 13 14 6 9 1 8 4 2 3 11 7 5 
11 13 8 12 6 1 10 15 9 4 5 14 2 7 3 
5 9 13 11 6 15 14 4 8 12 10 2 7 1 3 
4 6 10 5 12 9 2 11 14 8 7 15 1 3 13 
12 3 1 9 15 11 8 14 5 7 10 2 4 13 6 
2 7 1 12 3 6 4 5 8 11 13 14 10 15 9 
4 14 1 2 15 10 5 7 6 12 8 13 9 3 11 
1 11 14 8 2 12 7 13 3 5 4 9 15 10 6 
