6548911097,6602006038
15,15,15
73 55 48 29 25 22 31 75 92 68 18 63 40 45 37 
73 8 84 35 69 15 74 38 17 30 22 7 46 73 31 
41 16 86 9 50 79 7 46 18 5 36 23 35 33 39 
11 71 71 20 16 63 11 83 57 62 51 24 87 85 16 
90 41 34 87 88 88 66 84 83 85 8 69 52 59 78 
65 80 88 97 17 64 66 61 36 33 11 79 77 83 74 
45 47 94 35 99 88 32 70 50 18 94 12 79 10 85 
79 60 98 25 74 72 50 70 24 29 6 56 59 23 42 
99 55 62 81 19 99 58 73 28 55 14 89 2 23 48 
77 91 65 62 37 51 97 10 87 15 45 39 79 25 31 
2 41 48 32 68 30 79 90 30 75 78 55 12 86 81 
59 11 55 11 19 86 76 47 70 3 18 19 37 80 88 
81 38 6 32 53 81 13 57 43 62 54 74 17 71 9 
51 83 65 91 56 42 95 97 38 51 85 29 6 42 79 
41 32 97 92 2 14 44 13 1 35 85 40 80 72 57 
MACHINES
3 8 9 11 7 5 2 13 4 6 15 1 14 10 12 
4 3 1 15 5 2 7 10 11 8 6 14 9 12 13 
10 4 11 1 7 15 12 2 13 6 5 14 9 8 3 
7 10 14 11 8 12 9 2 1 3 13 4 6 5 15 
6 3 15 12 1 2 13 9 5 10 7 4 8 14 11 
15 11 12 5 7 1 10 6 14 4 13 9 3 8 2 
3 14 1 8 7 2 4 15 6 13 11 12 5 9 10 
6 14 2 9 7 11 10 15 5 4 13 1 3 8 12 
7 2 15 9 6 11 14 13 8 4 12 10 3 1 5 
14 5 10 3 11 12 13 7 2 4 15 9 6 8 1 
8 10 6 11 5 4 1 15 3 12 2 9 13 14 7 
6 3 1 9 13 11 5 8 10 2 4 7 14 15 12 
15 10 1 3 12 11 6 13 14 5 7 8 2 9 4 
10 4 12 9 1 5 6 15 3 14 11 13 8 7 2 
7 4 1 14 6 11 15 2 10 5 3 12 8 9 13 
