9511730350,4466802092
15,15,15
84 26 90 77 62 55 13 49 68 96 2 37 40 63 26 
72 84 27 89 38 9 30 45 13 70 6 43 79 45 16 
3 19 15 13 94 94 52 6 95 68 1 95 98 72 68 
2 20 73 6 73 33 34 78 37 15 15 24 67 49 99 
38 70 28 99 2 88 64 66 44 44 49 41 19 55 39 
51 29 23 42 71 57 99 25 61 50 5 70 22 74 84 
83 96 24 94 5 49 96 74 8 85 11 50 84 98 21 
94 2 21 49 56 21 51 54 18 76 72 96 58 93 20 
12 90 82 21 1 36 98 68 95 12 26 59 59 1 68 
98 37 82 78 64 80 70 39 75 73 23 78 69 14 90 
16 37 10 1 23 38 22 13 27 3 47 64 71 21 56 
56 81 37 47 58 80 95 9 42 36 22 95 2 56 20 
80 22 71 38 25 61 21 55 93 2 4 60 76 27 67 
65 66 69 88 88 3 64 55 2 51 32 70 94 13 77 
31 25 15 25 80 4 64 50 45 36 6 76 44 98 36 
MACHINES
5 11 12 14 2 6 4 15 9 1 7 13 10 8 3 
6 14 8 15 7 4 13 10 5 9 11 2 3 12 1 
10 13 6 1 12 11 2 4 15 5 14 9 8 7 3 
13 5 12 11 7 14 10 2 4 3 6 15 8 1 9 
9 4 3 5 10 13 14 15 8 1 2 12 6 7 11 
2 9 15 11 5 6 3 14 7 12 8 10 1 4 13 
10 11 3 9 7 14 15 8 1 2 13 12 5 4 6 
15 9 12 10 6 13 4 1 11 5 3 2 8 14 7 
11 14 8 3 15 10 13 4 9 6 12 7 5 2 1 
9 13 5 12 8 14 3 4 1 11 15 2 10 6 7 
12 10 14 13 9 11 7 15 4 6 5 8 1 3 2 
2 13 9 3 7 4 8 11 14 10 1 5 12 15 6 
5 4 3 13 15 8 9 14 2 12 10 7 6 11 1 
15 14 4 11 6 2 5 9 12 13 1 3 10 8 7 
8 14 6 4 11 1 15 7 9 3 10 13 5 12 2 
