7617003608,8186657566
15,15,15
80 52 85 66 8 40 27 64 40 44 26 30 83 23 3 
48 8 39 18 51 49 77 44 25 28 77 72 26 22 22 
42 38 30 26 63 77 34 81 47 84 89 61 66 36 40 
58 89 84 73 96 60 49 48 12 4 8 63 97 39 35 
97 48 42 57 29 54 70 36 72 57 91 52 73 35 66 
83 46 20 14 6 39 66 68 36 35 22 35 54 94 84 
88 18 10 89 77 77 3 34 48 48 82 9 15 62 42 
28 97 37 65 7 78 16 23 14 59 66 30 67 63 25 
1 49 86 54 48 43 16 11 60 34 23 95 87 96 24 
69 65 78 25 18 9 68 43 21 73 11 91 32 61 35 
29 77 85 52 24 56 92 55 27 77 78 27 2 31 35 
51 38 11 94 93 71 35 1 97 9 44 3 31 34 37 
80 69 97 37 49 65 83 88 29 2 56 40 15 86 26 
31 78 38 66 77 15 86 56 29 23 19 49 82 53 29 
94 27 89 65 46 42 9 1 61 24 64 56 52 8 10 
MACHINES
8 14 7 12 11 1 10 13 3 2 15 4 9 5 6 
12 2 4 5 8 13 15 6 11 7 9 14 3 1 10 
5 6 11 1 12 13 8 4 10 9 15 7 2 14 3 
11 12 7 13 9 1 4 5 2 3 8 15 14 6 10 
5 10 14 3 1 13 6 7 12 15 8 11 4 2 9 
6 7 11 3 10 14 9 1 2 4 13 15 8 5 12 
6 11 12 14 4 3 7 15 2 13 10 1 8 5 9 
11 1 7 3 4 2 14 8 6 13 10 5 9 15 12 
9 6 2 7 5 14 10 12 4 13 15 3 1 11 8 
12 9 2 7 15 13 8 10 1 11 4 5 3 14 6 
1 13 7 3 15 5 8 4 6 10 12 9 14 11 2 
15 1 3 10 7 11 4 2 14 8 9 13 5 6 12 
6 3 5 11 15 12 14 4 13 8 2 7 10 1 9 
5 4 10 12 7 6 1 11 8 9 15 3 13 14 2 
7 2 14 6 12 15 5 1 3 4 9 8 13 11 10 
