3078093170,5241018457
15,15,15
15 45 83 71 56 87 88 91 76 26 42 87 11 37 1 
94 35 2 31 54 67 25 95 93 85 85 85 79 36 36 
39 88 88 40 97 37 90 94 16 33 3 97 61 84 36 
10 65 90 22 86 5 88 51 98 50 60 2 86 96 51 
12 33 65 3 54 32 58 72 92 38 35 89 41 75 90 
84 68 4 38 21 66 39 25 37 77 65 99 78 79 14 
94 56 63 94 22 82 23 13 62 17 97 66 8 70 10 
63 23 77 78 35 5 66 61 18 77 71 52 5 16 78 
81 55 97 57 18 35 86 87 92 84 49 21 94 93 16 
11 98 36 75 4 81 40 23 67 68 90 71 84 12 53 
31 67 63 77 28 29 25 59 15 72 68 38 3 52 35 
36 63 60 24 48 76 52 81 76 43 11 11 3 11 66 
60 15 37 95 31 16 71 63 19 95 99 12 48 74 64 
28 88 97 69 95 14 71 13 68 78 43 62 20 91 2 
83 87 44 70 17 10 57 13 62 84 91 45 54 31 16 
MACHINES
5 1 9 3 12 15 14 10 8 4 13 2 7 11 6 
4 1 8 14 13 11 9 5 12 7 10 6 2 3 15 
13 4 6 9 10 12 15 3 1 5 2 8 7 14 11 
13 12 14 5 4 2 15 10 6 8 9 3 11 7 1 
12 7 3 6 2 5 15 8 13 14 10 1 4 9 11 
10 15 5 7 14 2 1 6 12 4 8 9 11 3 13 
9 3 1 6 5 7 2 14 10 4 13 12 11 8 15 
13 14 10 12 1 7 15 11 5 6 8 3 4 2 9 
12 5 2 3 6 13 10 1 11 4 9 14 7 15 8 
1 14 13 7 6 4 9 2 3 12 8 15 10 5 11 
14 9 6 4 13 11 5 1 3 7 10 15 12 8 2 
12 3 15 9 8 1 5 14 4 6 10 13 2 11 7 
9 12 6 7 10 3 4 8 14 11 1 5 2 15 13 
11 4 12 2 13 15 10 5 1 7 14 6 8 9 3 
2 10 14 12 1 13 11 6 3 9 4 15 7 8 5 
