7462327851,5801840900
15,15,15
35 15 57 19 20 67 48 89 60 61 42 59 56 85 78 
43 55 61 25 48 78 58 67 96 58 19 56 75 95 54 
46 55 96 92 73 94 9 58 82 17 37 86 3 66 12 
54 34 9 1 53 91 43 29 76 87 51 32 47 73 65 
43 71 1 48 17 58 32 49 97 90 48 80 56 3 41 
4 20 14 28 72 35 60 24 28 33 26 70 93 16 78 
37 22 56 56 66 10 68 76 19 29 19 38 92 28 18 
20 33 6 35 50 39 22 24 54 85 31 82 36 29 42 
70 40 51 61 25 51 58 51 43 48 56 45 33 7 83 
88 69 70 26 13 14 52 35 69 44 64 40 1 38 53 
2 47 18 33 32 89 72 93 20 19 6 11 78 76 89 
84 74 79 95 47 48 66 14 94 63 77 95 3 45 6 
33 4 92 22 91 80 54 81 91 22 39 8 62 90 87 
84 60 47 35 20 1 95 91 6 84 26 80 43 12 42 
71 83 39 57 25 59 51 86 37 40 66 69 24 39 91 
MACHINES
14 1 5 7 2 9 3 13 11 8 4 6 12 10 15 
7 15 1 5 12 11 13 4 10 3 9 14 8 2 6 
11 9 5 10 15 2 13 8 12 7 6 3 14 4 1 
11 9 10 6 14 1 2 13 5 15 4 12 3 7 8 
7 14 9 6 10 4 12 11 13 15 2 5 3 8 1 
13 11 10 2 7 8 14 9 3 15 5 4 12 1 6 
1 9 2 3 5 10 15 13 11 7 12 6 4 8 14 
1 7 14 10 4 3 12 11 9 2 8 5 6 13 15 
6 11 12 1 9 4 3 10 7 2 14 15 13 8 5 
12 2 9 14 13 5 6 10 11 8 7 3 15 4 1 
11 7 3 6 15 14 2 12 8 13 4 9 1 10 5 
15 12 8 10 14 7 6 1 9 11 3 2 13 4 5 
11 2 13 10 6 15 5 14 9 12 3 8 7 1 4 
3 10 5 13 11 4 7 8 14 15 12 6 2 1 9 
9 14 5 7 15 6 2 10 4 1 11 3 8 12 13 
