2327208595,1522065612
15,15,15
25 2 16 74 27 94 57 74 68 69 28 24 9 57 26 
94 2 51 12 16 22 74 36 77 6 34 73 55 68 26 
97 74 42 11 15 28 1 23 73 45 60 71 18 3 21 
91 76 10 46 23 19 28 91 13 60 90 32 16 66 28 
63 56 61 83 6 34 27 18 15 30 66 62 93 9 98 
79 30 32 52 82 73 14 45 34 96 63 94 37 26 18 
36 32 32 72 75 3 22 44 80 77 40 85 99 82 99 
51 94 88 54 46 79 66 39 70 4 15 98 64 40 17 
45 19 46 35 2 3 98 90 17 3 2 91 45 83 13 
54 45 97 95 61 67 14 82 12 38 70 22 15 26 49 
59 61 93 89 28 70 60 68 5 95 53 91 98 7 81 
6 1 17 80 57 44 3 48 33 74 49 94 36 10 5 
23 91 94 30 69 55 86 55 44 1 51 76 89 85 35 
35 61 60 21 84 17 58 27 97 75 75 89 96 97 62 
36 50 35 70 17 23 52 3 74 32 71 51 99 10 10 
MACHINES
9 3 6 5 4 1 8 15 10 2 7 13 14 11 12 
11 4 2 14 12 6 7 5 13 8 1 10 3 15 9 
14 2 11 7 9 8 13 10 4 5 15 12 3 1 6 
8 14 11 3 7 6 12 13 1 2 15 9 10 4 5 
15 2 7 13 8 6 4 14 12 5 3 10 11 9 1 
12 5 7 6 4 8 1 14 10 13 11 2 15 3 9 
7 4 5 9 14 3 1 15 6 2 11 10 12 13 8 
3 9 6 14 10 15 13 5 12 2 7 4 1 11 8 
8 10 4 6 15 2 3 5 14 9 7 13 1 12 11 
1 3 7 2 9 8 12 14 6 4 5 10 13 11 15 
10 4 3 7 5 1 8 14 15 12 11 6 9 13 2 
11 7 10 2 15 5 1 14 4 13 6 8 3 9 12 
11 7 13 5 9 12 15 6 1 4 3 10 14 8 2 
14 9 15 4 3 13 10 12 1 5 6 11 2 8 7 
2 5 1 14 3 10 8 6 9 11 13 12 7 4 15 
