4461619393,1733528095
15,15,15
23 30 75 47 15 16 92 40 35 31 82 98 46 90 36 
8 24 8 64 67 99 75 69 23 75 1 88 99 60 42 
12 75 14 3 15 73 41 75 2 89 74 90 88 48 75 
20 60 23 18 67 12 51 6 18 18 94 16 39 40 36 
79 61 20 73 89 69 60 42 74 86 19 7 41 38 23 
16 79 87 24 69 52 74 96 77 30 93 78 75 1 80 
38 32 24 26 65 30 16 73 90 61 21 43 22 88 4 
23 35 86 99 16 25 63 96 22 68 40 2 24 79 81 
96 71 53 50 21 61 71 38 21 87 83 71 43 97 36 
5 4 18 28 13 59 86 20 31 75 70 23 81 21 8 
37 48 12 27 2 99 34 93 67 69 14 97 97 51 13 
1 95 26 93 87 4 65 14 87 67 66 38 86 72 87 
74 77 93 34 54 32 35 26 63 43 65 41 60 5 42 
43 91 19 65 99 79 10 73 12 53 44 58 80 23 70 
1 94 86 16 56 28 5 74 15 44 77 80 80 35 45 
MACHINES
5 8 15 6 9 3 7 2 4 10 11 14 13 1 12 
1 10 14 15 7 4 5 3 8 12 6 2 9 13 11 
3 4 6 14 1 13 9 7 12 11 15 2 8 5 10 
15 10 1 8 13 12 2 11 3 9 5 6 14 7 4 
11 7 8 2 15 10 13 1 4 3 12 9 14 5 6 
9 7 3 6 1 12 15 13 5 2 11 14 8 4 10 
15 3 14 2 8 13 10 11 4 6 12 9 5 7 1 
2 11 10 14 6 15 5 1 7 9 3 8 4 13 12 
9 4 13 15 8 6 12 1 2 11 14 10 3 5 7 
5 2 11 7 10 1 9 6 14 12 13 4 15 3 8 
10 9 7 1 3 13 2 8 4 12 5 11 14 15 6 
4 3 1 12 11 7 6 15 10 5 8 9 2 14 13 
6 10 8 3 14 1 11 4 2 13 12 5 15 7 9 
1 9 2 4 11 3 15 12 14 10 13 7 8 6 5 
9 15 5 12 10 8 6 14 3 11 13 4 1 2 7 
