6162711887,6098002977
15,15,15
23 68 19 87 78 7 73 44 6 3 22 18 38 91 66 
87 12 43 73 38 10 50 52 76 36 39 62 81 51 37 
35 7 68 89 52 10 34 17 31 70 82 39 29 47 42 
61 36 82 19 85 35 21 43 57 34 82 97 72 54 68 
22 12 30 96 32 59 36 9 75 20 64 23 3 64 80 
21 74 78 83 1 36 62 60 20 22 46 99 8 48 14 
90 95 48 29 1 4 58 56 90 41 57 10 40 46 86 
30 4 60 36 90 35 91 60 9 79 86 15 87 77 20 
79 56 56 95 35 43 78 75 51 15 34 21 81 89 82 
4 83 39 16 69 73 94 87 6 32 63 47 57 60 10 
17 55 46 39 82 26 87 68 43 62 95 45 88 4 54 
9 43 64 68 30 44 74 83 99 68 35 35 17 52 99 
98 58 1 70 7 33 64 19 37 23 42 92 21 76 25 
1 70 6 56 18 25 53 43 95 91 88 59 63 8 93 
60 79 70 27 31 84 64 40 18 38 63 8 53 21 18 
MACHINES
10 1 15 3 5 9 12 2 6 13 14 8 7 4 11 
1 4 11 10 12 2 8 7 6 13 5 9 3 14 15 
1 7 13 14 15 6 11 9 2 5 10 3 12 4 8 
13 8 1 14 7 15 6 4 12 3 9 2 11 5 10 
12 11 9 14 15 10 3 4 2 1 5 7 13 8 6 
5 14 13 12 4 11 10 7 6 2 15 9 1 8 3 
5 12 10 1 11 2 7 14 9 4 3 15 6 13 8 
1 2 3 4 5 13 6 15 7 12 10 9 14 8 11 
5 6 9 3 14 11 13 2 7 12 10 8 1 15 4 
15 6 5 10 1 12 13 4 8 2 3 7 14 11 9 
14 9 10 4 7 3 11 5 13 15 6 12 1 8 2 
6 3 13 9 11 4 5 15 12 2 14 7 10 1 8 
7 9 2 11 15 12 5 13 1 3 4 6 14 8 10 
12 7 11 1 6 2 10 13 15 3 5 14 8 9 4 
12 2 1 6 8 5 4 14 3 10 13 15 7 9 11 
