2880731632,7424895942
15,15,15
97 40 52 32 10 4 3 44 12 9 90 18 29 17 10 
97 31 56 39 11 59 9 48 99 59 42 20 57 56 26 
22 86 62 22 83 62 46 63 22 72 21 92 17 6 82 
35 26 81 57 86 81 35 73 99 95 68 84 34 33 83 
21 83 73 20 73 77 66 1 50 27 24 99 56 70 73 
95 68 43 8 70 38 56 79 7 23 82 69 54 92 33 
57 66 70 91 18 67 4 2 80 51 81 56 60 27 4 
21 27 75 72 6 77 18 35 77 66 95 85 22 93 42 
39 12 96 48 55 62 24 84 32 30 95 39 75 66 97 
22 16 58 59 61 97 46 70 63 9 73 50 91 71 90 
19 53 37 92 19 3 3 75 18 24 48 24 85 27 11 
61 39 4 62 62 92 86 96 59 31 53 79 48 66 20 
70 23 62 15 28 97 25 48 53 36 84 28 93 91 70 
17 75 72 21 6 87 73 52 4 19 46 98 10 53 56 
80 64 13 56 82 29 44 71 84 69 86 4 8 55 52 
MACHINES
11 3 15 4 8 7 6 13 14 5 10 12 9 1 2 
7 9 2 8 15 11 6 12 5 4 13 3 14 1 10 
10 12 2 4 3 15 8 13 9 1 11 14 6 7 5 
4 6 7 11 14 9 3 1 5 10 8 15 2 13 12 
2 15 3 7 11 1 12 10 4 14 9 6 5 13 8 
5 2 4 7 15 9 3 1 11 8 14 6 13 10 12 
11 7 2 15 8 5 12 13 10 4 6 14 3 9 1 
3 8 13 5 14 7 11 9 6 4 2 15 10 12 1 
1 2 7 10 5 3 15 9 13 11 14 4 12 8 6 
3 1 8 7 10 2 14 11 6 5 13 4 12 15 9 
2 7 10 15 6 4 8 13 5 3 9 14 12 1 11 
4 12 11 7 10 9 3 1 8 15 14 5 13 2 6 
13 12 8 2 14 15 3 6 7 10 9 11 4 1 5 
10 15 13 7 6 8 9 12 1 4 2 11 14 3 5 
2 4 6 3 7 15 9 14 11 13 12 5 10 1 8 
