7321300012,5149394370
15,15,15
7 70 6 13 85 34 87 4 77 4 71 2 93 31 51 
35 79 73 37 56 43 50 79 59 7 69 70 89 10 33 
42 38 96 66 34 8 72 76 53 18 68 8 18 28 78 
43 29 98 50 27 83 9 12 73 78 39 99 18 76 30 
48 73 85 7 83 56 10 7 83 69 93 30 43 95 61 
18 52 76 37 80 32 31 60 95 4 76 5 73 14 33 
12 46 1 59 90 75 85 9 44 77 76 97 76 64 54 
50 9 70 4 56 66 71 85 68 94 99 14 74 89 99 
29 21 28 57 57 22 11 43 43 72 89 43 37 17 18 
9 15 63 50 26 20 96 4 6 91 80 63 98 32 96 
77 88 10 76 38 35 38 12 8 68 85 41 67 17 26 
25 55 20 7 21 35 12 13 52 16 15 21 50 5 45 
95 9 16 64 46 48 50 73 98 45 41 99 36 31 10 
8 83 29 18 83 1 64 96 60 63 47 74 59 69 26 
26 18 4 74 82 55 67 36 68 77 74 74 4 22 39 
MACHINES
3 14 8 1 12 10 9 2 6 11 13 5 4 7 15 
13 11 1 9 8 14 4 2 7 3 6 15 5 10 12 
3 1 11 13 9 4 6 14 7 12 2 5 15 10 8 
11 5 3 15 9 10 14 2 6 1 12 8 7 13 4 
12 6 10 15 11 1 4 3 13 5 8 7 2 9 14 
12 5 10 14 9 8 4 1 15 3 2 13 11 7 6 
5 11 2 8 14 7 10 13 12 15 1 3 6 4 9 
7 12 1 8 10 9 3 14 6 11 2 15 13 4 5 
13 10 9 2 7 1 3 15 11 14 6 5 4 8 12 
6 3 14 7 13 5 11 10 2 8 15 1 4 9 12 
1 10 13 5 8 11 7 3 2 12 6 14 9 15 4 
14 5 4 9 6 2 8 7 1 11 10 15 12 13 3 
14 9 13 6 4 10 15 11 7 5 1 2 3 12 8 
10 15 11 4 8 1 2 3 13 5 12 14 6 7 9 
3 12 15 1 10 6 11 9 13 2 5 14 7 4 8 
