1812247330,2276682957
15,15,15
16 47 26 58 46 79 95 1 92 22 79 87 35 82 36 
49 33 35 52 96 83 56 86 12 40 48 43 72 86 98 
18 81 69 42 59 53 45 86 40 18 56 2 15 7 31 
92 75 56 54 49 42 40 76 9 43 40 19 84 38 33 
32 88 46 86 9 85 69 41 14 63 16 47 41 97 74 
12 76 14 23 99 99 3 6 88 33 21 26 66 34 89 
39 22 84 17 99 84 22 97 74 71 90 15 22 30 97 
12 27 26 70 43 98 18 53 98 30 93 67 91 68 24 
71 23 38 75 23 62 93 44 60 2 53 31 96 69 51 
3 58 23 55 75 24 15 37 60 7 76 61 76 75 70 
13 4 18 33 58 81 49 5 22 94 17 22 10 99 85 
91 48 36 23 8 74 45 39 1 58 44 76 16 3 94 
33 78 47 66 68 71 97 42 17 80 68 96 73 48 82 
38 15 45 28 34 58 50 44 88 77 81 95 90 14 35 
93 6 16 77 14 85 75 76 20 40 98 54 57 40 57 
MACHINES
5 6 11 15 10 14 8 12 2 1 4 13 3 7 9 
2 6 8 3 10 11 9 1 4 5 12 14 7 15 13 
8 6 3 2 5 15 11 12 4 13 9 7 1 14 10 
5 7 10 1 12 4 6 2 11 13 8 3 14 15 9 
3 14 10 13 6 1 12 11 7 4 2 9 15 8 5 
3 14 12 8 9 7 4 10 11 5 6 13 2 15 1 
13 9 3 2 12 11 8 5 7 15 6 14 4 1 10 
10 6 4 11 13 1 5 9 3 15 7 12 2 8 14 
10 11 13 7 4 15 12 2 14 8 5 9 3 6 1 
15 13 7 4 6 1 14 3 5 8 11 12 9 10 2 
9 12 2 6 4 11 5 10 13 1 14 3 7 8 15 
1 2 6 9 3 14 15 5 8 10 13 11 7 4 12 
1 3 15 8 10 5 12 13 9 6 14 2 11 7 4 
9 13 10 8 1 4 5 3 7 2 14 15 6 12 11 
11 12 9 7 5 10 2 14 6 15 13 8 1 4 3 
