3137878673,8242533883
15,15,15
12 66 37 82 13 31 16 76 71 99 91 16 93 43 30 
40 81 68 62 56 15 55 5 77 69 18 12 48 15 15 
71 66 97 48 36 44 51 91 58 23 98 87 30 81 81 
2 63 81 29 1 78 4 11 87 90 19 15 21 50 91 
94 68 84 32 70 38 56 35 39 28 27 95 24 41 95 
97 65 75 45 46 28 14 39 1 32 79 69 33 22 53 
83 92 37 98 69 60 79 59 75 69 9 30 66 93 59 
70 74 43 40 22 46 53 14 1 67 97 3 75 35 28 
89 88 51 26 62 2 97 29 74 14 64 79 32 98 93 
54 99 64 15 77 84 13 37 86 5 45 42 8 62 16 
21 53 13 12 22 42 68 6 16 7 44 73 97 44 98 
77 3 32 62 18 68 49 97 68 38 82 49 20 6 51 
71 33 16 50 5 60 39 27 28 10 82 27 99 45 6 
30 3 55 91 40 6 17 44 94 7 7 57 31 48 6 
73 25 51 37 63 38 90 14 24 45 22 25 49 58 84 
MACHINES
3 1 12 7 15 6 5 4 2 8 11 13 14 9 10 
12 11 7 8 2 5 9 1 6 13 4 10 15 3 14 
9 6 1 7 4 15 2 5 10 11 13 3 14 8 12 
14 2 10 11 9 3 1 4 6 13 8 12 5 7 15 
14 8 12 4 7 13 2 1 15 11 10 5 9 3 6 
14 13 7 9 6 12 10 11 15 2 1 4 3 8 5 
11 14 12 3 15 8 1 13 2 10 5 6 4 7 9 
4 14 15 7 10 13 11 2 9 5 3 8 6 12 1 
13 12 14 7 1 4 8 5 11 6 15 2 10 3 9 
6 14 11 15 7 5 3 1 10 8 9 12 2 4 13 
8 14 1 11 5 4 2 10 3 13 7 15 9 12 6 
8 1 13 6 10 4 11 3 9 12 15 5 14 7 2 
6 14 7 15 12 1 5 9 10 13 11 3 8 2 4 
5 12 1 6 14 9 8 15 11 4 13 2 3 7 10 
8 2 9 14 7 13 5 11 4 3 12 1 10 6 15 
