5996953370,6980494788
15,15,15
93 56 37 41 97 94 29 85 45 50 11 3 55 35 78 
78 52 72 73 62 76 18 71 2 97 59 61 11 31 91 
64 45 37 55 89 74 82 77 43 85 37 86 11 61 35 
9 62 92 63 57 99 68 2 92 56 66 39 70 73 78 
1 19 30 98 56 91 52 81 10 14 50 12 76 94 64 
38 31 27 17 31 84 96 4 74 91 42 93 31 13 17 
49 42 41 32 95 10 7 74 22 98 3 3 27 85 83 
58 21 17 56 90 56 58 20 14 51 44 46 50 51 73 
77 37 83 18 89 42 6 34 69 81 12 86 79 99 42 
96 62 66 64 75 69 44 91 44 21 37 41 33 70 44 
76 87 72 2 69 72 41 47 71 13 9 16 56 98 75 
13 85 48 15 13 16 69 45 90 96 52 40 29 71 71 
44 7 62 50 38 67 84 77 87 84 20 48 73 43 77 
93 91 28 77 63 99 68 26 88 20 92 35 80 55 85 
53 58 11 28 58 87 10 61 97 40 88 24 32 19 93 
MACHINES
6 14 7 3 2 9 13 12 10 11 1 15 8 4 5 
8 10 12 14 2 5 4 9 13 1 6 7 3 15 11 
3 11 13 9 8 2 1 14 15 7 10 12 4 5 6 
11 6 5 2 14 8 7 10 1 12 3 9 15 4 13 
12 14 6 11 1 13 4 3 2 10 8 5 7 9 15 
2 4 14 3 7 11 13 5 8 1 9 12 15 6 10 
2 6 11 8 13 14 12 9 3 1 15 4 5 10 7 
5 11 12 15 13 6 3 1 8 7 4 2 10 14 9 
1 3 2 10 13 11 9 7 8 14 5 6 12 15 4 
2 14 7 11 4 12 5 9 15 1 8 13 3 10 6 
10 6 3 14 13 9 7 8 11 15 4 1 5 12 2 
6 8 5 14 2 4 15 13 9 12 11 10 1 7 3 
8 5 1 12 3 13 15 7 11 10 4 14 2 9 6 
8 12 4 7 1 13 2 3 9 5 10 14 15 11 6 
12 7 4 15 2 5 9 11 10 1 13 6 8 3 14 
