8843373366,5617190819
15,15,15
21 91 62 18 65 18 29 93 25 66 74 42 9 84 54 
82 42 90 28 91 78 61 86 84 70 72 4 40 2 48 
37 78 43 63 13 50 29 9 31 3 13 92 49 71 51 
37 48 14 56 13 10 33 85 43 35 47 14 45 12 66 
65 33 10 6 27 68 50 11 45 20 86 6 69 35 25 
84 50 49 9 78 80 83 91 15 12 15 50 66 85 55 
18 30 58 86 76 49 3 3 6 87 57 39 26 30 96 
7 84 63 89 15 68 62 73 46 59 65 84 90 85 95 
67 67 94 98 97 20 29 97 22 34 94 27 40 51 54 
98 56 69 72 11 49 33 80 74 62 55 12 85 98 42 
31 88 63 29 18 19 33 80 96 45 31 8 80 99 35 
23 87 71 27 22 52 19 90 19 58 51 28 23 41 17 
69 15 41 73 6 24 82 8 71 78 25 74 19 85 44 
97 82 27 7 90 59 39 42 96 63 92 14 65 93 47 
45 82 30 28 64 51 27 32 78 49 10 76 84 47 62 
MACHINES
8 6 9 15 11 12 7 10 4 2 3 14 5 1 13 
11 12 14 15 4 7 5 13 10 3 8 9 6 1 2 
14 12 15 8 4 7 2 9 3 11 6 5 10 1 13 
6 3 10 12 8 14 13 15 7 4 9 2 11 1 5 
4 14 7 12 3 10 13 8 11 5 1 2 15 6 9 
5 10 11 4 6 15 12 14 2 9 13 7 8 1 3 
1 9 2 14 5 4 15 3 11 6 7 12 10 13 8 
11 14 4 1 7 3 5 2 8 9 13 10 15 6 12 
11 10 5 8 4 3 1 9 6 2 13 14 15 7 12 
10 1 3 6 14 4 11 5 15 7 12 8 13 2 9 
3 2 9 10 7 6 13 11 15 14 12 1 4 5 8 
12 4 13 1 8 7 15 9 14 10 11 6 3 5 2 
2 4 10 3 14 1 8 15 7 9 5 11 12 13 6 
11 2 14 10 15 12 5 9 13 6 7 4 8 3 1 
7 11 4 8 10 14 3 9 6 12 1 13 2 5 15 
