3364428609,3990062867
15,15,15
70 8 20 33 75 75 25 49 61 15 81 70 29 45 80 
7 62 94 70 87 18 66 20 71 11 1 68 50 47 58 
79 45 35 64 75 36 96 21 82 94 14 98 59 80 29 
51 21 89 84 42 95 93 54 38 35 47 11 31 74 41 
25 87 66 88 18 91 53 67 44 48 17 47 45 47 47 
87 36 64 24 99 41 98 63 87 79 89 32 28 10 35 
21 61 93 92 82 17 77 66 43 76 21 87 44 61 47 
46 59 96 43 93 90 5 53 64 86 44 9 28 82 45 
54 15 39 94 95 76 35 54 57 56 41 98 80 11 83 
25 84 17 12 7 39 22 28 83 80 50 85 45 49 26 
55 81 30 59 11 43 81 11 53 35 70 9 16 17 58 
45 66 58 23 1 98 87 18 44 40 75 56 47 82 43 
93 7 22 82 95 77 57 39 6 1 75 80 22 51 92 
45 67 25 35 81 47 13 3 97 54 86 28 89 44 58 
39 73 71 66 10 98 52 7 22 55 89 97 21 53 12 
MACHINES
4 10 1 8 2 12 13 3 14 9 11 6 5 15 7 
10 11 15 1 7 9 4 5 14 12 8 13 3 2 6 
8 1 2 13 5 14 15 3 12 6 9 10 7 4 11 
1 2 15 5 10 9 12 6 11 13 14 7 8 3 4 
2 15 3 9 10 7 4 5 8 13 6 14 1 12 11 
12 4 11 14 2 6 9 8 3 5 10 7 15 13 1 
8 3 11 4 7 2 12 9 13 1 6 5 14 15 10 
1 15 14 11 10 13 12 9 4 5 7 3 6 8 2 
12 2 6 10 1 4 3 9 15 11 14 8 7 13 5 
10 13 4 2 3 6 15 12 1 9 5 11 14 8 7 
1 9 2 8 7 12 3 13 5 6 11 4 14 15 10 
15 3 9 11 10 5 6 12 13 2 7 14 4 8 1 
1 5 12 3 13 4 15 8 2 11 9 10 6 7 14 
12 1 5 6 4 7 11 13 2 3 15 8 9 10 14 
6 9 10 5 2 14 1 15 8 13 12 11 3 7 4 
