6461490511,5860831949
15,15,15
4 25 16 59 41 76 74 67 17 4 26 25 1 92 71 
49 75 69 69 19 36 31 67 81 8 52 93 30 40 26 
18 45 38 38 26 26 84 62 79 59 37 94 15 64 28 
3 94 66 3 15 91 39 56 65 87 93 11 45 40 86 
33 52 53 35 34 41 98 14 29 22 24 9 61 52 86 
45 76 87 43 88 27 61 58 68 42 86 11 68 87 77 
86 37 26 68 97 76 61 13 59 41 33 79 1 59 88 
15 88 69 12 63 79 66 21 95 2 35 58 39 1 42 
12 28 12 80 83 89 13 55 85 83 17 34 19 94 92 
25 42 33 12 29 7 41 46 76 60 69 49 75 58 25 
66 2 63 7 47 54 89 31 47 63 36 94 5 22 61 
41 53 46 3 85 57 12 26 68 88 32 29 40 41 36 
28 48 70 42 28 78 20 29 10 97 50 89 7 40 71 
7 48 13 81 15 81 78 46 34 56 57 5 3 4 95 
27 12 51 73 99 62 55 65 24 33 71 45 36 34 99 
MACHINES
1 14 8 7 6 13 9 10 12 2 3 5 15 11 4 
14 11 5 3 10 4 8 7 1 9 12 15 2 13 6 
3 15 4 2 11 5 9 6 13 8 10 1 7 14 12 
15 8 6 10 4 1 5 3 9 14 13 2 12 7 11 
14 15 2 4 11 12 3 10 1 9 8 13 6 5 7 
12 11 9 5 3 10 14 4 15 6 8 1 7 13 2 
4 15 8 10 9 7 13 6 5 2 14 3 12 1 11 
12 2 6 5 3 4 9 15 13 14 11 8 10 7 1 
14 5 4 11 2 1 9 12 3 7 15 10 8 13 6 
11 7 15 13 3 2 9 10 6 1 8 4 5 14 12 
11 4 7 6 10 3 2 9 12 13 5 14 8 15 1 
11 6 7 14 13 8 2 10 5 4 1 9 12 15 3 
7 12 4 15 2 5 11 14 8 10 1 13 9 6 3 
10 4 13 8 11 9 12 14 5 7 6 1 15 3 2 
13 7 14 4 1 9 5 12 3 10 2 11 6 8 15 
