9992597802,2510160372
15,15,15
44 22 64 76 85 61 34 23 77 38 49 73 32 82 71 
35 60 96 53 79 95 14 93 73 65 36 40 66 35 40 
50 83 21 39 24 17 91 80 34 61 97 95 44 99 96 
98 95 97 62 36 77 96 89 52 11 14 13 19 65 96 
79 16 52 27 93 34 26 17 25 7 32 18 88 11 82 
73 94 19 65 60 36 85 93 94 24 5 71 87 33 38 
79 50 58 36 22 63 30 77 29 76 19 78 28 64 85 
62 19 39 7 6 61 97 82 58 60 98 84 64 41 19 
31 16 45 92 13 28 92 96 77 17 45 73 6 40 20 
47 2 47 46 91 9 22 17 37 29 73 25 47 41 86 
43 7 98 86 19 80 79 13 65 9 22 3 7 74 85 
63 98 81 39 95 95 74 24 64 7 49 85 22 42 67 
12 10 53 27 13 3 21 63 30 97 93 79 76 12 85 
25 18 48 84 38 16 64 96 21 42 4 80 94 28 33 
19 20 84 78 61 25 83 90 65 49 84 86 86 33 79 
MACHINES
12 11 1 5 10 6 3 13 15 8 4 9 2 7 14 
10 4 1 15 12 13 7 14 9 11 8 5 3 2 6 
13 2 11 8 15 3 5 10 6 4 12 1 14 7 9 
3 12 8 9 14 2 15 10 1 13 7 6 11 5 4 
1 3 4 11 15 2 5 7 8 9 10 6 14 13 12 
9 6 10 3 15 5 12 14 7 1 2 13 4 11 8 
11 3 15 14 10 6 7 9 13 8 12 2 5 4 1 
4 15 7 14 1 6 13 8 12 11 9 5 10 3 2 
1 14 2 6 9 10 4 12 15 5 7 8 11 3 13 
8 13 10 4 7 11 1 9 6 14 12 2 5 15 3 
11 3 9 7 12 10 15 2 13 5 6 1 14 4 8 
1 4 7 6 3 5 13 8 10 2 12 15 11 9 14 
3 1 8 12 5 9 11 14 13 7 4 15 10 2 6 
6 11 9 3 7 15 14 2 1 10 12 5 13 4 8 
9 11 5 12 1 3 10 6 15 13 14 7 2 4 8 
