6656104696,3968577747
15,15,15
55 91 18 21 72 36 3 59 82 11 65 62 11 51 16 
85 56 49 44 38 91 52 35 97 92 98 96 12 37 52 
51 11 29 87 14 62 41 15 67 76 4 18 16 29 52 
59 49 8 49 1 67 63 31 92 15 29 75 27 57 57 
1 93 86 85 1 56 85 54 79 75 16 33 72 8 15 
59 14 25 93 88 37 85 17 12 98 2 29 44 63 71 
27 31 21 83 57 82 97 59 51 60 81 7 18 50 32 
25 26 9 46 75 34 64 99 96 85 32 69 45 40 8 
24 83 60 47 62 63 32 11 27 51 59 87 1 94 63 
85 79 88 6 55 9 93 75 74 80 4 5 51 39 54 
95 38 31 19 56 10 87 32 89 67 78 62 51 33 40 
13 56 66 6 20 64 35 67 9 17 88 74 48 2 79 
74 65 69 53 27 41 1 61 65 13 7 11 70 94 93 
60 83 35 69 49 87 2 50 26 57 53 74 36 9 93 
18 8 31 19 38 54 21 62 16 96 2 57 66 35 94 
MACHINES
2 7 8 15 13 9 4 1 3 6 10 5 14 12 11 
5 3 8 10 1 7 14 4 15 13 9 12 11 2 6 
11 5 10 3 1 15 12 13 14 6 8 7 2 4 9 
13 6 4 9 10 5 11 12 1 15 14 2 3 8 7 
3 15 12 14 5 1 10 13 2 9 7 8 6 11 4 
8 9 5 11 10 12 2 15 3 1 4 6 14 7 13 
7 8 13 3 10 15 6 1 12 9 2 11 14 5 4 
14 10 12 9 7 13 6 5 8 3 11 2 4 1 15 
2 13 3 8 9 5 14 10 4 12 7 11 15 6 1 
3 1 4 15 13 9 6 14 12 11 10 8 5 7 2 
14 12 15 2 11 7 5 10 3 8 4 1 13 6 9 
13 1 2 8 3 9 7 6 5 4 12 15 11 14 10 
15 9 10 4 11 5 8 14 6 12 2 7 1 13 3 
9 4 5 12 1 8 3 14 6 10 11 7 13 2 15 
11 7 14 5 12 6 4 8 13 3 2 9 15 1 10 
