7161629570,9564153075
15,15,15
59 94 76 58 95 22 83 35 72 89 69 12 24 21 21 
91 51 33 17 50 38 75 88 15 82 46 73 8 3 2 
17 2 40 73 90 17 43 18 30 4 36 24 26 73 15 
91 41 24 21 32 79 30 3 3 57 86 77 33 16 55 
87 18 67 24 58 66 15 57 63 47 32 24 25 72 38 
87 91 83 34 22 76 54 92 89 5 8 42 58 69 58 
64 82 85 61 2 52 80 96 49 89 14 78 1 91 49 
90 32 58 62 38 11 21 55 41 22 30 10 89 39 73 
11 87 70 15 37 80 97 25 59 85 86 48 28 49 91 
31 56 27 61 61 23 37 70 72 94 80 17 2 30 13 
55 89 18 53 28 50 67 73 17 99 79 35 38 55 28 
94 45 4 36 69 64 14 31 92 89 89 85 37 16 45 
43 56 65 65 87 14 12 86 83 87 69 19 44 92 31 
38 10 94 18 46 74 90 25 48 34 66 60 12 87 45 
29 49 93 5 51 60 46 74 63 77 47 79 12 25 81 
MACHINES
9 3 11 4 1 10 12 6 14 7 8 13 5 2 15 
13 14 3 4 1 5 6 12 7 11 15 8 10 2 9 
13 4 5 14 11 1 15 9 10 3 8 7 6 12 2 
10 1 13 4 9 2 14 5 12 11 6 3 7 8 15 
11 12 10 6 9 4 14 15 8 7 5 13 2 3 1 
10 3 12 4 15 6 5 13 8 7 11 1 14 9 2 
15 9 13 2 14 11 12 1 3 10 4 5 7 8 6 
2 11 12 4 1 5 13 7 8 14 6 15 3 9 10 
9 11 14 5 15 12 4 13 8 1 6 7 10 2 3 
6 10 3 11 2 7 15 4 8 13 12 1 9 14 5 
7 11 6 13 4 1 5 15 12 10 8 2 9 14 3 
13 12 5 10 9 8 3 14 4 2 15 11 1 6 7 
3 10 1 14 2 4 8 5 6 13 12 9 11 7 15 
8 11 12 2 5 10 15 9 6 1 3 7 4 13 14 
6 15 12 7 4 5 2 13 11 14 9 8 1 10 3 
