7302149409,5395923233
15,15,15
49 6 2 66 14 59 62 81 35 92 83 64 90 41 61 
74 36 83 80 37 3 42 88 73 49 12 66 17 54 33 
72 49 9 26 43 64 56 83 38 28 27 97 12 70 25 
51 18 48 53 89 91 93 90 50 64 19 26 86 29 11 
74 33 63 31 89 6 86 48 76 35 71 29 61 91 26 
33 65 32 59 99 13 81 95 58 23 78 47 91 65 85 
36 19 1 81 31 88 68 24 35 5 95 81 15 73 71 
5 63 19 70 53 57 13 40 20 29 27 81 79 61 57 
53 7 49 72 98 39 93 35 16 62 33 89 67 56 41 
61 68 20 9 16 87 65 25 23 48 2 64 44 65 37 
40 17 41 99 50 1 82 54 68 27 73 12 28 9 46 
74 86 77 67 34 84 7 31 13 7 53 32 45 29 52 
94 55 43 24 51 88 19 66 31 1 44 62 5 13 68 
26 68 56 59 93 15 35 65 40 8 7 70 92 37 46 
74 22 40 66 76 65 46 50 61 38 66 88 90 59 93 
MACHINES
5 15 14 13 4 6 11 8 7 3 1 9 12 10 2 
11 6 14 10 7 12 13 2 9 8 15 3 5 1 4 
6 2 10 12 3 9 4 15 1 13 5 8 14 11 7 
4 8 3 11 14 2 1 10 12 7 6 15 5 13 9 
9 11 5 13 6 1 8 4 14 15 12 2 7 10 3 
3 12 1 10 14 5 4 11 6 7 15 2 8 9 13 
12 14 15 9 8 7 5 1 11 13 2 3 6 10 4 
2 5 3 11 12 13 1 6 9 7 15 8 14 10 4 
1 15 7 13 5 11 10 3 4 8 12 9 14 6 2 
5 2 15 8 1 3 10 7 9 13 12 11 14 4 6 
9 3 14 7 11 13 2 15 6 5 8 12 1 4 10 
11 10 12 7 5 1 14 6 13 2 3 15 8 4 9 
12 10 5 11 7 6 9 2 3 8 15 14 13 1 4 
9 10 3 2 5 4 8 14 13 7 1 11 6 12 15 
12 11 6 13 4 14 10 3 15 2 7 1 9 5 8 
