5799578623,6103774773
15,15,15
40 96 95 86 60 82 65 10 34 74 97 51 83 9 31 
33 45 79 65 14 97 49 56 40 4 80 21 66 93 44 
48 66 82 38 99 9 10 19 92 97 87 20 70 67 72 
69 10 89 48 46 83 50 95 77 51 42 6 69 22 63 
32 34 19 3 32 25 16 85 65 81 84 34 65 50 69 
76 8 32 80 53 94 99 74 75 54 64 70 15 47 69 
18 7 88 39 2 3 72 30 26 39 50 69 62 58 22 
25 20 13 81 46 76 45 44 12 43 73 69 22 90 74 
46 34 64 16 82 32 66 97 79 57 49 92 11 24 59 
59 13 78 56 89 25 78 92 65 74 60 26 51 78 42 
72 64 56 19 81 46 60 42 22 13 3 62 85 50 30 
58 49 7 9 44 87 47 22 95 8 70 82 88 85 75 
5 89 14 28 16 9 15 88 28 58 45 3 38 85 92 
72 54 75 55 26 52 6 87 8 78 98 34 58 61 87 
40 30 8 2 28 41 3 3 3 83 49 29 83 93 28 
MACHINES
10 5 3 1 6 9 11 14 15 12 13 2 4 8 7 
13 12 5 14 4 3 11 10 15 6 2 8 9 7 1 
9 8 10 4 11 2 3 12 14 15 7 5 13 1 6 
15 11 9 10 5 4 14 13 2 1 3 12 8 7 6 
9 4 10 11 1 3 13 12 7 6 8 15 2 5 14 
14 1 6 4 12 9 10 8 13 2 7 15 3 5 11 
15 7 13 2 1 10 14 12 5 3 4 11 9 6 8 
10 6 2 13 9 4 15 7 3 14 5 11 1 12 8 
6 15 10 9 11 2 7 14 8 3 1 12 5 4 13 
12 2 5 9 13 15 7 3 14 6 11 10 1 8 4 
7 2 10 6 4 13 5 12 14 1 8 3 11 9 15 
10 8 14 2 13 12 5 3 15 1 4 6 7 11 9 
14 12 5 11 3 9 10 13 2 1 8 7 15 6 4 
10 14 6 9 7 4 5 1 8 3 15 11 12 13 2 
14 7 3 6 1 9 4 15 12 10 8 11 2 13 5 
