2685656558,4850731216
15,15,15
61 3 35 15 38 16 42 55 71 71 68 10 80 74 96 
93 94 16 82 8 54 15 1 48 73 5 37 16 12 83 
4 87 10 30 9 85 70 32 24 50 94 63 61 51 36 
38 21 60 70 41 94 38 81 75 93 74 90 42 48 21 
64 72 61 63 78 82 16 51 69 29 77 79 5 55 19 
23 66 22 2 64 49 82 89 31 21 99 54 32 70 44 
23 25 92 81 97 78 22 39 49 73 77 89 3 14 35 
70 87 17 82 99 88 47 58 12 81 53 94 30 74 59 
36 94 99 87 78 84 54 79 76 22 17 69 32 1 90 
2 20 54 64 85 52 50 20 23 28 83 40 32 53 88 
53 84 6 56 86 37 37 61 28 84 63 44 85 16 10 
16 99 81 94 88 77 26 9 41 66 52 86 43 59 93 
50 98 38 74 35 18 57 74 17 70 1 54 80 23 85 
63 49 49 99 19 45 17 55 54 57 74 79 67 51 63 
64 86 15 90 21 71 35 21 31 23 73 43 91 51 96 
MACHINES
15 6 13 11 5 12 7 14 10 8 3 1 4 9 2 
1 12 6 14 10 7 4 11 15 13 8 9 3 2 5 
5 12 10 3 11 15 13 9 7 6 1 14 2 4 8 
4 15 12 3 11 14 1 9 7 6 10 13 2 8 5 
3 15 2 11 10 4 8 9 6 12 14 5 13 1 7 
10 15 7 6 2 8 4 5 12 9 3 1 11 14 13 
9 1 13 2 4 14 6 11 8 12 7 3 10 15 5 
10 14 5 13 4 8 6 7 1 9 3 2 11 15 12 
6 13 15 10 12 11 14 9 7 8 4 5 1 2 3 
6 4 14 7 1 10 9 5 12 2 13 8 3 11 15 
7 11 12 9 8 13 10 15 1 5 6 2 3 14 4 
11 6 2 10 13 14 7 5 15 3 4 9 8 12 1 
7 12 6 5 9 10 13 14 4 15 11 2 3 8 1 
2 4 3 9 1 12 5 7 6 8 10 14 15 11 13 
14 11 6 9 7 2 4 15 1 13 5 12 3 10 8 
