1521412726,8229146954
15,15,15
34 63 57 7 94 22 23 99 95 56 83 7 84 5 19 
52 66 61 53 28 5 2 54 48 60 5 65 76 30 45 
39 62 38 40 43 16 91 44 47 38 95 95 82 73 90 
27 50 30 32 50 62 81 65 52 14 12 48 23 20 56 
23 51 98 99 80 57 93 53 67 64 94 30 85 20 21 
69 81 2 9 88 85 75 60 77 61 76 39 41 56 40 
55 32 17 37 14 52 77 41 55 47 91 71 4 62 17 
34 25 17 32 26 79 93 54 58 57 47 55 33 75 78 
72 84 7 75 63 52 42 37 6 91 62 46 55 60 88 
97 28 80 51 45 78 1 49 42 52 75 21 54 32 57 
46 12 67 67 50 90 2 46 59 88 42 1 82 64 45 
66 44 84 37 70 13 62 14 19 48 19 53 67 19 22 
80 8 41 45 57 76 62 53 70 59 49 89 65 92 36 
58 51 50 11 3 49 62 72 40 46 60 33 95 83 15 
3 21 23 98 69 25 73 90 18 79 56 13 94 83 89 
MACHINES
3 13 1 9 15 11 14 6 12 7 8 10 4 5 2 
2 15 9 8 13 10 11 14 4 5 1 12 6 7 3 
4 6 9 2 11 13 8 5 7 15 12 1 3 10 14 
5 6 1 15 8 10 4 2 11 13 14 7 12 9 3 
5 10 13 12 7 14 9 15 1 3 11 6 2 4 8 
10 11 5 1 3 4 14 13 12 8 6 2 9 7 15 
11 3 7 10 15 1 6 5 2 12 9 4 13 14 8 
2 8 10 12 13 7 14 3 5 6 4 11 9 1 15 
2 8 3 4 14 13 15 11 5 7 12 10 1 9 6 
2 9 12 4 6 5 7 14 1 11 8 3 15 10 13 
9 2 5 6 11 12 7 1 15 8 3 13 4 10 14 
1 13 11 15 4 8 12 7 10 6 14 2 3 9 5 
13 8 7 5 6 14 11 9 15 4 2 1 12 10 3 
2 3 7 11 10 1 13 14 8 9 12 4 15 5 6 
3 2 6 11 5 9 10 15 14 7 12 1 13 8 4 
