5529363149,8741073409
15,15,15
86 22 54 19 13 27 83 92 88 29 84 9 70 3 49 
70 62 78 41 97 96 5 40 83 20 20 17 99 33 74 
6 9 4 64 20 94 27 4 2 95 91 83 95 69 25 
65 60 34 85 32 4 71 57 73 40 95 66 81 53 6 
79 48 67 59 56 77 4 76 33 28 97 35 61 79 51 
40 80 25 76 13 76 7 66 53 83 94 9 19 47 74 
98 40 74 21 94 58 81 90 1 45 39 40 21 92 10 
13 54 47 87 48 89 3 96 75 20 27 99 12 87 59 
21 91 16 36 90 39 5 18 38 18 91 2 66 44 44 
33 46 18 93 24 58 60 69 43 6 14 6 58 82 3 
1 44 44 60 32 40 30 67 76 77 15 1 61 95 46 
56 17 35 85 43 97 63 76 91 45 9 57 63 59 12 
15 32 14 42 48 1 20 12 39 65 72 45 76 62 31 
19 79 12 67 73 90 99 99 14 3 83 92 92 93 80 
99 30 17 4 48 73 17 57 30 41 43 49 79 10 42 
MACHINES
13 8 12 3 10 6 9 4 1 2 15 14 11 7 5 
1 13 4 3 15 9 11 2 12 7 5 10 14 6 8 
14 1 9 15 8 5 4 12 2 3 13 10 11 6 7 
10 14 8 11 7 12 4 1 3 5 9 15 2 13 6 
6 2 14 1 9 10 11 4 13 3 12 7 15 5 8 
3 11 14 13 5 7 6 4 10 8 9 15 2 1 12 
6 10 5 2 1 8 7 4 12 13 9 11 15 3 14 
15 8 2 11 13 7 12 6 1 4 5 14 10 9 3 
7 8 15 3 4 2 14 5 9 1 10 12 11 13 6 
1 3 12 13 6 8 5 10 7 9 2 11 15 14 4 
3 2 10 14 6 9 12 8 15 7 11 5 4 1 13 
11 13 7 4 8 10 9 2 6 1 15 14 5 12 3 
7 3 5 15 9 1 12 13 8 11 4 6 2 10 14 
8 6 9 11 15 3 12 2 14 10 5 13 1 7 4 
11 3 4 13 15 12 6 14 2 10 9 7 8 5 1 
