1933068318,1696399415
15,15,15
65 85 54 48 87 59 43 56 47 87 90 72 3 8 42 
10 53 58 64 62 84 49 39 35 6 5 88 11 60 22 
31 64 91 29 40 19 47 86 7 30 2 74 12 75 8 
31 28 36 9 25 79 68 20 7 72 38 92 38 74 82 
62 50 10 75 64 43 36 79 19 5 69 18 91 99 76 
74 20 67 88 54 87 83 16 20 39 83 38 79 24 43 
36 8 42 22 60 67 10 48 9 85 83 19 98 63 20 
68 88 59 86 34 31 26 73 31 30 8 79 32 12 74 
87 25 31 50 1 10 2 87 89 3 38 42 11 44 68 
8 17 51 5 6 84 28 19 37 46 93 32 46 54 69 
36 55 65 14 4 85 15 16 85 41 80 2 75 87 10 
20 98 80 47 48 4 68 92 73 31 76 51 36 33 42 
62 52 23 66 69 94 79 44 49 6 46 63 61 36 78 
51 29 47 76 62 94 15 36 61 42 71 21 70 1 64 
44 86 30 6 40 4 26 22 93 68 95 42 27 89 40 
MACHINES
14 1 6 4 10 3 8 11 13 7 15 2 5 9 12 
12 2 14 5 1 10 15 6 7 3 8 11 4 13 9 
10 9 3 12 11 1 2 14 15 8 5 4 6 7 13 
8 3 15 13 14 6 10 12 11 9 2 4 7 1 5 
9 1 12 15 4 11 5 6 3 14 13 7 10 2 8 
10 1 5 15 12 8 13 3 9 7 4 14 11 6 2 
7 13 4 1 12 10 3 11 5 15 9 2 6 8 14 
10 2 7 9 8 4 3 13 15 5 1 12 6 14 11 
1 15 10 11 7 3 2 14 6 8 12 13 5 9 4 
5 3 10 4 13 8 6 1 9 2 15 12 14 11 7 
8 4 6 1 3 13 5 7 14 12 15 10 2 11 9 
1 14 11 7 10 2 8 6 9 3 15 12 4 5 13 
8 7 5 15 12 14 4 2 3 10 6 11 13 1 9 
11 3 9 13 10 14 5 15 4 8 1 7 12 6 2 
14 15 4 3 12 9 5 1 8 2 13 6 7 11 10 
