9406547190,4466720698
15,15,15
21 86 17 40 56 59 97 97 3 57 25 99 80 66 80 
31 31 68 17 82 24 13 29 18 79 22 4 71 60 45 
37 83 6 80 30 65 54 78 46 31 52 26 77 9 98 
82 91 87 10 47 25 84 37 60 14 46 64 83 40 42 
5 57 22 63 27 15 8 55 12 71 93 54 39 30 13 
41 17 69 72 68 21 1 71 48 39 98 44 4 87 40 
17 21 70 54 95 67 7 82 27 23 78 83 48 18 33 
67 1 83 48 27 57 98 74 49 77 75 84 88 82 20 
6 8 67 23 43 30 77 38 11 31 54 92 22 52 67 
47 45 52 32 85 50 16 43 11 59 8 50 33 56 75 
85 99 94 96 22 65 61 97 98 70 64 95 87 84 99 
74 49 70 72 56 84 49 70 43 21 81 60 92 59 91 
63 70 47 67 17 68 46 76 22 19 11 83 31 67 54 
68 6 56 4 46 12 24 83 37 27 72 47 5 23 34 
4 7 63 17 95 5 81 75 23 35 44 93 75 59 7 
MACHINES
2 8 6 11 5 14 4 3 12 1 9 7 10 13 15 
3 14 2 6 10 15 12 1 4 11 5 8 13 7 9 
1 7 3 4 5 10 2 8 9 13 11 15 6 12 14 
1 11 6 10 4 15 13 3 5 7 2 12 8 9 14 
10 13 2 6 8 4 11 7 1 5 3 12 15 14 9 
10 9 6 5 15 11 12 14 4 7 13 3 8 1 2 
7 9 3 10 12 6 2 15 5 8 13 4 11 14 1 
8 10 7 1 5 6 13 2 11 3 15 4 12 14 9 
9 13 15 12 2 4 7 6 14 11 5 8 10 1 3 
7 14 12 6 10 11 13 5 1 15 3 2 4 8 9 
7 11 8 3 14 1 13 2 4 5 9 6 12 15 10 
3 4 10 14 11 6 2 7 13 8 15 12 5 9 1 
5 3 4 7 12 6 1 13 10 8 2 14 15 9 11 
5 3 1 6 15 7 12 9 8 2 13 4 11 14 10 
14 10 2 4 13 6 5 8 3 7 11 12 1 9 15 
