1445556944,9657045099
15,15,15
60 32 48 65 95 21 45 91 75 81 88 22 12 53 69 
98 20 42 1 24 54 3 33 34 92 11 57 2 27 55 
60 61 19 48 99 77 46 19 89 61 45 1 55 4 23 
69 80 6 98 9 10 87 43 83 65 72 20 64 95 52 
64 3 15 87 33 73 11 82 9 34 78 87 49 47 98 
59 37 45 45 46 29 2 81 26 44 37 67 35 97 97 
88 71 70 68 12 90 63 48 1 49 93 21 51 27 30 
31 37 72 9 56 75 9 69 90 58 20 63 72 85 7 
64 68 71 90 42 46 42 48 70 11 73 58 24 34 63 
62 54 55 51 6 40 1 16 20 62 32 77 81 51 36 
55 78 84 9 65 8 58 92 2 1 35 83 58 51 31 
26 37 16 8 4 85 88 36 71 29 73 54 6 11 61 
67 73 65 40 87 20 64 44 52 41 23 48 99 82 83 
9 14 45 85 91 26 77 71 53 80 35 46 47 80 25 
24 29 64 9 51 54 29 97 60 80 28 46 66 6 15 
MACHINES
7 2 8 4 11 3 12 1 6 5 10 13 9 14 15 
11 10 9 8 1 2 3 15 4 12 13 5 7 6 14 
12 15 9 8 11 14 6 5 4 1 13 10 7 2 3 
13 1 4 5 14 12 9 2 15 8 3 10 11 7 6 
9 14 5 1 7 3 11 4 2 8 10 6 12 15 13 
6 7 8 11 14 13 9 5 10 12 2 4 3 1 15 
13 2 6 9 15 1 10 7 4 8 5 3 12 11 14 
6 10 5 3 2 11 13 14 12 4 15 8 9 1 7 
15 12 1 11 13 10 14 7 9 6 3 5 2 4 8 
7 11 8 10 1 15 4 12 3 5 13 2 14 6 9 
14 10 13 11 15 3 7 4 1 9 2 6 8 5 12 
11 2 5 7 13 12 14 4 10 9 1 6 8 3 15 
8 1 4 15 5 9 7 14 11 13 10 2 3 6 12 
11 4 9 10 7 8 6 15 3 1 13 2 5 12 14 
7 14 11 12 9 10 2 15 3 8 5 13 6 4 1 
