5358484380,4653350634
15,15,15
84 85 9 17 98 52 69 64 77 92 43 27 17 44 33 
49 90 68 53 34 93 48 45 64 42 26 71 80 94 22 
70 21 46 95 31 27 97 37 29 5 93 29 12 35 89 
50 93 66 74 17 59 57 71 62 23 62 69 15 22 99 
77 13 35 3 49 25 42 91 43 89 99 5 5 1 31 
99 72 36 74 94 97 3 78 28 3 78 43 88 86 76 
40 94 98 74 3 9 90 61 55 75 36 37 98 15 81 
44 48 89 14 98 6 53 84 63 3 74 36 48 36 74 
76 52 1 44 86 49 73 52 99 69 5 75 77 78 14 
32 36 49 22 7 63 29 68 67 93 94 37 94 67 82 
72 60 22 30 43 5 70 8 45 53 14 86 45 80 28 
16 39 84 85 13 8 31 36 81 82 38 17 68 35 21 
39 34 97 38 73 84 53 4 83 27 32 43 29 90 57 
59 44 64 64 99 83 15 28 57 98 19 19 86 60 65 
62 10 47 5 72 18 19 10 74 45 14 81 98 92 11 
MACHINES
8 4 1 13 14 2 3 11 9 15 10 6 5 12 7 
2 5 10 11 12 6 14 15 13 9 4 7 3 8 1 
15 3 2 7 1 12 8 14 11 6 4 10 9 13 5 
7 13 1 6 9 12 4 14 8 15 2 11 3 10 5 
10 13 12 15 14 11 2 4 6 7 3 8 9 5 1 
6 8 2 4 7 15 1 11 14 12 10 3 5 9 13 
9 4 12 5 13 3 1 8 2 10 6 11 14 7 15 
10 1 9 12 11 5 4 3 13 8 15 7 2 14 6 
11 12 14 5 10 15 3 6 7 13 2 9 1 8 4 
11 10 12 8 4 9 7 13 5 3 15 2 1 14 6 
10 8 1 3 14 11 15 6 5 12 13 7 2 4 9 
3 14 5 8 15 13 2 10 11 7 12 1 9 6 4 
14 15 2 7 12 8 10 1 3 4 5 9 13 11 6 
7 9 8 1 12 6 14 11 10 2 5 13 3 15 4 
4 3 12 10 1 5 14 13 6 7 15 9 8 11 2 
