1924272228,3111057829
15,15,15
29 61 25 69 98 85 59 25 59 63 61 83 65 13 26 
50 76 48 5 34 34 53 85 31 36 83 39 19 99 47 
60 61 68 97 82 94 55 26 10 79 12 31 54 45 72 
21 81 72 15 22 60 68 43 77 56 44 37 4 81 38 
44 60 54 31 2 16 84 96 88 82 29 6 6 16 55 
86 29 64 27 12 93 25 28 69 75 92 15 2 20 92 
24 82 49 78 75 77 40 6 30 91 74 59 92 44 18 
74 3 34 50 95 79 99 92 98 78 84 85 88 50 18 
21 87 4 29 93 56 6 47 37 18 72 94 6 58 54 
56 59 98 11 39 21 42 58 31 58 44 26 16 93 26 
8 9 84 97 38 67 81 28 99 10 52 92 62 99 19 
22 90 84 9 60 89 75 8 8 63 84 10 5 96 85 
83 60 74 17 51 68 68 10 72 22 73 53 37 15 22 
83 79 24 25 93 76 17 47 16 36 75 10 62 60 99 
48 62 23 17 16 32 8 66 39 40 2 73 62 78 5 
MACHINES
1 11 13 6 15 9 2 4 7 12 8 14 5 10 3 
4 10 15 2 8 5 1 14 6 13 3 12 9 7 11 
11 2 14 10 5 12 1 8 15 9 3 13 7 6 4 
14 5 8 3 1 15 2 10 9 11 13 7 12 4 6 
9 12 5 1 6 7 14 3 15 11 4 2 13 8 10 
6 5 15 3 7 13 12 4 11 14 2 1 10 8 9 
5 7 8 11 9 4 6 3 12 1 2 10 13 14 15 
8 2 10 3 1 7 12 4 14 5 6 9 11 15 13 
13 14 1 3 15 10 5 2 12 9 8 4 6 7 11 
5 2 15 11 6 13 8 9 1 3 12 14 10 4 7 
4 13 15 1 8 12 5 9 3 10 2 6 7 14 11 
13 5 14 7 6 1 10 4 9 3 15 11 2 12 8 
11 7 13 4 8 3 9 2 10 12 15 5 1 14 6 
4 7 15 12 5 13 11 9 10 1 14 2 6 8 3 
7 2 8 13 11 15 12 9 6 1 5 4 10 14 3 
