2323780251,6091304513
15,15,15
80 55 14 47 63 84 6 58 54 32 36 31 92 88 82 
20 13 41 80 6 33 21 68 40 90 94 11 19 79 41 
4 93 75 55 51 94 67 75 6 76 74 66 61 53 70 
83 93 97 29 76 67 18 94 99 81 34 79 41 80 72 
5 66 17 30 65 55 95 7 5 67 19 87 56 40 96 
57 39 2 96 58 97 17 38 15 7 54 59 91 85 16 
41 19 48 87 95 2 38 83 85 53 23 45 67 75 14 
13 16 22 34 77 69 53 66 14 31 83 15 51 78 87 
30 74 84 45 49 44 49 86 78 99 32 58 83 80 92 
82 52 87 70 57 46 31 98 15 52 65 83 10 94 97 
38 35 64 97 37 47 4 93 29 8 86 17 93 98 41 
61 85 87 59 21 78 2 9 83 94 3 70 92 22 54 
9 19 81 27 43 77 63 66 9 61 68 71 36 60 56 
65 8 65 23 42 40 57 83 9 69 71 61 54 64 5 
95 87 59 70 46 42 36 95 93 59 9 84 87 39 45 
MACHINES
12 6 2 1 4 15 7 9 5 8 3 13 14 11 10 
4 1 2 5 10 11 15 7 3 6 9 8 14 12 13 
15 1 9 10 4 3 7 2 12 8 13 14 6 11 5 
5 12 6 4 13 9 14 3 11 7 15 1 8 2 10 
15 1 14 5 12 6 3 9 13 8 10 4 7 2 11 
11 6 2 7 15 13 5 14 3 8 10 1 4 9 12 
3 9 5 11 6 1 10 15 12 7 2 4 8 13 14 
13 11 2 4 6 3 8 7 9 10 5 14 12 1 15 
6 15 9 8 13 12 14 3 11 2 5 10 7 1 4 
4 14 8 10 7 15 11 12 1 5 6 3 13 2 9 
6 8 4 14 2 5 9 15 13 1 12 10 7 11 3 
12 9 11 3 13 4 8 15 7 6 10 2 1 14 5 
11 13 9 2 10 7 1 4 14 8 6 3 5 12 15 
2 11 3 10 1 8 5 4 6 13 7 12 14 9 15 
2 8 6 13 15 1 10 4 5 9 11 14 12 3 7 
