7231628135,9033909649
15,15,15
71 51 2 30 73 11 36 9 22 49 25 47 23 88 68 
65 73 69 93 48 97 86 94 50 83 17 98 18 83 94 
25 17 87 37 61 57 77 64 69 62 31 26 52 79 96 
32 50 38 13 45 76 51 69 20 11 46 80 58 39 2 
85 97 6 51 86 84 83 54 69 17 95 60 19 55 43 
46 40 72 1 63 38 28 64 34 29 36 65 26 79 76 
38 65 16 26 86 75 24 48 37 79 33 23 16 23 20 
51 59 62 82 26 68 34 85 62 24 33 57 78 51 55 
27 66 2 84 85 5 71 19 16 11 33 87 25 81 62 
20 38 15 84 99 14 1 81 84 46 73 68 22 72 83 
27 74 80 77 44 12 45 62 56 34 76 83 25 74 88 
71 97 40 98 98 26 60 97 3 66 60 42 4 87 24 
47 24 38 71 8 48 85 45 89 17 7 54 63 26 30 
89 82 91 86 64 92 71 48 64 94 92 30 29 51 8 
35 55 63 90 5 23 2 29 92 16 33 34 19 71 33 
MACHINES
6 9 15 5 10 8 1 4 12 3 13 2 11 14 7 
4 11 15 8 9 14 7 10 5 2 1 13 3 6 12 
10 5 4 12 7 11 14 2 9 1 13 15 6 3 8 
3 8 6 2 10 1 14 11 7 4 12 5 9 13 15 
15 7 4 2 9 3 10 11 8 5 6 13 14 1 12 
14 10 12 11 5 7 2 15 1 6 4 13 9 3 8 
13 3 9 5 2 1 8 4 10 7 14 15 11 6 12 
9 3 4 15 11 14 5 1 8 12 6 10 7 2 13 
9 15 11 4 13 3 2 5 14 12 7 10 1 8 6 
9 12 10 11 7 6 14 8 1 2 3 13 15 5 4 
9 6 14 4 3 7 15 10 8 12 1 13 11 2 5 
13 11 10 9 5 7 3 1 6 15 14 12 8 2 4 
12 7 6 15 2 14 13 4 1 3 11 8 9 10 5 
11 15 13 1 12 3 6 5 14 4 8 9 7 10 2 
9 8 2 12 10 4 14 3 15 7 1 13 6 11 5 
