4462833371,5556721435
15,15,15
95 88 24 23 99 6 32 69 4 2 36 36 48 62 40 
43 59 33 7 98 9 74 8 16 8 14 74 56 16 17 
51 83 57 72 99 4 79 94 9 65 89 37 22 44 63 
80 17 6 85 26 4 78 32 15 36 63 68 75 28 8 
42 67 10 63 52 83 10 84 8 5 28 99 91 54 68 
90 34 84 74 29 59 80 79 18 90 47 63 97 57 16 
52 86 76 27 56 68 67 3 50 35 15 35 8 89 64 
79 81 46 22 41 3 96 6 65 85 97 18 85 37 77 
7 52 92 56 22 66 34 40 5 17 99 20 95 67 8 
68 17 86 33 85 35 12 39 5 12 39 89 61 49 55 
9 75 42 49 5 93 14 23 34 8 85 43 78 46 61 
18 4 38 33 71 83 74 28 66 57 48 38 95 71 16 
96 53 54 66 51 5 98 57 11 79 54 64 67 60 65 
81 15 85 22 93 19 89 13 71 17 34 61 29 2 14 
50 76 63 57 87 36 35 41 35 59 23 75 51 14 36 
MACHINES
12 8 5 2 6 1 4 14 7 13 3 9 15 10 11 
7 4 1 5 3 13 2 11 10 12 14 6 15 8 9 
10 13 8 12 3 14 11 15 9 4 2 1 6 5 7 
1 5 15 7 11 10 9 2 14 4 13 8 12 6 3 
10 3 9 7 13 8 1 6 12 15 14 5 4 11 2 
10 7 14 13 4 12 3 2 5 15 1 6 8 9 11 
7 3 11 13 6 4 10 14 15 5 1 12 2 8 9 
8 9 4 6 5 14 13 15 7 11 2 12 10 3 1 
13 4 6 14 10 5 9 1 12 11 2 3 15 8 7 
5 10 9 14 13 3 12 7 8 2 6 4 11 15 1 
7 14 15 8 4 12 1 13 10 6 2 11 9 5 3 
1 10 9 13 11 7 12 4 8 15 3 2 14 5 6 
15 2 7 11 14 5 13 9 10 3 12 1 6 4 8 
5 11 7 9 1 6 10 2 12 14 8 15 13 4 3 
14 8 9 7 11 2 4 10 15 3 1 12 6 13 5 
