3893307164,6896667533
15,15,15
86 85 35 84 90 40 25 13 42 76 66 35 58 22 67 
60 95 90 21 33 53 88 49 71 27 58 27 50 15 15 
25 2 34 66 5 57 28 9 80 94 71 47 41 93 65 
4 5 86 71 39 79 19 93 12 53 12 66 27 35 46 
54 83 21 27 64 38 5 30 63 61 19 32 4 21 78 
78 77 40 92 37 92 66 20 65 20 79 83 73 64 63 
95 18 70 79 94 13 23 78 57 62 65 46 56 93 12 
97 72 66 44 85 52 71 53 16 63 13 60 2 80 39 
62 68 52 15 22 41 97 13 21 12 69 13 42 19 86 
26 66 97 84 32 76 12 73 66 10 50 27 57 13 74 
31 43 21 32 87 68 95 1 71 32 81 91 38 35 19 
80 45 20 22 66 67 84 7 52 37 59 26 82 33 90 
83 44 44 96 35 48 15 12 91 86 81 32 72 52 26 
18 6 92 96 49 31 87 72 46 64 79 68 86 29 62 
69 53 20 39 56 39 7 25 28 60 48 13 33 78 15 
MACHINES
7 14 3 8 6 13 10 12 11 15 2 5 4 1 9 
8 3 9 14 7 1 5 6 12 4 10 2 11 13 15 
14 6 8 7 11 2 12 15 3 10 5 13 1 4 9 
13 2 12 7 5 14 8 4 6 9 3 10 1 15 11 
5 9 12 8 1 10 3 13 6 15 7 2 4 14 11 
9 7 10 1 11 5 15 8 3 6 2 4 14 13 12 
13 8 1 4 11 5 2 9 6 14 12 15 10 3 7 
6 7 12 2 11 15 3 5 4 9 14 10 1 8 13 
9 14 2 4 10 6 3 15 7 12 5 13 1 11 8 
11 14 12 1 3 15 5 13 4 6 2 7 9 10 8 
9 13 3 8 10 14 6 12 11 5 1 4 15 7 2 
3 10 13 12 1 9 8 14 4 11 2 5 7 6 15 
9 5 3 7 13 6 1 11 8 12 15 2 4 14 10 
8 4 9 1 3 14 2 5 7 12 10 15 13 6 11 
8 7 14 3 5 13 10 12 9 6 1 2 4 15 11 
