5387294852,8455956304
15,15,15
44 86 55 37 76 95 5 17 22 73 74 79 86 95 87 
7 22 22 6 72 55 50 8 7 4 59 75 56 3 40 
24 57 28 90 22 63 28 10 70 81 3 71 59 98 36 
14 36 8 62 75 96 91 40 28 57 2 88 11 74 33 
8 33 67 1 91 41 62 44 16 46 65 20 87 24 24 
36 51 80 91 50 64 11 61 14 20 17 93 26 44 60 
35 72 41 15 56 28 49 56 2 23 37 91 33 24 26 
40 62 71 40 5 78 70 68 75 19 65 49 13 96 27 
83 16 61 51 68 99 26 7 55 79 17 19 69 47 6 
67 3 38 84 16 6 91 69 93 44 83 39 13 70 97 
5 28 87 22 52 25 40 26 93 9 52 58 60 93 89 
87 47 82 9 59 67 1 23 34 49 84 67 68 34 38 
87 47 38 60 76 85 77 52 12 42 90 7 21 45 59 
88 54 76 54 29 55 19 88 12 61 57 40 20 81 30 
24 16 53 4 6 4 63 57 81 50 34 30 14 77 71 
MACHINES
15 14 8 10 9 5 13 11 4 7 2 6 12 3 1 
10 12 15 9 5 3 14 8 1 11 6 7 13 4 2 
12 7 11 8 10 1 15 2 5 9 14 4 6 13 3 
1 4 6 2 5 15 9 11 12 13 14 3 8 10 7 
3 9 14 10 1 6 12 11 5 8 4 13 7 15 2 
12 3 11 8 1 6 5 2 15 4 7 9 10 14 13 
2 12 1 13 6 3 14 7 11 10 4 9 8 5 15 
9 6 13 14 2 15 7 3 4 8 1 5 12 10 11 
4 14 13 11 6 10 3 12 1 7 15 8 2 9 5 
11 1 5 6 7 15 9 2 3 12 10 14 8 4 13 
4 3 10 13 12 15 7 9 5 8 14 6 1 2 11 
4 11 5 12 6 8 2 3 10 13 7 15 14 9 1 
7 1 2 10 5 14 9 4 11 12 13 6 3 8 15 
7 13 15 6 12 9 14 4 3 10 1 11 5 2 8 
13 5 2 11 3 15 10 9 7 6 14 4 8 12 1 
