1855132412,8791013969
15,15,15
72 2 47 62 32 65 31 6 80 94 36 58 43 58 48 
99 71 52 72 74 32 89 77 42 57 43 31 17 18 69 
11 2 51 4 72 2 63 30 4 76 20 35 7 97 72 
35 14 78 31 31 48 59 94 28 65 79 22 45 28 49 
82 38 46 33 16 5 77 34 71 39 68 34 88 58 2 
98 65 44 46 50 32 13 55 81 81 78 61 62 64 69 
80 19 79 33 28 44 27 49 40 17 81 81 87 32 84 
51 89 47 24 78 25 6 91 39 72 7 54 91 90 9 
57 78 90 93 91 36 40 12 37 45 30 95 72 91 80 
78 47 98 72 20 3 43 30 41 26 73 85 5 76 19 
47 98 47 99 81 46 47 23 14 91 35 5 26 49 90 
4 81 23 25 21 70 25 46 44 68 77 3 15 40 85 
66 6 82 71 40 84 60 7 63 93 31 19 28 91 58 
31 3 13 91 7 53 27 6 85 97 4 40 24 23 12 
95 18 24 85 34 69 70 82 58 74 60 51 60 61 63 
MACHINES
15 4 14 9 6 10 5 13 3 8 11 12 1 7 2 
5 11 12 15 8 13 10 1 6 9 2 14 4 3 7 
15 12 5 13 1 2 10 7 11 6 14 4 9 8 3 
6 3 7 9 11 1 5 13 14 8 12 2 10 15 4 
4 10 13 11 5 6 12 9 8 14 3 2 7 1 15 
8 7 9 15 11 4 12 6 2 14 3 5 10 1 13 
5 7 12 2 6 4 14 10 1 8 11 13 9 15 3 
1 12 4 14 11 15 10 8 7 6 2 13 9 3 5 
11 14 15 13 7 9 8 3 4 1 6 5 12 10 2 
13 15 6 10 12 3 5 7 14 8 4 9 1 2 11 
14 11 5 4 2 15 1 10 7 6 8 3 12 13 9 
1 10 14 12 8 3 15 11 9 7 6 4 13 2 5 
10 15 2 9 5 6 7 1 13 14 12 11 4 3 8 
7 15 11 6 9 1 4 8 12 10 14 2 13 3 5 
2 9 1 8 12 5 11 6 7 10 14 3 4 15 13 
