9769255980,1627222295
15,15,15
25 50 50 27 76 69 37 58 49 26 67 2 57 4 47 
26 5 24 16 14 49 15 49 30 53 76 60 58 18 33 
97 38 68 92 54 74 35 91 92 23 38 68 85 75 45 
27 59 17 98 7 56 5 66 59 14 79 54 72 79 7 
9 66 96 70 86 2 84 44 93 42 90 71 96 16 74 
18 2 92 39 19 16 20 28 21 36 27 81 93 61 77 
27 1 49 72 37 77 18 99 82 69 24 24 30 65 89 
24 62 6 7 32 38 74 32 67 89 75 71 25 91 40 
43 99 55 71 61 94 98 35 90 41 90 46 65 65 62 
90 79 24 55 19 72 24 2 97 76 32 96 64 86 10 
79 66 45 39 4 90 92 93 25 41 74 99 71 8 77 
36 27 82 78 38 25 4 66 5 53 92 90 38 60 79 
91 44 45 87 34 65 4 12 25 88 80 34 92 55 6 
11 2 49 46 52 64 54 66 35 42 2 21 8 76 58 
24 93 16 20 49 37 12 92 27 18 4 68 88 53 91 
MACHINES
13 7 2 4 5 10 9 15 8 6 3 11 12 1 14 
6 14 11 15 3 5 8 10 9 1 13 4 12 7 2 
15 3 13 8 2 10 11 9 4 14 5 12 1 7 6 
10 15 7 11 9 1 3 8 13 12 6 5 14 4 2 
2 9 6 7 15 13 3 5 12 10 11 14 1 8 4 
12 15 8 1 7 14 9 4 5 10 2 3 11 6 13 
10 5 15 4 3 6 2 13 11 9 12 8 7 14 1 
4 14 11 3 2 8 13 15 12 10 6 9 5 1 7 
8 11 10 15 12 9 5 6 4 2 7 3 1 14 13 
5 3 13 2 4 10 8 6 12 15 11 1 14 7 9 
15 5 11 8 13 3 6 4 14 12 10 7 9 1 2 
15 13 6 8 7 11 14 12 9 2 3 10 4 5 1 
14 4 8 12 13 6 15 7 1 10 2 3 5 9 11 
7 14 8 6 1 11 4 15 13 5 12 9 2 3 10 
8 14 6 3 1 10 12 5 15 11 13 2 9 4 7 
