2064400165,5461016499
30,30,30
93 29 24 70 63 15 34 41 98 23 57 71 22 99 5 33 74 91 74 91 61 27 17 98 97 20 75 13 34 21 
69 23 61 47 34 43 14 79 53 55 16 12 81 47 14 3 89 93 94 61 38 78 36 58 50 67 68 30 11 98 
12 32 75 41 34 81 7 94 20 52 82 31 94 74 27 95 9 39 2 43 84 55 46 63 72 94 61 9 23 32 
61 62 91 45 97 61 89 14 20 26 55 54 45 40 7 71 6 2 38 52 64 70 36 1 42 75 65 74 65 2 
72 41 31 31 53 95 32 19 67 14 44 39 69 88 54 11 64 22 14 49 59 53 78 27 73 14 74 53 89 87 
4 81 20 51 44 59 9 57 68 40 24 21 9 19 69 66 42 59 67 90 82 7 92 62 62 11 60 50 82 67 
7 77 61 80 51 22 93 71 14 29 55 99 36 21 77 65 19 7 1 31 99 52 25 53 4 63 43 48 55 65 
39 73 90 53 48 51 69 7 83 31 86 71 88 70 82 24 20 79 17 20 86 80 88 87 12 20 40 11 76 40 
99 77 1 64 87 10 15 30 75 83 81 19 59 90 89 91 97 18 18 94 78 57 95 71 97 18 53 89 46 46 
25 1 66 89 4 2 77 30 56 96 52 27 15 40 47 74 3 6 30 17 39 68 11 72 33 72 65 84 30 31 
36 94 32 5 77 28 37 91 66 98 5 52 42 94 8 83 90 54 14 46 91 51 41 42 46 61 54 66 82 52 
67 58 39 4 27 27 96 82 6 41 97 48 28 19 64 26 95 80 41 36 64 14 79 20 42 12 20 7 72 55 
20 85 91 82 6 6 4 23 9 84 79 10 36 4 7 33 39 93 23 33 41 41 58 14 67 4 27 86 22 96 
50 89 90 81 21 56 88 58 5 96 73 67 67 19 13 7 20 32 31 3 25 4 34 50 13 92 96 33 80 22 
98 41 55 9 67 6 91 36 83 78 70 45 29 54 34 74 27 98 24 6 34 67 45 74 58 54 58 31 80 15 
53 62 70 80 59 26 8 85 43 48 39 56 62 71 15 36 28 82 97 22 87 42 74 99 90 62 15 94 5 36 
75 30 70 7 79 20 18 14 33 67 49 72 19 24 45 18 93 13 88 5 53 38 21 78 70 90 34 32 66 60 
77 43 24 56 61 15 48 97 73 15 75 76 30 93 49 67 27 77 85 91 5 85 26 30 91 70 92 99 33 3 
3 99 40 58 37 42 12 38 70 24 89 77 83 34 76 41 36 89 15 28 61 33 47 59 72 87 43 98 81 58 
43 88 93 55 37 86 27 45 59 30 64 55 62 44 74 69 35 41 39 93 87 49 65 48 91 23 75 4 10 3 
31 74 91 61 54 7 61 93 97 22 11 82 52 14 85 24 14 37 46 59 21 33 15 84 35 3 22 25 94 5 
18 62 16 34 46 67 53 17 44 7 25 57 77 49 17 53 23 66 70 4 24 77 71 54 38 80 95 45 91 68 
17 79 27 82 47 33 46 41 53 89 7 37 53 21 7 57 43 44 13 30 85 27 38 40 93 26 64 28 50 85 
62 7 67 62 8 62 87 38 34 58 80 56 61 33 60 37 68 99 29 63 94 36 69 83 79 97 31 88 77 48 
89 36 49 80 20 92 44 82 7 45 73 43 32 25 94 90 26 7 87 33 79 10 38 73 88 64 71 96 24 38 
73 43 83 1 18 20 25 13 46 71 49 41 57 23 64 1 31 65 80 30 1 69 67 48 68 32 33 25 76 22 
76 61 34 94 59 9 21 12 29 53 84 1 55 78 30 41 54 38 49 36 41 42 53 41 98 48 79 68 70 17 
98 59 4 87 36 86 98 75 40 15 80 57 90 26 48 64 74 15 96 8 79 29 71 89 40 8 2 70 67 88 
71 90 47 69 61 58 39 19 16 3 6 31 79 28 59 32 61 36 45 36 46 14 7 65 32 42 35 64 37 98 
8 70 27 62 94 28 42 6 40 56 91 11 1 80 3 93 15 88 81 43 79 33 51 96 90 95 64 26 29 37 
MACHINES
23 17 25 4 26 15 18 19 6 22 11 9 24 3 7 1 20 29 27 21 5 28 10 14 8 13 12 2 30 16 
20 27 14 29 30 1 4 8 13 12 3 5 23 11 18 2 6 17 9 7 10 26 19 16 28 22 21 25 15 24 
3 6 29 14 26 30 21 11 2 10 13 5 17 4 9 25 15 7 16 24 23 22 20 12 19 1 8 28 18 27 
16 21 29 20 12 5 24 3 14 8 27 25 9 2 15 28 4 30 13 17 6 22 10 11 19 26 18 23 1 7 
1 18 22 7 9 21 6 30 5 23 16 29 27 15 14 12 11 3 28 8 20 4 25 26 19 17 24 13 10 2 
28 6 25 12 17 15 22 19 7 14 3 1 16 9 5 2 29 8 20 23 21 26 30 27 4 24 10 11 18 13 
1 2 29 23 4 24 25 28 6 16 27 14 9 18 5 13 10 7 21 12 8 26 19 15 3 17 11 30 20 22 
14 27 30 23 2 3 10 22 21 8 4 18 6 1 7 28 15 9 16 17 29 20 19 12 13 11 26 24 25 5 
13 5 21 7 27 18 17 30 1 20 26 23 25 3 24 6 2 11 22 8 19 29 15 14 28 12 9 4 10 16 
11 28 20 26 6 9 18 3 16 21 30 10 24 7 12 2 25 5 17 8 14 19 1 15 13 29 4 22 23 27 
26 23 25 24 10 27 8 4 28 20 14 16 3 13 2 9 1 19 11 29 12 7 6 22 17 21 15 5 30 18 
13 27 30 17 22 29 8 11 21 24 9 6 25 16 2 28 3 5 19 15 10 26 23 20 1 18 12 14 4 7 
25 21 19 12 3 5 29 14 4 23 16 18 11 9 26 10 20 2 15 17 22 28 24 13 8 27 1 30 7 6 
18 17 7 12 9 13 22 25 16 2 5 23 3 19 6 20 8 21 1 26 24 4 11 28 27 14 30 10 29 15 
8 19 26 29 13 16 28 6 22 2 18 9 10 30 23 17 4 24 27 25 12 1 3 5 21 20 11 7 15 14 
18 2 6 21 5 19 20 8 16 30 15 23 14 26 17 12 29 13 1 10 3 22 11 7 28 24 25 4 9 27 
14 9 23 8 17 15 7 29 16 11 6 28 4 20 24 10 30 3 13 2 26 25 5 12 1 22 18 21 19 27 
17 8 2 30 18 26 7 29 14 10 20 21 4 6 16 28 1 11 13 3 12 19 15 9 23 22 24 5 27 25 
25 13 29 5 12 10 19 4 15 20 3 22 23 17 7 24 14 9 6 18 27 28 16 1 2 21 30 26 11 8 
30 3 28 18 15 11 5 22 23 9 25 20 2 26 17 21 27 14 8 16 29 24 6 12 13 1 19 10 4 7 
13 22 24 17 5 21 11 23 16 8 9 20 18 15 14 7 28 29 30 10 2 3 1 6 25 26 4 12 19 27 
26 8 10 5 23 13 21 16 30 6 18 22 9 27 4 24 3 1 14 17 28 7 25 15 29 11 19 2 12 20 
23 17 27 19 11 7 22 24 3 30 6 5 9 14 12 16 8 1 15 2 13 20 10 25 18 4 29 26 28 21 
4 28 23 2 10 27 17 13 11 26 12 21 5 25 15 9 20 8 14 6 30 7 22 24 3 19 1 16 29 18 
15 30 20 10 12 13 6 11 25 4 18 28 2 29 19 17 9 23 5 24 26 3 22 7 1 27 16 14 21 8 
14 5 18 20 15 8 4 7 6 24 21 22 27 10 29 12 28 25 11 3 1 9 30 23 19 17 26 2 13 16 
29 14 7 27 28 9 12 18 5 6 19 22 24 8 15 1 2 13 10 30 11 26 21 4 20 25 16 3 17 23 
15 27 5 17 29 12 11 30 8 23 22 19 25 13 4 1 16 7 28 6 14 9 20 10 2 21 24 26 18 3 
9 24 10 27 7 4 15 5 26 20 19 8 18 3 16 28 25 13 30 21 14 12 17 22 11 2 23 1 6 29 
5 8 16 3 20 25 22 1 19 28 6 24 15 29 18 9 13 14 17 30 7 2 12 10 23 27 21 11 4 26 
