9453448835,2027085379
30,30,30
72 13 91 50 37 21 69 88 28 22 10 43 56 77 73 17 59 71 72 37 76 92 31 55 94 82 44 53 94 89 
68 15 14 76 98 67 16 59 26 81 5 32 40 28 3 58 93 4 34 62 31 92 2 57 74 46 73 84 31 86 
54 31 79 45 58 69 29 60 83 8 2 71 15 71 32 10 34 11 77 56 83 91 25 14 14 85 62 80 43 48 
53 9 10 24 47 40 95 51 88 75 95 27 92 31 1 88 24 22 79 4 19 87 21 1 56 7 1 10 76 57 
7 59 24 65 14 43 59 63 89 78 55 57 21 95 90 95 24 92 58 14 42 7 16 52 40 8 15 25 34 37 
6 67 24 18 21 46 54 49 95 22 56 9 26 73 31 42 17 71 72 18 3 6 60 27 84 70 72 7 90 58 
35 1 81 86 61 36 99 27 69 76 87 94 77 47 85 10 74 43 33 99 38 71 56 76 33 24 56 20 22 72 
44 65 56 21 53 39 48 62 57 65 9 67 28 61 24 47 96 30 9 58 36 49 96 21 67 61 65 93 37 69 
85 86 29 9 99 88 33 70 32 50 91 93 70 94 21 10 51 88 15 15 30 90 83 37 90 33 23 19 38 60 
8 71 51 34 73 50 60 27 65 8 22 89 21 90 39 10 80 22 98 98 76 16 24 25 75 73 31 60 1 9 
34 37 32 34 97 9 49 34 51 40 85 73 34 23 82 39 43 88 45 17 75 23 22 81 63 98 74 33 44 6 
31 62 22 49 92 98 71 27 67 11 67 91 92 96 82 42 41 70 10 5 44 66 18 62 2 21 19 42 91 81 
90 41 11 77 19 35 92 62 63 36 68 1 87 74 51 34 33 93 29 76 21 98 27 3 47 98 96 50 37 2 
38 93 46 48 91 91 91 64 13 40 41 72 53 2 73 11 44 88 55 4 58 72 99 25 43 35 89 69 38 40 
28 74 51 86 32 71 97 92 92 79 11 96 89 43 27 97 54 7 20 4 41 10 85 82 32 23 55 15 74 8 
70 90 60 51 87 22 13 87 87 62 72 2 61 22 52 53 76 65 2 33 30 3 36 9 28 83 51 18 61 60 
30 98 17 14 1 23 82 51 44 65 5 19 62 69 40 66 43 92 84 17 42 50 43 36 62 1 75 80 76 81 
84 37 82 92 74 88 81 34 14 30 39 55 16 57 44 54 25 8 37 32 6 63 25 7 63 22 72 17 63 53 
82 66 97 67 88 92 88 40 86 99 81 30 48 97 70 54 55 19 47 10 6 65 56 55 99 35 72 84 12 36 
11 99 20 6 78 86 79 12 58 38 29 92 94 38 15 49 20 84 39 40 30 1 48 9 72 87 15 26 80 7 
28 90 22 58 77 24 61 76 76 48 72 21 60 69 31 42 17 67 8 50 27 31 87 14 64 27 33 26 96 81 
43 67 52 16 32 52 88 66 10 80 45 54 73 26 10 53 48 84 48 34 66 7 17 60 34 99 41 16 64 55 
42 51 43 76 5 27 79 86 29 35 56 19 99 36 87 26 74 48 2 7 55 21 54 79 15 88 6 3 24 69 
57 95 18 90 47 4 6 70 67 73 72 12 67 2 76 18 32 61 27 35 38 13 98 3 76 25 11 83 95 52 
75 78 51 19 63 13 58 73 20 98 23 58 55 20 43 22 41 38 22 70 96 19 5 55 43 95 12 42 62 23 
5 79 30 82 60 35 47 85 14 47 52 91 8 82 61 43 62 87 10 41 41 55 25 48 25 32 88 22 76 75 
18 30 44 22 48 84 14 52 84 31 10 33 26 17 68 2 35 27 91 73 99 62 44 51 74 95 91 32 51 14 
73 55 1 91 71 25 99 63 43 66 2 15 70 55 16 11 22 28 62 1 90 46 56 44 9 18 24 50 14 91 
56 28 76 37 63 29 83 75 56 3 30 39 3 4 79 27 84 75 66 78 68 46 52 89 50 86 94 92 86 17 
95 80 38 41 79 73 33 44 96 95 45 20 75 13 94 49 9 17 79 46 3 85 89 62 4 14 59 73 38 93 
MACHINES
6 4 26 12 3 28 15 5 17 14 24 19 7 30 23 11 9 16 10 18 29 27 25 20 8 1 13 22 21 2 
15 10 8 25 12 21 20 5 24 13 16 22 27 23 3 14 30 17 26 11 18 9 7 4 1 29 19 2 28 6 
25 17 9 29 15 10 24 2 23 13 4 1 5 19 27 28 20 7 6 22 14 30 3 18 26 16 21 11 8 12 
26 11 19 17 7 27 13 2 21 24 28 14 25 30 3 23 18 8 20 6 16 12 9 15 1 22 5 4 10 29 
2 21 7 11 5 4 12 29 19 26 25 16 10 13 20 23 22 1 28 8 18 6 3 9 27 15 17 30 14 24 
17 24 19 3 2 25 1 13 6 16 10 5 14 26 21 23 11 9 12 30 20 4 28 27 15 22 29 8 18 7 
19 3 29 10 20 14 5 15 9 30 26 22 2 1 23 6 24 18 4 7 17 11 16 21 13 27 28 25 12 8 
30 24 19 22 6 26 11 8 28 2 7 13 1 15 14 16 20 18 17 21 12 3 9 23 27 4 25 29 5 10 
13 5 7 26 16 11 6 19 20 28 24 30 10 18 25 2 14 12 29 27 4 23 1 21 8 3 9 17 15 22 
30 17 16 10 29 7 6 11 3 1 9 13 22 24 2 12 18 21 26 23 5 15 14 25 19 4 28 20 27 8 
15 23 3 26 12 13 4 14 2 24 25 6 11 7 16 5 18 21 1 28 27 19 22 20 8 10 30 17 9 29 
27 24 7 1 11 25 14 16 15 23 28 5 21 22 3 6 18 4 19 13 17 12 9 29 26 8 2 20 30 10 
23 6 28 19 17 29 10 30 15 11 14 24 5 26 8 12 4 9 20 18 21 16 22 2 1 3 7 25 13 27 
7 15 9 26 6 24 22 3 30 25 21 17 2 12 5 1 4 29 11 23 16 8 28 18 14 27 20 19 10 13 
7 11 17 9 15 21 10 25 16 12 24 4 22 30 26 13 18 19 23 27 28 1 2 8 6 29 3 20 5 14 
23 30 21 2 16 6 18 10 13 7 24 3 22 25 19 1 26 4 17 28 12 5 20 14 27 9 29 11 15 8 
30 20 27 3 17 6 15 5 19 25 18 24 11 14 10 8 23 7 29 9 26 13 1 22 21 2 4 16 12 28 
21 20 6 25 4 2 26 30 27 7 3 12 9 18 10 13 11 22 14 5 28 24 19 8 1 29 15 16 23 17 
3 12 15 30 6 2 11 24 29 5 19 4 18 8 7 27 1 9 13 17 10 21 23 26 16 14 25 20 22 28 
23 1 10 7 30 2 28 19 9 14 17 27 29 8 18 24 20 5 11 15 25 16 3 6 22 12 4 13 26 21 
18 2 12 6 7 17 5 4 22 9 30 11 23 28 15 19 14 3 1 24 20 29 10 25 16 8 13 21 27 26 
22 9 2 3 21 19 12 4 10 8 17 6 18 1 29 23 25 11 30 13 16 24 28 14 20 26 5 27 15 7 
8 9 13 20 18 23 7 27 28 16 2 25 10 14 17 21 5 11 19 4 6 22 3 24 30 29 26 12 1 15 
10 30 7 2 20 3 14 11 15 25 19 24 27 9 26 18 16 17 29 4 1 23 21 22 28 12 8 13 6 5 
11 26 15 25 16 19 17 20 10 23 4 22 13 21 8 6 18 9 14 5 12 27 2 1 3 28 24 29 30 7 
23 29 15 16 25 19 8 12 13 7 9 14 1 28 21 17 4 27 10 24 26 30 2 20 22 3 18 6 11 5 
10 4 23 7 15 28 20 13 1 17 16 26 11 12 3 22 18 5 8 19 29 24 27 14 6 9 25 21 2 30 
23 18 5 11 28 21 19 25 13 17 6 14 10 3 8 20 1 4 22 9 15 27 16 26 2 24 12 7 30 29 
12 10 9 14 24 6 13 18 2 8 27 7 30 21 23 22 19 25 1 28 26 4 15 20 17 11 29 3 5 16 
12 20 26 29 28 19 15 3 9 2 25 23 24 21 18 30 13 6 17 22 10 4 8 7 1 5 27 16 11 14 
