6657882564,3508454008
30,30,30
46 2 13 62 43 86 31 78 68 2 84 40 8 74 74 35 53 27 62 13 37 27 25 12 44 65 57 19 87 45 
30 23 53 36 19 23 12 13 36 58 32 73 52 70 88 36 32 16 91 30 55 68 84 69 58 66 39 37 32 72 
66 20 14 11 37 29 8 70 41 52 55 86 76 90 63 5 46 40 31 4 96 49 13 79 34 71 2 40 38 39 
88 5 83 83 80 26 6 76 23 91 59 92 91 60 70 27 94 3 24 56 37 25 16 57 61 42 84 95 76 68 
33 60 99 12 20 55 13 59 33 68 66 24 30 51 59 4 39 77 51 51 3 44 3 3 95 59 54 39 51 55 
11 68 60 73 93 99 57 72 61 12 27 2 10 38 85 42 20 35 15 12 3 38 43 87 88 94 44 76 80 83 
41 62 65 92 88 8 83 31 9 66 41 6 90 56 82 38 40 91 94 31 4 25 21 67 86 40 20 30 38 21 
51 98 7 97 13 68 46 46 4 73 48 66 83 77 28 8 42 65 15 74 68 69 68 97 1 34 51 4 63 82 
85 76 31 98 11 78 33 3 15 60 19 86 56 96 34 52 69 78 15 82 78 56 1 7 20 28 18 93 81 47 
49 81 26 62 62 76 80 73 59 34 55 28 29 73 38 51 29 50 26 8 44 56 32 42 8 91 30 90 71 96 
12 64 82 69 97 58 89 85 76 16 69 81 26 64 59 65 38 69 39 46 80 93 72 8 38 99 50 79 52 23 
20 25 4 14 33 75 80 86 60 4 40 91 7 70 35 67 68 1 89 62 79 9 22 39 47 88 7 8 5 41 
58 1 2 56 59 48 78 18 2 37 3 35 52 41 66 1 20 27 59 63 34 96 62 13 33 70 85 41 9 87 
84 41 24 40 34 7 61 62 22 36 57 65 65 65 33 98 17 35 2 6 98 71 23 10 25 70 64 97 86 26 
19 29 83 94 6 91 35 78 93 83 78 59 59 56 97 21 41 6 57 5 98 6 96 29 59 79 53 30 45 40 
16 96 62 2 86 64 68 60 55 73 50 68 57 88 79 42 71 63 92 15 76 87 60 85 30 36 26 72 13 49 
64 40 9 65 73 59 66 94 91 75 60 77 80 15 21 51 25 86 46 14 98 10 9 77 27 11 62 59 15 10 
70 87 84 11 55 70 25 70 46 95 45 48 70 18 68 27 8 83 2 21 36 37 89 21 92 8 7 12 62 6 
10 25 65 1 93 6 46 82 62 58 75 44 11 51 19 39 27 61 89 87 83 24 77 82 42 33 69 53 82 38 
84 49 54 51 83 38 44 92 70 99 56 96 43 54 18 16 22 40 27 35 82 16 11 43 45 72 51 35 88 64 
16 56 51 34 49 23 71 54 77 1 63 2 15 70 74 42 77 55 60 77 78 23 4 36 44 89 55 22 22 49 
57 6 2 31 19 90 6 5 85 7 88 17 40 85 59 18 57 10 95 90 55 85 83 11 60 79 10 47 62 7 
59 35 97 16 49 3 41 29 24 25 6 68 1 62 73 89 15 1 87 71 36 91 73 86 45 59 75 80 50 2 
80 13 68 65 56 42 58 27 10 54 82 1 17 97 41 54 73 72 77 73 94 30 58 56 61 48 93 58 63 9 
24 70 47 62 64 86 45 90 86 88 39 62 35 86 89 72 48 14 64 81 18 80 41 50 29 45 47 4 86 99 
75 90 28 16 95 16 37 84 78 24 41 74 31 88 70 72 8 19 32 44 24 47 67 20 10 1 26 76 78 87 
60 98 20 30 99 98 9 19 25 69 83 88 87 12 29 58 4 35 91 73 5 67 25 42 56 58 78 91 27 40 
38 66 37 54 85 84 71 62 52 49 11 30 21 12 7 3 79 5 10 45 6 41 22 8 29 47 4 10 95 69 
90 96 72 66 94 54 74 71 72 91 29 23 10 14 51 76 37 68 25 87 50 76 85 60 47 72 37 15 13 50 
17 77 47 47 14 89 15 67 41 13 95 28 14 4 32 68 55 20 82 51 88 33 21 78 81 52 16 14 12 96 
MACHINES
2 7 28 12 21 3 1 25 13 22 30 4 16 6 27 5 18 15 11 17 9 10 23 8 14 29 26 20 19 24 
29 23 13 10 6 7 17 22 18 26 12 27 3 5 30 4 2 25 11 24 21 16 20 1 28 9 8 15 19 14 
29 3 21 12 18 30 10 26 2 6 4 19 1 25 27 28 8 13 24 17 20 14 16 7 5 15 9 23 11 22 
5 8 19 23 16 3 11 27 10 14 21 9 6 25 17 26 18 30 2 20 7 24 13 12 15 4 29 28 1 22 
28 11 1 6 29 5 16 9 14 25 4 12 3 10 27 8 26 22 21 15 20 18 7 19 30 24 2 17 23 13 
28 2 5 21 15 22 7 20 11 1 3 23 8 6 4 13 29 12 10 14 18 16 19 26 24 30 17 27 9 25 
24 17 11 8 12 1 6 29 7 23 16 18 22 3 28 2 4 5 30 25 9 13 21 27 26 20 14 15 19 10 
22 16 18 8 27 1 21 29 23 7 9 5 11 28 10 15 26 14 19 3 20 12 6 13 25 17 4 30 24 2 
1 20 16 26 19 13 15 7 14 22 30 5 11 2 28 17 12 27 6 10 8 9 24 3 21 25 29 18 4 23 
21 17 22 25 20 30 26 7 12 2 5 14 24 8 3 27 16 13 6 29 15 1 9 19 23 10 28 4 11 18 
30 7 17 26 19 28 6 11 15 21 16 5 3 29 8 1 24 25 22 2 18 10 14 23 9 4 27 12 13 20 
11 15 9 1 26 28 23 30 5 14 12 21 27 19 10 16 20 29 17 4 22 2 8 3 6 18 7 13 25 24 
16 10 24 29 11 25 18 23 30 19 6 7 14 20 28 13 15 17 3 8 5 4 26 9 27 22 21 12 1 2 
3 17 24 20 23 8 22 29 18 14 12 4 5 27 10 25 15 7 26 28 11 19 1 2 21 16 30 6 9 13 
2 18 10 1 7 21 14 15 9 6 4 5 30 13 3 28 25 26 24 20 22 12 19 11 27 8 29 17 16 23 
18 9 21 2 11 16 30 26 22 14 3 20 23 15 12 28 6 13 25 27 7 29 10 24 4 1 5 8 17 19 
5 9 4 25 6 15 23 14 22 21 19 7 24 20 12 18 10 30 2 13 1 27 26 29 11 28 17 3 8 16 
14 25 3 19 11 7 16 9 4 27 23 24 21 10 1 30 12 5 6 22 2 28 18 29 17 15 26 20 13 8 
26 13 28 5 9 22 11 23 8 12 2 30 17 7 24 19 27 10 29 20 21 18 14 16 6 3 1 15 25 4 
7 22 13 24 17 21 23 30 14 20 3 26 28 11 2 9 18 5 12 10 6 15 16 25 4 8 1 29 27 19 
4 12 6 15 14 21 11 7 26 28 20 27 25 18 30 24 13 29 2 17 3 16 8 19 23 22 9 10 1 5 
15 24 17 18 10 2 30 26 16 22 23 13 28 11 21 19 12 27 20 6 7 9 29 8 25 5 4 1 14 3 
2 25 4 28 14 10 3 24 15 12 7 27 19 11 22 1 18 26 20 23 16 21 29 8 5 13 9 17 30 6 
6 21 7 20 15 26 27 16 24 18 1 22 2 28 23 4 10 30 29 3 19 25 5 14 9 17 13 11 12 8 
14 7 2 18 3 11 17 30 13 10 4 24 27 29 15 26 23 9 12 8 20 16 5 22 19 21 25 28 6 1 
13 22 7 1 29 14 3 20 26 2 19 24 25 5 28 10 27 30 23 12 21 16 4 17 15 11 6 18 9 8 
28 20 4 5 9 1 7 27 29 21 8 3 22 13 19 18 30 26 16 25 6 11 10 12 2 14 15 24 17 23 
12 27 4 18 20 7 14 19 26 22 23 3 30 28 10 21 9 5 17 2 13 15 24 1 29 25 8 11 16 6 
14 7 11 15 18 23 3 6 16 30 1 2 28 27 8 4 9 19 29 12 26 13 10 22 21 5 17 25 20 24 
23 3 6 2 17 25 24 8 28 16 14 11 15 26 29 5 19 7 4 1 21 30 22 18 12 10 13 9 20 27 
