3283003971,6978647771
30,30,30
47 3 49 81 82 61 9 19 44 82 25 16 43 8 24 52 20 5 51 86 8 30 84 98 34 18 89 66 43 96 
59 71 23 78 14 55 64 74 53 12 35 78 7 58 47 3 56 82 69 29 11 98 59 32 4 4 51 28 91 44 
36 82 26 71 81 58 10 61 42 35 98 4 96 59 20 5 34 30 38 42 22 98 13 10 70 3 74 2 43 19 
59 79 28 7 13 77 87 29 64 7 45 69 14 55 42 43 20 32 61 65 99 33 40 87 25 96 13 83 6 36 
8 39 52 47 93 57 79 1 87 89 28 39 38 95 10 67 44 69 96 13 6 10 54 98 97 33 88 86 94 76 
49 80 68 7 12 89 89 74 10 65 15 52 67 16 31 85 87 22 95 97 70 10 19 42 35 13 15 99 49 42 
40 96 22 4 4 25 19 59 65 10 66 38 29 48 91 59 7 14 20 54 54 7 73 33 65 97 86 23 33 21 
9 79 22 90 68 31 5 58 10 41 35 57 35 1 78 9 23 88 78 7 30 65 87 19 76 5 57 50 79 70 
16 77 11 51 37 43 70 3 61 22 89 98 52 1 96 32 84 34 46 13 31 84 63 17 52 86 65 99 64 60 
79 42 81 26 52 42 92 77 5 37 7 93 55 94 49 85 22 85 55 92 45 54 94 6 79 84 54 6 43 18 
68 61 85 96 38 9 74 89 38 41 74 15 72 41 40 17 6 2 65 6 18 41 13 97 3 76 85 88 6 37 
8 47 26 82 54 6 16 20 41 38 56 53 62 90 32 86 33 70 96 97 3 83 3 33 6 72 15 11 31 61 
8 59 47 42 4 35 58 53 44 36 56 91 90 4 59 69 71 49 55 94 92 13 49 88 90 26 69 24 4 16 
63 71 17 19 12 66 79 96 17 21 12 69 43 19 75 11 77 96 41 53 51 89 57 73 67 33 82 53 8 81 
71 33 51 1 52 74 95 83 52 50 22 26 22 19 18 27 43 26 17 97 32 16 56 61 97 84 72 47 69 94 
70 49 22 6 63 23 28 76 59 93 92 65 39 76 72 9 16 2 9 13 56 49 1 46 58 1 10 69 34 17 
6 59 64 70 96 55 60 89 22 25 73 16 13 54 4 1 70 85 72 72 91 72 37 58 80 3 17 50 69 26 
42 74 54 97 19 67 21 75 88 34 27 45 4 53 61 41 9 54 7 84 92 32 23 26 63 57 82 80 52 12 
27 82 70 24 42 62 30 91 1 37 42 84 60 21 37 54 49 1 63 22 93 3 5 71 71 55 37 19 16 43 
86 89 88 51 66 56 12 7 59 4 93 39 19 60 69 91 97 62 38 58 39 95 91 19 43 67 45 11 82 66 
40 98 33 22 26 18 83 75 12 92 57 60 33 13 29 50 68 95 24 14 27 73 47 35 78 86 6 94 92 65 
39 9 24 36 91 60 60 24 88 73 25 27 12 5 53 68 87 33 32 79 69 59 99 25 91 56 65 67 57 94 
43 19 85 88 74 50 46 18 19 88 26 92 44 70 49 89 77 15 75 9 5 54 94 21 62 76 95 5 80 16 
71 86 56 22 66 31 69 25 25 39 88 69 54 35 7 32 21 27 75 15 86 55 38 77 53 7 66 11 85 27 
78 22 96 12 50 64 99 13 14 33 69 58 76 44 98 41 9 57 83 68 17 67 77 10 3 86 14 73 94 19 
14 41 28 56 59 19 17 7 76 36 24 24 5 17 91 53 96 91 61 33 14 11 54 60 52 88 27 13 35 26 
37 67 3 86 87 14 57 58 93 45 32 31 96 37 26 68 98 62 60 29 57 88 24 28 91 31 83 64 3 53 
25 76 74 28 28 26 7 3 6 31 39 28 89 66 69 18 52 62 79 71 20 89 66 30 86 73 43 31 36 54 
33 60 70 7 53 1 5 56 13 80 77 18 15 75 59 36 24 16 90 86 52 99 16 44 56 63 51 3 91 78 
61 68 36 24 22 66 57 94 58 80 65 28 99 86 90 12 90 64 78 18 31 7 25 50 96 14 59 25 3 24 
MACHINES
1 25 10 14 6 11 27 13 7 3 16 8 12 5 17 18 15 29 30 22 19 4 2 21 20 9 23 24 26 28 
12 30 14 2 6 26 20 9 11 25 19 18 7 28 16 21 27 15 3 8 5 17 4 1 29 24 13 10 22 23 
16 28 26 23 4 15 8 12 13 3 21 19 24 27 17 25 6 5 14 1 30 11 20 2 7 22 18 29 10 9 
28 27 7 22 24 11 9 30 14 19 10 1 15 16 17 3 18 29 12 23 2 25 20 21 13 4 8 6 26 5 
17 1 26 19 16 7 13 25 30 18 12 10 22 20 14 6 11 27 3 28 21 23 2 29 5 8 9 4 15 24 
8 20 22 23 1 15 4 21 19 2 24 9 6 29 17 26 16 7 25 10 28 12 11 13 27 3 5 30 18 14 
2 23 19 28 21 4 17 22 1 26 30 7 3 11 9 10 24 25 14 13 27 12 29 5 6 15 20 8 16 18 
22 8 4 15 11 26 9 1 19 2 17 25 5 6 14 3 23 10 7 20 30 12 29 16 13 24 27 21 28 18 
20 13 27 12 28 6 24 17 8 5 3 9 29 23 19 1 11 22 26 30 2 14 21 16 18 10 7 15 25 4 
2 18 29 5 21 10 20 26 6 7 23 4 13 8 12 15 11 27 16 24 3 9 30 1 22 25 14 19 28 17 
13 21 11 25 18 4 22 29 15 26 9 23 28 20 17 10 19 27 16 3 1 12 30 7 5 2 8 24 14 6 
28 21 23 27 7 9 24 3 15 16 2 30 29 10 25 4 14 1 17 8 18 13 22 20 5 12 26 19 6 11 
12 22 20 29 24 1 23 21 14 15 28 27 13 3 26 2 7 10 16 17 25 8 4 5 11 19 18 30 9 6 
20 3 13 7 14 18 5 29 12 30 23 21 10 2 26 8 19 27 1 24 16 22 15 25 28 6 17 4 11 9 
13 9 15 16 18 2 27 23 5 1 26 24 8 17 21 11 4 6 29 25 14 7 22 3 30 12 10 20 28 19 
11 20 7 14 15 3 17 6 16 1 19 24 30 28 18 29 5 8 23 25 9 4 2 21 13 26 10 27 22 12 
3 27 14 1 15 6 7 21 5 13 24 17 10 26 2 22 8 30 29 12 16 19 25 20 9 18 4 11 28 23 
12 25 16 9 19 6 24 7 29 5 21 14 15 17 13 22 4 10 18 1 27 26 11 3 30 8 20 23 28 2 
1 18 17 27 3 12 20 25 26 19 14 21 6 4 23 15 13 30 24 9 28 29 8 5 7 2 22 16 10 11 
1 18 25 15 2 30 28 12 9 14 21 17 10 13 22 26 16 20 8 24 27 7 6 5 19 29 4 23 3 11 
30 4 6 2 20 1 12 18 29 26 13 24 16 28 17 10 19 22 8 3 25 9 21 11 7 23 5 15 27 14 
20 29 3 13 2 5 1 21 25 6 22 10 16 27 4 8 23 24 12 30 26 7 17 28 15 14 18 11 19 9 
5 16 20 2 26 8 1 14 3 15 27 25 17 6 19 21 18 7 24 10 29 30 28 23 22 9 11 13 4 12 
20 29 1 2 15 4 27 6 7 9 16 5 13 8 25 26 3 12 23 11 17 30 24 21 14 18 10 22 19 28 
1 13 10 25 22 5 11 29 17 3 27 14 20 28 6 12 7 24 16 26 9 23 18 19 2 30 15 4 8 21 
18 15 9 10 8 14 12 26 25 21 17 6 11 30 1 4 22 2 5 7 24 27 20 13 29 16 23 19 28 3 
21 26 29 4 30 20 5 8 23 14 22 27 7 16 13 3 10 1 6 11 28 2 17 9 15 19 24 18 12 25 
21 6 5 15 25 20 4 18 2 22 23 14 1 3 30 8 29 26 16 7 11 12 17 10 9 24 28 27 19 13 
4 18 5 8 25 21 10 9 24 11 26 20 28 12 7 17 23 14 15 6 13 30 22 27 29 2 16 1 3 19 
15 28 20 9 18 3 5 10 2 30 26 27 13 19 11 7 12 4 21 1 16 22 6 8 14 29 25 24 17 23 
