2549379847,4849433225
30,30,30
46 17 44 40 30 10 92 26 9 74 44 32 26 45 25 84 9 98 75 46 51 35 62 29 72 24 77 23 69 75 
78 68 48 78 43 77 53 31 62 20 70 20 91 42 12 76 3 71 61 34 62 85 74 15 23 89 72 64 55 26 
8 54 29 74 21 53 97 4 23 65 47 74 36 73 84 73 15 66 35 8 9 69 76 53 25 31 75 8 37 70 
38 27 30 17 86 34 9 15 9 26 5 36 95 38 21 90 46 69 74 29 22 35 73 88 6 69 14 75 64 19 
72 99 54 94 60 40 29 73 50 76 28 38 76 74 88 3 83 4 69 26 85 44 51 83 12 34 61 91 72 40 
9 1 21 52 66 67 13 12 90 32 26 25 56 6 36 8 20 79 63 26 24 64 54 15 79 74 68 68 83 18 
31 44 58 76 63 71 79 32 39 39 74 36 14 78 75 81 11 36 20 40 43 25 57 58 20 91 2 11 21 38 
63 45 93 98 70 41 57 52 75 46 32 50 18 45 22 6 51 14 61 29 23 80 43 68 56 48 13 53 13 32 
94 49 44 32 85 63 76 77 49 30 78 52 61 40 56 8 90 95 48 39 55 12 27 81 35 33 68 5 54 60 
94 85 35 57 51 20 9 33 13 73 42 23 61 4 17 64 26 16 91 24 44 39 79 20 5 37 78 7 18 16 
92 6 9 90 54 24 73 19 45 63 28 43 5 25 95 73 36 11 31 18 62 56 81 94 93 45 58 52 44 20 
55 70 55 86 71 76 7 66 49 18 8 15 12 68 42 61 53 69 72 39 8 20 95 25 98 87 51 81 10 53 
76 5 77 62 75 4 27 95 20 61 2 88 66 38 68 74 89 43 76 56 5 82 74 53 5 61 3 87 31 71 
70 47 92 16 55 33 92 85 68 23 85 38 28 11 26 75 91 59 46 19 33 96 69 82 92 14 41 94 77 74 
62 66 36 18 69 33 29 95 44 52 63 96 75 19 40 77 87 48 64 39 35 78 12 38 30 64 26 3 31 10 
96 84 54 99 11 73 61 20 67 88 15 54 77 92 83 83 9 85 29 6 84 3 63 96 33 5 41 41 76 26 
72 68 78 27 96 74 65 82 41 64 18 60 54 53 83 70 75 47 37 50 11 96 11 16 64 94 46 4 13 57 
65 53 32 44 97 92 77 58 62 60 91 48 71 78 98 31 26 72 84 77 4 73 47 56 57 49 84 55 68 57 
69 26 44 20 33 91 19 37 6 85 74 17 19 49 55 87 89 50 61 56 22 97 1 52 59 97 8 23 70 12 
1 64 53 22 67 3 52 26 4 96 71 78 35 72 34 53 37 49 62 49 23 34 32 83 16 21 10 40 92 71 
53 17 57 48 7 8 19 30 76 87 93 96 46 34 72 74 86 87 48 54 52 38 68 99 60 15 77 53 30 32 
53 23 43 99 31 70 73 27 53 10 67 99 56 27 28 27 4 53 61 49 92 45 7 72 96 5 98 58 36 29 
81 65 47 24 96 14 95 87 97 93 72 17 39 29 6 31 79 60 73 86 36 17 44 70 55 20 65 88 15 58 
17 47 47 21 81 25 33 12 21 99 1 75 38 73 18 3 84 2 18 83 77 70 86 46 56 78 14 63 64 89 
96 63 57 25 92 36 19 8 58 28 71 92 84 75 66 99 63 62 64 28 91 7 79 71 37 18 40 87 98 7 
97 64 3 1 76 24 8 50 37 96 22 43 85 4 81 22 41 6 58 6 18 71 23 17 28 49 52 37 61 64 
31 18 3 57 4 62 17 88 37 26 39 9 76 90 57 39 48 42 90 5 47 7 49 48 92 95 34 36 89 61 
20 46 25 65 80 56 28 3 32 33 24 98 75 1 36 98 50 31 81 50 64 28 58 31 78 10 54 45 44 61 
69 8 42 71 73 29 60 63 68 97 56 1 72 16 18 43 36 84 35 11 52 48 66 24 98 4 18 10 13 75 
91 4 75 66 35 6 65 23 8 61 71 31 35 30 53 41 29 31 88 8 43 9 73 34 69 32 50 15 7 99 
MACHINES
12 8 22 2 10 29 18 4 1 5 23 14 6 28 30 9 7 16 19 3 27 25 17 11 15 21 26 24 20 13 
17 25 26 22 12 10 16 29 15 20 18 11 30 19 21 5 13 14 23 3 6 1 2 27 4 9 28 8 24 7 
4 8 10 23 20 5 9 1 21 11 25 22 24 7 12 18 27 17 14 26 2 15 29 6 30 16 19 13 3 28 
16 27 12 17 20 3 25 13 15 5 11 4 7 23 8 18 24 21 1 26 19 29 6 30 22 28 2 9 10 14 
17 6 9 3 8 7 21 25 16 11 22 13 4 1 20 5 30 23 12 18 14 29 10 15 2 19 27 28 26 24 
5 28 3 13 25 24 10 30 26 17 2 16 20 12 6 29 1 19 15 11 23 8 27 4 14 21 22 9 18 7 
18 10 1 7 12 22 8 26 4 9 11 23 30 3 20 25 14 19 5 13 29 28 24 6 15 21 27 2 16 17 
1 16 4 22 6 28 23 14 25 21 12 17 11 27 9 8 18 7 15 24 20 10 2 3 13 26 29 5 30 19 
20 21 12 16 26 10 2 22 5 27 17 25 8 24 6 11 23 1 9 4 15 29 13 28 7 18 14 3 19 30 
15 21 2 25 18 6 22 13 17 8 16 7 19 28 3 11 9 12 24 30 1 14 4 27 23 20 29 5 26 10 
12 25 26 15 3 29 23 2 1 10 18 24 13 6 27 20 7 28 11 22 5 16 30 21 9 4 19 8 17 14 
20 13 16 9 28 7 26 8 27 10 6 30 2 24 12 23 25 22 18 17 21 15 5 4 29 1 19 11 3 14 
9 24 20 29 17 5 21 8 7 23 11 16 6 13 10 4 25 26 18 12 30 28 14 2 1 3 15 22 27 19 
20 26 27 9 22 3 8 29 11 7 15 25 30 10 18 4 14 6 16 19 12 23 5 17 2 13 1 28 24 21 
13 16 26 22 8 5 15 29 19 14 17 10 12 1 23 9 20 28 30 18 27 3 25 11 4 2 7 24 6 21 
25 24 8 5 11 7 1 21 6 22 28 29 27 14 13 19 4 15 3 2 26 9 12 17 23 20 30 18 16 10 
25 10 2 9 11 1 23 13 16 28 26 14 21 27 22 3 8 24 17 12 30 19 18 7 29 20 6 15 5 4 
26 1 11 21 23 14 17 6 15 2 7 13 9 24 5 30 25 3 16 10 28 18 29 4 19 12 27 20 22 8 
29 24 27 20 16 4 26 19 2 14 5 1 30 28 17 22 3 18 8 10 9 15 11 13 12 23 6 21 7 25 
25 12 20 15 14 30 27 13 1 9 18 22 2 26 24 5 16 8 28 17 7 6 3 4 11 21 19 29 10 23 
19 29 13 11 5 9 24 25 4 3 28 20 2 15 18 17 30 23 8 26 21 22 12 27 1 14 16 7 6 10 
5 17 24 8 12 4 2 9 27 7 30 19 23 21 3 18 26 25 6 1 14 20 11 10 15 28 22 13 29 16 
8 22 4 11 3 1 15 29 9 12 5 26 25 2 17 20 21 30 19 13 27 16 7 6 14 10 24 18 28 23 
18 21 24 19 12 23 13 7 4 6 20 2 22 14 16 8 25 28 3 27 5 17 10 29 30 15 26 9 1 11 
17 12 14 24 27 20 15 23 1 9 30 29 6 10 4 7 22 19 26 25 8 13 28 16 3 21 5 11 2 18 
26 29 24 20 12 1 11 30 6 18 8 16 25 5 13 28 14 23 17 3 10 4 27 9 19 15 7 22 2 21 
11 25 14 10 29 21 23 13 20 19 1 17 7 9 30 24 27 12 18 8 26 2 5 28 6 3 16 22 4 15 
21 26 6 4 7 16 11 13 19 5 3 2 28 29 1 22 18 27 23 10 30 8 25 15 9 12 20 17 14 24 
14 30 1 15 22 3 18 8 9 12 27 23 28 26 10 6 4 25 5 16 7 2 11 13 24 21 29 20 17 19 
26 16 15 19 23 25 22 12 11 29 14 9 28 20 17 30 24 4 2 8 21 3 10 6 27 18 7 5 1 13 
