1052698927,4407172057
30,30,30
16 35 10 35 61 61 2 66 23 86 71 92 72 47 9 65 58 16 23 42 82 43 62 38 41 61 77 19 25 47 
4 40 95 51 41 55 57 31 96 96 61 1 99 91 27 27 84 68 19 34 89 47 97 86 85 96 65 88 56 2 
82 83 42 55 35 86 36 96 5 51 90 68 73 50 76 71 70 52 31 63 98 26 66 90 64 1 15 36 44 64 
7 46 71 12 43 45 20 86 70 39 24 44 8 75 60 57 43 67 76 62 65 55 26 99 64 16 1 30 54 1 
16 5 51 42 84 19 20 99 58 44 3 32 73 44 39 56 12 67 89 47 73 94 67 92 38 98 84 59 69 23 
49 49 72 21 99 56 75 72 55 18 75 55 15 63 50 26 15 25 60 91 9 58 31 9 48 15 50 65 69 90 
82 30 67 28 18 93 54 72 1 86 88 6 13 43 39 35 30 87 50 84 7 60 85 96 39 1 93 79 38 83 
89 75 48 52 69 56 52 44 51 65 52 40 58 7 41 32 28 83 10 1 66 2 86 86 36 79 97 88 53 47 
74 54 72 78 61 48 38 23 88 70 60 98 68 18 63 55 58 10 62 39 14 35 7 12 51 68 89 4 57 26 
92 9 19 33 28 1 41 28 72 26 32 55 22 67 92 6 98 46 69 83 72 63 1 9 10 90 47 88 67 48 
70 59 95 55 18 90 61 51 51 49 13 57 28 67 97 35 52 7 30 30 57 1 37 48 19 14 80 70 10 41 
27 53 9 18 98 98 30 74 34 41 52 49 84 76 44 61 65 8 70 26 81 76 90 43 42 71 22 69 11 57 
60 3 8 51 84 78 50 37 11 24 94 99 28 35 48 70 33 74 38 83 93 40 86 79 12 47 72 11 19 22 
69 74 58 84 24 54 19 54 61 8 81 51 71 28 30 20 28 24 28 22 46 70 8 40 70 61 94 15 87 46 
12 19 21 87 11 98 66 34 56 69 44 38 19 87 75 98 95 66 68 29 56 88 38 73 66 92 13 17 38 40 
70 93 67 24 54 81 48 5 50 27 34 19 96 18 92 16 42 46 54 87 54 91 29 94 23 49 74 77 52 77 
26 4 91 49 18 76 82 2 35 48 45 95 91 33 38 7 68 80 47 87 95 5 85 18 59 89 53 70 12 5 
38 80 13 54 96 60 87 80 75 44 66 60 58 52 73 55 57 10 4 83 90 91 18 15 82 41 40 29 64 28 
51 84 50 59 38 45 93 71 34 53 66 81 61 29 76 46 20 89 66 66 74 57 98 48 81 65 47 32 99 42 
46 15 29 5 10 59 43 29 40 59 6 80 65 15 88 14 49 22 36 94 40 28 51 67 65 80 55 25 2 40 
34 52 66 38 86 27 94 12 93 69 65 81 52 70 91 27 88 72 21 24 17 59 81 85 98 14 60 86 25 7 
55 28 40 19 49 41 53 19 24 64 50 12 66 78 99 6 68 6 49 82 60 53 53 48 92 17 19 5 69 69 
44 72 38 2 75 86 3 32 98 59 67 50 17 37 80 39 19 8 77 75 71 95 12 73 32 10 12 94 14 99 
83 26 3 26 18 76 15 60 30 78 16 72 39 4 13 78 34 88 65 56 83 27 77 73 31 64 45 99 88 2 
37 15 77 36 45 72 88 34 58 87 49 13 39 50 40 81 54 27 76 81 48 47 10 87 53 70 8 80 2 17 
24 40 9 27 79 97 71 74 38 76 58 61 86 82 59 38 56 52 84 39 3 36 16 49 66 55 86 19 85 72 
3 80 46 77 18 14 36 28 52 14 7 8 31 54 43 23 17 87 33 28 13 4 23 97 24 54 29 81 68 16 
23 11 31 30 61 44 30 28 72 42 75 34 26 64 76 83 95 54 48 67 30 71 14 90 1 70 28 6 28 15 
72 25 14 51 29 10 26 95 69 97 98 22 29 91 70 35 15 75 57 38 54 94 45 45 66 13 11 10 54 92 
39 26 94 61 69 89 93 85 99 60 12 92 98 39 31 63 2 55 62 46 15 84 83 95 68 18 23 89 35 60 
MACHINES
25 14 28 24 9 18 7 8 20 23 5 22 17 1 3 6 10 12 11 27 4 2 30 15 29 16 13 19 21 26 
15 17 25 21 7 22 4 29 2 23 26 12 5 16 24 30 9 14 10 3 19 20 1 8 11 27 6 18 13 28 
19 29 7 26 22 12 11 9 30 17 1 6 28 25 2 24 27 15 10 8 13 14 23 18 20 21 3 16 5 4 
10 28 30 20 6 4 3 12 5 8 22 26 18 23 29 7 2 27 11 24 16 17 21 14 19 25 15 13 1 9 
23 17 22 1 2 25 4 6 11 18 16 13 29 9 24 21 26 14 20 15 5 10 8 27 28 12 19 7 30 3 
19 14 11 15 9 25 22 29 5 3 10 28 6 18 30 8 2 1 12 7 24 4 13 17 16 23 27 21 26 20 
3 26 24 18 5 6 10 15 20 22 7 28 16 12 19 27 8 1 17 11 30 14 2 21 13 9 25 23 29 4 
29 25 17 6 8 28 7 22 5 10 19 18 15 13 9 11 24 3 20 23 27 14 16 12 2 30 4 26 1 21 
2 30 20 11 4 17 22 27 5 21 7 6 23 13 14 24 12 19 18 3 25 29 9 1 8 28 16 10 26 15 
5 26 12 1 2 21 29 23 4 28 6 27 10 20 9 18 7 16 25 22 30 3 15 24 11 17 19 8 14 13 
3 25 14 4 30 11 7 20 15 2 10 28 19 16 13 24 29 12 6 27 23 18 9 17 26 22 1 5 8 21 
5 10 23 9 1 26 13 17 24 14 3 20 4 7 28 8 25 15 18 29 22 19 16 6 27 30 11 21 12 2 
7 23 16 13 18 29 30 8 19 4 17 27 11 22 9 28 14 21 12 2 26 10 6 25 3 20 1 15 5 24 
22 30 7 16 17 11 13 27 14 6 15 3 21 20 18 26 1 2 5 4 12 10 28 8 9 29 25 23 19 24 
26 7 17 20 6 29 30 22 13 10 9 15 18 4 16 11 28 14 5 24 21 1 19 8 23 12 2 25 27 3 
24 23 7 20 8 17 29 11 15 12 18 14 21 10 27 28 3 4 25 26 22 9 5 30 16 6 1 2 19 13 
2 19 6 28 30 15 17 1 21 20 25 27 26 23 22 3 13 8 16 5 9 4 24 12 18 11 14 10 7 29 
4 27 6 29 13 26 10 16 2 30 17 22 15 28 9 24 7 11 8 3 20 25 23 14 19 1 12 5 18 21 
4 11 28 18 7 3 6 14 5 27 9 26 29 10 1 12 23 8 19 24 30 22 20 25 16 13 17 2 15 21 
10 30 25 23 11 9 12 26 15 7 13 3 16 8 17 14 20 2 6 24 1 19 28 4 21 27 29 18 5 22 
15 16 2 24 3 10 22 30 12 9 29 6 28 17 20 13 8 19 4 5 14 27 21 18 23 26 25 1 7 11 
21 6 28 29 22 24 18 17 26 30 5 4 1 20 27 15 23 19 3 12 9 2 13 14 7 25 16 8 11 10 
23 27 30 4 17 10 6 2 9 16 20 13 11 3 29 26 24 18 7 5 8 28 21 19 14 25 12 15 1 22 
17 14 20 5 21 29 27 26 22 13 3 19 8 28 4 10 18 6 23 11 24 7 25 30 16 2 1 15 9 12 
27 29 14 1 22 8 2 9 6 17 24 12 28 26 19 20 3 23 5 25 11 13 30 18 21 15 10 4 7 16 
5 12 22 17 18 13 23 21 14 19 24 10 30 28 16 4 20 27 15 3 7 9 8 29 2 11 25 1 6 26 
25 23 14 16 10 4 28 19 21 2 11 27 30 12 15 5 1 29 6 26 13 7 22 18 20 24 8 17 9 3 
26 10 1 9 22 5 23 18 6 12 16 30 15 7 21 20 14 28 24 11 27 4 25 3 19 2 29 13 17 8 
15 7 22 17 9 25 2 10 27 3 18 4 13 1 16 12 26 11 23 20 5 8 28 30 24 14 21 19 29 6 
21 28 10 2 9 11 26 6 5 15 12 16 22 17 1 30 24 27 3 23 25 20 4 7 29 8 18 13 14 19 
