9751932403,6949479776
30,30,30
20 48 24 7 71 16 95 52 27 12 57 1 37 92 53 92 32 39 72 81 26 26 7 96 71 23 42 64 27 22 
16 10 62 9 41 28 6 47 3 60 37 94 11 35 93 55 27 72 74 59 26 26 10 97 91 84 91 20 55 44 
49 55 84 48 62 11 44 98 51 69 94 78 40 2 87 55 75 91 19 6 34 34 9 31 70 75 79 47 2 30 
54 16 28 29 11 85 2 16 79 1 77 23 12 97 89 76 96 57 32 3 13 3 49 47 24 75 83 71 29 64 
39 67 18 64 42 23 6 85 90 28 9 89 12 99 75 98 50 79 47 52 7 23 75 96 82 46 50 96 18 82 
35 54 76 8 23 29 28 86 93 52 97 7 91 41 16 74 47 46 29 40 28 83 21 86 63 17 24 61 78 83 
89 88 55 79 16 45 41 59 57 70 42 94 73 23 55 35 3 90 60 29 71 5 73 23 22 41 53 46 4 48 
3 29 80 22 32 27 55 40 50 27 15 55 16 44 11 46 59 57 92 19 93 26 38 16 99 60 79 42 36 22 
43 76 45 76 89 54 13 33 91 83 69 32 78 65 67 6 49 79 96 25 47 44 60 98 77 69 41 2 71 34 
35 79 38 1 20 87 52 46 20 91 79 29 82 11 44 25 27 67 74 22 21 28 46 98 70 32 93 95 84 25 
82 41 12 61 42 23 65 28 92 47 74 5 36 72 83 52 62 73 36 27 92 10 72 51 63 52 17 28 58 12 
81 31 75 25 86 1 91 33 38 54 78 39 9 79 15 25 67 51 86 32 98 1 85 47 8 51 35 28 81 84 
61 48 36 49 40 67 56 27 29 2 75 59 35 77 16 6 70 38 33 71 39 10 37 7 77 84 86 94 62 75 
65 9 22 79 98 62 15 21 32 66 22 37 19 45 96 19 44 9 37 49 4 22 88 18 38 83 27 64 20 40 
49 39 61 43 79 68 87 50 33 14 49 81 79 11 51 76 39 76 84 55 27 69 38 17 7 39 23 96 34 85 
46 70 2 66 67 80 1 10 87 26 61 66 72 34 14 67 9 56 41 83 20 20 96 18 25 38 75 32 34 44 
74 40 59 42 18 92 45 17 50 28 14 78 99 47 29 47 12 65 1 82 3 68 23 13 77 47 77 75 17 82 
81 80 21 92 95 2 42 49 56 61 69 60 88 25 31 1 40 75 93 87 65 67 52 40 20 12 81 39 3 24 
76 98 87 57 14 88 25 51 16 64 98 46 83 83 18 14 83 75 19 60 28 6 13 92 28 41 41 38 50 92 
85 65 93 81 8 40 18 8 94 97 66 87 30 40 85 89 12 22 40 77 63 71 78 55 4 73 31 43 35 65 
61 83 95 66 67 57 41 79 89 36 29 69 29 59 99 21 6 36 30 41 44 17 58 80 28 74 24 26 41 80 
70 22 67 24 82 69 80 62 32 4 52 89 86 3 24 18 2 56 47 56 58 33 39 99 76 66 41 62 25 63 
40 17 21 42 67 26 9 7 67 17 91 42 80 19 39 3 76 49 9 77 29 31 99 35 53 53 11 34 64 79 
74 17 54 40 61 60 68 86 35 18 67 12 12 70 62 64 70 50 62 9 89 4 51 24 21 25 93 16 80 39 
58 47 36 70 71 15 14 93 21 46 25 29 31 28 14 20 37 25 29 97 95 31 33 79 31 95 55 28 89 45 
48 58 80 31 54 27 32 33 65 65 86 17 31 63 15 20 53 28 44 40 16 65 73 50 40 16 74 75 77 28 
20 81 95 9 92 14 62 88 79 83 60 18 37 44 63 9 79 68 44 10 88 59 56 70 18 23 20 23 84 78 
89 8 79 54 44 97 20 16 21 24 83 14 87 93 47 3 96 15 65 63 55 34 82 54 29 75 88 22 85 83 
39 92 8 19 16 23 80 98 42 81 78 60 25 58 39 17 47 72 73 34 9 46 55 92 56 85 39 20 32 90 
18 11 33 85 33 71 32 36 67 9 24 11 49 10 84 8 33 64 7 38 93 53 41 47 69 25 82 10 16 73 
MACHINES
7 13 14 1 25 8 12 23 16 26 4 19 22 29 9 11 28 5 6 30 2 15 21 20 24 27 10 3 18 17 
30 22 7 9 19 20 6 29 21 12 16 25 10 11 5 18 4 2 13 28 14 17 26 8 1 23 27 24 3 15 
19 10 21 18 14 3 27 6 8 15 13 24 22 29 30 7 9 26 28 12 11 4 20 1 2 17 25 23 16 5 
7 14 9 17 13 15 30 6 28 23 10 27 8 19 22 4 24 5 26 21 12 25 1 16 2 11 20 29 18 3 
12 23 24 2 10 29 20 6 26 4 17 18 9 25 13 3 28 16 7 27 14 11 30 19 15 5 8 1 22 21 
12 18 9 3 2 26 24 23 6 20 8 15 22 27 14 25 17 5 21 28 30 11 1 7 13 16 29 19 10 4 
14 13 19 16 10 7 12 23 26 17 6 3 4 27 28 30 25 15 5 9 1 20 29 21 18 2 24 11 8 22 
11 6 22 2 4 13 15 7 19 21 16 30 27 29 5 28 14 1 9 18 25 3 24 20 10 12 23 8 26 17 
1 2 14 10 9 13 29 22 28 12 4 11 30 17 15 19 26 20 8 5 6 3 21 7 27 16 23 24 25 18 
3 14 23 30 19 13 15 1 10 5 8 27 4 26 11 25 28 2 6 17 24 7 22 16 9 18 29 21 12 20 
6 21 5 16 2 15 20 17 8 13 24 29 22 23 30 11 27 25 18 9 4 7 1 10 14 28 3 19 12 26 
22 17 25 26 6 24 28 9 30 14 18 8 23 13 16 2 1 15 19 12 10 11 20 27 5 21 3 7 4 29 
24 9 12 20 22 30 18 25 28 4 16 23 11 10 3 21 6 13 14 26 1 29 27 7 8 5 2 19 15 17 
16 15 10 8 3 12 1 17 11 6 4 26 23 28 9 20 27 19 18 2 14 21 30 22 24 13 29 25 5 7 
5 24 14 29 11 16 25 28 18 8 26 22 12 7 17 4 15 2 13 20 30 10 6 21 9 27 19 23 3 1 
16 21 18 11 12 22 28 15 9 17 27 4 2 13 5 7 1 10 14 26 25 6 29 3 24 23 30 8 19 20 
17 8 19 14 6 13 18 21 5 24 20 16 12 3 11 27 2 22 25 1 23 28 30 26 4 29 15 10 7 9 
7 20 12 16 28 5 19 18 17 14 27 29 21 9 10 24 25 2 1 22 4 13 26 15 23 6 3 8 11 30 
6 7 20 3 24 30 25 17 23 29 27 13 15 28 2 22 5 4 8 21 1 10 9 14 16 26 11 12 18 19 
26 25 19 13 15 20 14 27 11 5 4 28 24 23 21 12 1 29 16 7 17 6 3 2 9 18 22 8 30 10 
12 13 19 5 21 11 17 3 26 14 6 25 27 18 16 8 29 20 1 10 4 28 9 22 7 30 15 23 2 24 
10 12 4 29 28 20 17 24 15 23 16 7 22 13 3 26 19 18 6 25 14 11 9 1 8 2 27 30 21 5 
26 3 10 20 4 12 11 2 25 27 28 23 14 1 9 19 15 18 16 6 5 13 21 29 24 22 17 8 30 7 
16 3 25 7 11 15 14 20 5 28 17 13 26 18 22 6 4 8 21 12 9 27 10 24 23 30 2 29 1 19 
10 17 26 21 9 13 5 4 22 6 24 11 1 27 30 14 20 28 12 8 15 29 23 19 25 3 16 18 7 2 
25 28 9 12 24 6 30 5 10 13 18 21 8 26 17 19 23 7 15 22 27 16 2 3 4 14 1 29 20 11 
26 19 9 13 3 16 7 25 10 12 29 2 27 24 4 6 17 20 5 14 23 21 28 15 18 11 1 30 22 8 
29 14 11 5 15 21 23 7 30 2 25 4 26 19 24 16 17 22 9 18 12 13 8 28 10 6 3 1 20 27 
8 2 29 20 15 16 10 18 13 3 14 30 22 25 24 27 6 28 19 17 1 26 7 5 21 11 12 23 4 9 
22 20 3 2 30 14 24 27 25 29 11 9 19 10 5 28 8 7 23 1 4 21 18 16 12 6 26 15 17 13 
