3468858966,2934964731
30,30,30
12 99 20 7 64 40 37 13 3 90 70 72 52 8 32 44 50 3 28 66 72 99 17 46 19 96 86 28 48 40 
38 51 95 70 39 20 22 43 64 45 42 47 76 57 49 89 50 63 25 79 56 17 78 60 35 68 16 59 46 31 
79 6 19 34 89 36 5 42 93 69 77 14 45 79 83 69 7 78 67 38 95 87 60 86 49 15 59 88 96 3 
65 60 3 43 73 99 88 55 49 16 12 57 64 60 19 12 71 33 25 50 86 88 98 39 29 83 84 53 12 56 
94 26 2 8 62 44 1 61 37 45 13 85 67 99 11 77 98 37 53 91 90 32 10 76 75 99 35 42 92 85 
71 28 76 89 27 44 21 35 55 33 49 73 38 88 59 39 15 32 66 2 96 34 3 56 30 44 97 81 27 65 
36 57 30 69 87 87 30 48 96 76 33 3 95 81 4 39 12 34 6 18 31 94 24 17 22 25 36 54 77 73 
70 57 47 37 58 53 7 16 13 86 66 10 97 72 42 14 5 12 53 70 83 60 40 66 34 71 91 54 57 57 
7 75 2 19 14 84 76 9 15 5 70 82 97 39 9 66 86 74 89 66 17 34 14 43 17 9 53 23 67 88 
73 40 27 86 13 78 39 44 18 56 78 55 44 90 83 76 53 17 12 39 60 36 14 89 75 54 89 37 76 67 
28 59 91 51 18 29 72 74 61 8 72 25 4 85 87 10 54 35 35 25 13 62 72 20 87 96 95 72 74 41 
31 1 62 83 9 53 45 12 97 44 96 83 52 2 31 23 28 98 32 65 41 45 86 50 84 2 83 87 97 85 
97 12 61 12 32 71 6 76 82 31 69 14 51 16 81 74 68 55 40 88 35 92 28 73 30 24 97 98 43 21 
26 18 66 8 54 31 46 47 6 51 32 53 84 68 99 8 35 11 77 82 52 9 88 33 40 1 64 80 23 15 
90 77 54 87 66 29 12 13 55 62 83 86 86 82 4 83 10 12 95 89 5 72 38 62 12 13 12 64 13 6 
1 56 26 85 41 45 78 81 36 68 73 92 49 1 86 30 44 29 30 83 33 28 1 68 45 61 40 65 21 54 
37 12 89 90 23 36 16 82 21 30 17 45 4 63 45 1 76 33 67 5 36 71 6 39 6 23 96 59 40 90 
73 51 5 62 1 96 6 23 61 37 70 91 31 49 92 78 8 1 2 83 55 21 99 16 19 27 21 48 9 11 
91 43 95 69 42 12 46 70 20 16 95 99 60 44 75 42 28 54 99 94 35 73 59 58 50 76 35 96 17 35 
23 17 91 38 15 11 76 74 16 81 3 56 66 8 56 65 30 65 43 50 20 58 84 78 48 37 69 50 74 59 
50 6 54 65 2 39 59 95 81 91 91 79 66 3 51 63 60 63 47 93 70 8 75 5 80 7 52 65 9 28 
15 93 62 66 72 33 74 49 3 87 5 20 38 35 77 85 58 90 9 42 56 39 25 23 97 76 64 9 20 92 
5 34 42 36 86 47 35 68 36 8 61 99 14 29 27 60 65 88 4 60 93 8 91 91 92 29 14 90 97 94 
91 26 2 8 32 85 61 70 92 34 87 61 15 53 26 51 67 75 67 41 61 68 39 96 65 61 23 83 85 49 
30 67 61 42 69 23 76 8 3 26 99 76 29 96 66 3 88 15 25 49 91 59 33 28 96 15 76 70 96 48 
78 3 85 79 55 60 96 68 30 16 91 66 14 84 90 71 5 4 59 83 32 81 19 45 19 91 9 73 20 71 
92 3 93 90 63 97 51 40 49 92 89 87 76 44 19 35 38 91 24 78 94 63 58 41 7 27 99 80 35 35 
62 11 71 53 83 90 16 19 54 3 40 9 47 53 61 66 56 34 28 65 20 75 26 4 1 90 46 68 53 82 
40 98 72 13 8 10 96 78 39 94 62 90 61 44 21 99 29 48 98 49 37 28 37 24 18 78 19 18 96 2 
34 59 51 48 71 28 42 3 34 68 58 90 75 14 68 5 75 66 96 26 79 49 29 99 17 25 74 12 7 7 
MACHINES
18 24 21 14 12 23 25 26 30 3 9 1 5 6 15 11 4 10 28 16 27 29 7 2 20 19 17 22 13 8 
24 26 9 29 6 12 17 11 18 22 16 28 23 27 13 14 3 21 10 15 8 25 1 4 5 2 7 30 20 19 
15 30 7 14 18 23 10 29 11 26 13 19 17 8 20 9 3 2 1 27 22 6 4 25 21 24 28 5 12 16 
27 10 12 4 22 1 5 7 20 24 13 11 3 25 6 16 23 21 8 17 30 2 26 28 29 19 15 18 9 14 
4 12 21 29 13 1 11 2 5 18 9 15 10 23 7 16 20 22 25 28 6 3 19 17 27 26 8 14 30 24 
25 8 18 4 22 13 14 3 7 12 19 26 16 28 20 21 11 10 5 17 27 30 9 2 1 29 24 6 23 15 
7 14 24 28 29 12 18 9 23 16 25 5 3 19 21 10 20 13 1 27 6 26 4 17 8 22 11 2 30 15 
29 17 27 28 4 15 18 23 1 14 10 2 25 24 8 7 5 19 13 21 20 12 3 16 6 9 26 30 11 22 
8 20 24 21 14 25 17 12 22 30 19 27 13 9 2 5 29 23 18 26 6 4 3 10 11 16 1 7 28 15 
14 10 7 20 26 19 30 2 16 1 17 27 6 8 18 22 21 9 28 25 12 29 4 13 5 15 23 24 11 3 
23 12 27 29 19 24 21 14 6 26 4 22 17 11 16 7 15 18 3 30 28 13 20 25 2 10 5 8 9 1 
11 10 17 14 4 5 26 27 15 23 24 2 8 29 18 30 20 28 7 22 12 25 19 16 6 9 1 3 21 13 
5 19 6 2 29 18 10 21 25 14 27 9 30 20 11 16 3 24 4 13 23 28 26 17 15 22 7 8 12 1 
12 8 9 28 20 3 14 18 22 11 24 2 19 23 30 5 4 26 15 29 25 16 1 13 17 6 10 7 27 21 
11 9 12 30 18 16 20 22 28 10 14 5 27 6 8 13 26 25 24 23 19 7 15 21 3 1 17 2 29 4 
18 24 27 21 14 6 19 26 25 29 1 8 28 17 9 30 10 22 2 5 20 7 13 23 12 4 11 3 15 16 
19 1 15 4 30 12 27 18 11 17 16 23 6 5 2 10 28 3 7 9 22 24 25 21 20 8 13 14 26 29 
19 23 4 3 26 2 30 7 14 15 29 11 6 9 5 12 20 25 21 28 27 24 13 10 18 22 16 8 17 1 
4 6 27 19 24 11 8 17 29 22 18 2 14 13 26 16 7 1 21 12 15 9 30 3 10 25 20 5 23 28 
25 11 26 4 28 2 19 27 22 15 17 3 30 13 18 12 6 8 16 1 10 14 7 21 9 5 20 24 29 23 
18 17 10 25 28 20 4 7 2 26 21 15 1 13 6 16 19 24 27 22 11 5 9 3 23 29 12 14 8 30 
21 22 4 10 1 20 28 26 16 2 8 17 30 12 11 13 23 7 5 27 24 18 3 19 29 25 15 14 6 9 
14 9 4 30 17 2 13 15 28 24 5 6 23 3 11 12 18 16 25 21 1 20 26 7 27 10 29 8 22 19 
26 19 23 8 13 14 25 21 2 16 10 9 22 24 7 12 15 27 28 3 4 1 5 30 11 18 29 17 20 6 
20 25 15 29 12 4 16 6 21 27 22 1 28 30 2 10 14 3 23 24 8 13 19 7 5 26 11 9 17 18 
16 2 19 10 21 7 8 14 27 3 24 12 29 30 26 18 11 5 9 4 6 13 20 17 25 23 1 15 22 28 
18 3 15 11 1 14 10 13 16 24 28 20 12 22 4 17 8 30 5 29 21 2 9 6 26 25 23 7 19 27 
10 12 25 3 30 19 5 28 7 18 26 21 15 29 2 4 6 16 24 8 17 9 13 14 20 23 27 22 1 11 
25 7 26 28 17 30 12 9 21 1 11 18 13 4 19 8 16 24 5 29 10 27 14 3 20 22 6 2 15 23 
25 13 11 9 27 28 6 21 7 5 16 26 29 4 3 12 8 23 2 22 18 14 15 20 24 19 17 30 1 10 
