7023221065,3296816802
30,30,30
11 5 89 17 85 44 18 85 30 5 67 67 94 86 68 41 8 64 56 73 19 27 16 2 92 40 5 6 29 17 
17 68 25 29 75 70 21 30 4 7 79 40 42 66 7 18 36 34 50 73 35 71 4 10 15 98 78 93 2 66 
79 39 47 81 46 84 18 34 60 29 98 95 72 69 35 32 13 2 53 71 47 66 17 40 26 69 82 85 35 76 
36 58 48 58 77 55 14 21 21 9 43 42 9 58 25 31 80 80 12 92 41 34 2 73 42 49 76 78 10 39 
70 21 83 41 11 15 17 18 61 37 18 79 33 51 66 98 55 16 19 48 56 81 13 35 56 64 36 93 28 24 
52 39 93 18 93 90 31 47 22 5 2 36 96 43 74 37 33 91 29 69 77 61 91 51 51 64 6 55 30 35 
99 53 44 94 47 46 94 4 20 23 90 29 61 58 50 47 32 32 40 56 60 7 71 30 70 52 87 88 84 82 
21 35 67 81 37 46 67 75 80 72 40 99 89 66 64 94 55 61 4 17 87 6 79 31 85 19 1 21 97 17 
7 28 38 30 48 62 21 14 31 31 6 77 62 84 37 39 26 3 33 41 41 2 44 74 64 87 84 91 12 77 
63 38 63 80 77 14 86 38 13 8 54 65 29 64 47 38 46 21 29 8 52 39 81 62 54 23 33 39 40 38 
70 36 79 6 83 7 94 92 17 30 73 52 66 86 25 67 18 71 23 72 60 72 15 95 38 34 13 2 67 29 
20 64 47 60 21 22 40 13 17 85 50 29 19 35 72 83 22 8 86 70 65 59 85 62 44 35 83 56 45 67 
50 40 31 62 33 69 43 87 49 38 49 60 64 80 23 60 55 78 71 83 66 91 32 77 15 24 46 23 14 21 
94 93 47 80 13 33 84 71 29 56 60 66 26 16 9 41 32 40 9 54 61 44 77 14 17 89 93 47 10 78 
49 55 44 55 58 95 69 11 28 35 43 34 78 16 34 29 63 31 80 70 31 63 45 61 77 19 1 68 12 25 
85 35 49 77 81 35 31 66 52 78 20 27 12 99 49 60 4 79 55 24 70 70 68 49 72 17 70 98 29 70 
23 50 68 93 90 49 10 10 10 64 18 25 14 97 33 24 77 17 91 40 78 38 19 2 18 90 86 65 40 96 
36 10 40 64 24 65 58 62 17 3 7 77 27 30 9 47 29 49 89 34 46 29 21 47 18 75 6 70 67 88 
31 97 19 42 97 22 40 26 33 10 68 71 62 95 23 42 23 4 61 25 67 53 65 87 29 18 59 75 38 15 
95 1 25 16 7 42 17 42 2 84 49 80 92 67 80 70 37 1 95 95 32 39 96 6 41 87 33 99 91 55 
62 62 85 44 71 54 27 26 98 41 54 85 42 32 89 99 15 93 91 30 96 64 92 48 75 40 78 30 31 17 
15 25 32 71 74 58 77 97 54 57 32 15 26 36 53 24 99 20 16 22 12 59 84 16 11 19 97 70 98 66 
44 64 86 99 11 26 22 16 91 40 5 90 93 4 82 5 4 91 39 14 51 8 94 49 61 75 53 38 9 70 
1 5 3 44 83 38 69 8 10 41 43 89 68 88 66 59 58 51 17 18 42 39 5 35 31 8 46 60 14 73 
98 37 66 32 33 15 15 1 86 68 45 92 90 32 90 67 6 45 70 78 61 55 82 40 82 98 27 98 57 81 
77 45 43 84 30 96 58 93 43 98 63 8 30 74 14 17 67 79 49 16 21 39 95 74 79 65 71 77 41 79 
62 67 98 25 80 70 2 80 94 45 9 54 7 19 86 14 47 86 68 26 40 22 83 9 61 41 8 89 54 44 
58 94 99 11 61 19 38 31 30 47 57 69 61 37 29 84 23 85 45 49 97 38 12 34 59 52 31 30 35 36 
11 54 16 53 67 47 92 78 28 37 7 39 95 97 11 51 19 86 12 43 63 13 94 13 18 23 88 97 63 93 
46 59 31 66 15 4 13 28 38 28 50 70 76 81 1 55 55 79 14 5 65 70 57 77 73 79 8 11 87 12 
MACHINES
10 17 21 30 18 25 3 26 27 11 12 9 14 29 7 4 2 6 19 8 22 24 16 20 23 28 1 5 13 15 
19 2 21 17 15 11 1 24 5 12 9 22 23 25 10 7 8 27 3 16 6 14 20 29 28 13 30 18 26 4 
19 6 23 25 24 20 18 22 30 21 10 29 8 15 3 11 14 17 5 16 13 28 12 2 27 9 1 4 7 26 
14 26 6 22 21 20 12 17 4 18 5 1 23 2 8 11 24 10 25 7 16 27 19 9 15 3 30 29 13 28 
4 20 2 28 24 30 27 7 17 10 8 29 16 14 3 9 22 26 6 18 11 21 19 5 25 13 15 23 12 1 
21 4 26 15 23 6 11 13 2 18 25 10 24 9 8 28 5 17 16 7 27 14 3 20 19 12 22 29 30 1 
26 13 6 30 11 24 21 8 15 23 4 18 29 27 2 5 12 7 14 1 3 20 25 22 16 17 28 10 9 19 
13 10 24 25 26 18 21 30 28 4 27 22 11 2 14 20 23 9 7 12 19 8 6 29 1 3 16 15 5 17 
13 18 21 15 29 8 6 22 7 4 28 5 2 20 3 14 12 27 26 23 9 10 24 11 1 16 17 19 25 30 
19 2 11 6 29 21 4 28 24 22 16 20 8 17 14 3 7 26 13 18 1 5 25 23 12 15 10 9 30 27 
7 2 10 15 21 8 22 9 1 19 25 24 30 4 3 29 23 28 17 16 20 26 12 13 18 6 5 27 11 14 
13 5 15 27 26 30 14 12 22 28 8 24 11 25 19 3 20 29 23 10 1 18 21 6 17 9 4 7 16 2 
23 22 17 13 12 20 19 9 7 2 6 28 27 18 16 26 24 3 21 30 14 15 4 5 8 29 11 25 1 10 
19 27 7 9 29 26 8 14 5 13 20 28 17 18 2 6 3 15 22 12 24 11 30 4 1 16 21 25 23 10 
1 20 6 22 4 28 30 24 27 9 15 29 19 10 5 14 16 26 23 13 11 3 18 7 25 12 8 17 2 21 
9 30 4 22 20 6 1 19 12 23 29 11 7 14 18 27 2 5 25 24 26 28 16 13 21 17 3 8 15 10 
3 1 9 10 5 7 18 16 8 14 25 11 15 27 12 24 6 22 21 2 29 4 20 17 19 30 13 23 28 26 
24 11 21 1 3 6 14 17 18 7 10 8 4 25 22 12 5 30 20 23 2 9 16 15 19 26 29 27 13 28 
7 17 5 27 10 23 12 28 11 4 6 19 21 15 30 22 14 24 13 16 29 9 25 3 26 20 8 2 1 18 
12 7 4 29 17 22 19 27 5 2 10 13 15 28 3 30 11 25 1 26 21 24 23 18 20 6 16 9 8 14 
15 13 26 23 10 8 20 18 1 11 3 24 21 14 27 6 2 22 7 25 17 29 9 12 28 5 4 30 19 16 
16 12 6 25 26 5 15 28 20 10 21 1 11 14 24 19 29 8 2 13 30 23 18 3 7 22 4 27 17 9 
12 13 8 20 21 28 29 26 14 24 30 4 9 10 5 23 16 22 18 27 11 15 17 1 19 25 2 7 6 3 
13 28 24 2 25 15 8 17 22 12 20 9 4 30 1 16 18 23 11 6 19 29 21 27 10 14 26 5 7 3 
2 15 17 9 20 6 22 7 3 27 11 13 28 18 25 4 1 5 26 23 16 29 10 8 24 19 14 30 12 21 
21 9 27 22 1 18 29 19 16 25 15 28 10 6 20 26 12 3 4 2 5 7 30 23 24 13 8 17 14 11 
26 4 2 28 10 1 29 5 9 11 15 13 3 17 20 19 18 27 14 8 22 21 30 6 7 12 25 24 23 16 
21 23 6 8 30 11 15 29 25 28 12 9 18 13 7 4 27 14 17 24 16 1 2 5 10 19 3 22 26 20 
19 15 12 30 17 26 27 6 3 18 24 10 21 25 5 7 29 13 22 4 14 1 23 8 20 28 9 2 16 11 
23 27 10 15 8 25 13 6 7 26 4 19 28 20 11 18 2 16 29 1 24 5 3 14 9 30 22 21 17 12 
