5525057779,8257281721
30,30,30
54 65 25 66 4 91 54 63 6 40 42 66 24 32 82 4 20 29 52 6 66 26 16 47 91 43 43 41 28 45 
84 87 21 44 74 63 62 22 40 75 45 32 81 62 21 65 13 23 69 72 60 71 93 42 62 41 69 70 29 80 
20 60 9 46 73 51 63 39 2 69 39 13 74 1 70 76 57 23 42 35 72 39 68 26 36 14 56 96 11 59 
12 66 38 39 5 60 24 18 26 20 8 85 19 3 90 24 42 84 8 26 18 32 88 8 79 77 57 63 17 40 
64 40 15 19 81 38 41 96 30 78 24 66 42 57 68 99 78 47 34 61 4 72 52 10 32 43 43 30 3 59 
27 96 4 92 69 99 8 73 7 51 54 78 28 45 56 47 78 49 16 36 89 19 73 65 32 63 50 28 12 57 
18 95 87 62 50 89 53 98 2 50 30 55 59 75 3 37 6 40 31 85 94 7 35 31 23 56 35 42 30 6 
31 47 38 94 42 59 57 85 14 13 60 45 12 26 65 25 72 89 27 65 65 54 19 53 16 98 22 36 72 89 
59 88 51 39 34 40 56 48 44 80 41 15 63 30 23 27 92 91 8 95 30 87 50 82 10 68 5 87 32 15 
50 58 1 23 59 63 14 2 45 75 6 71 52 91 10 81 64 80 57 28 45 86 35 32 71 84 75 98 64 19 
48 94 92 52 76 82 56 18 4 79 7 61 75 22 75 67 10 5 92 10 98 50 32 97 47 33 37 92 42 70 
60 91 34 5 80 18 74 38 11 9 94 36 32 91 20 80 63 64 12 29 39 91 99 15 14 53 89 35 25 26 
65 43 23 16 1 80 38 59 78 88 79 41 35 82 83 97 68 92 69 41 97 49 37 9 61 18 37 19 31 53 
69 98 54 57 18 22 57 92 74 21 10 90 22 42 78 11 78 51 27 39 11 73 44 20 88 79 71 20 94 55 
89 96 56 22 31 46 49 73 61 45 59 61 26 38 90 78 43 45 44 16 57 72 39 79 91 72 7 37 67 14 
34 24 25 75 83 83 19 39 47 67 27 64 34 54 73 93 79 64 49 12 68 42 9 46 46 49 98 55 97 74 
5 95 15 99 99 86 38 55 40 90 70 96 46 83 90 29 48 38 73 23 26 44 83 11 74 31 26 57 28 52 
39 60 76 24 80 2 22 76 59 83 13 91 80 19 19 52 22 80 28 31 86 15 47 44 48 93 25 39 39 14 
22 99 35 39 91 9 19 45 36 87 10 44 92 80 97 67 11 12 24 21 36 23 37 81 64 91 91 85 66 14 
48 61 27 39 76 59 9 48 11 80 13 54 42 22 70 20 64 15 4 5 88 31 64 30 1 31 8 49 56 74 
70 28 88 11 47 39 58 73 26 43 32 80 22 9 34 36 1 74 62 94 36 62 72 80 94 20 35 91 89 79 
61 7 4 43 49 94 98 38 92 12 50 31 53 14 86 16 21 21 76 74 55 37 90 16 61 34 30 67 88 82 
81 95 69 9 38 8 45 94 80 82 7 26 83 73 22 46 99 62 4 99 54 26 86 7 21 43 89 74 27 58 
79 66 60 67 42 50 24 94 51 65 17 81 26 81 66 54 91 50 76 26 7 88 14 32 31 35 56 24 80 78 
77 35 41 35 99 12 32 35 63 88 79 99 8 57 6 61 52 70 84 4 24 57 61 31 87 56 32 33 7 53 
94 5 40 43 39 96 59 63 77 31 12 7 12 35 98 76 87 49 81 24 51 35 33 7 15 41 50 20 39 41 
69 53 50 42 75 67 99 8 54 34 12 45 42 16 37 91 49 38 5 79 42 50 76 97 23 31 22 77 64 11 
37 78 73 55 34 62 85 49 84 79 33 13 76 13 11 77 33 45 52 62 36 88 11 8 38 62 51 40 86 79 
61 65 51 17 11 74 96 84 98 10 86 24 73 26 1 86 63 24 3 39 52 79 53 25 57 11 44 85 48 24 
21 45 22 76 3 56 87 65 54 35 23 91 90 59 90 98 74 98 66 64 19 27 41 66 7 80 6 23 22 4 
MACHINES
5 19 9 10 16 23 25 26 15 24 20 12 4 17 13 8 22 7 28 3 29 21 18 11 14 2 27 6 30 1 
27 10 2 22 15 16 26 20 13 23 3 14 28 21 24 6 1 29 4 17 12 7 19 8 9 30 18 11 25 5 
4 10 29 12 7 6 30 23 28 24 1 15 14 20 21 17 27 9 13 25 2 18 19 26 16 8 5 11 3 22 
4 24 22 12 15 20 28 3 9 1 7 26 19 27 17 23 29 14 8 2 10 5 13 18 30 6 11 21 25 16 
11 27 19 9 20 12 28 6 13 5 26 17 3 23 15 30 8 25 10 4 24 7 18 16 29 22 1 2 21 14 
2 26 12 10 4 1 29 6 17 30 24 25 28 27 3 8 16 21 7 19 23 15 11 14 9 22 18 20 13 5 
21 18 14 29 30 12 7 23 16 11 9 28 6 3 15 13 8 22 19 26 20 17 27 2 1 4 5 24 10 25 
7 12 28 5 3 22 15 2 1 9 25 14 4 27 21 16 19 23 26 10 24 20 13 29 8 17 18 11 30 6 
3 20 23 26 16 27 2 25 21 13 12 7 1 8 17 9 19 6 18 15 22 11 14 30 29 28 10 4 24 5 
6 20 11 19 16 14 5 13 9 10 26 29 17 21 28 7 12 3 8 24 15 2 22 1 23 25 27 18 30 4 
7 23 9 5 6 15 17 1 3 2 14 10 13 12 24 4 11 22 26 21 18 28 16 29 8 27 20 19 30 25 
6 7 25 30 20 29 13 27 19 16 1 21 5 12 14 15 9 23 10 17 28 2 26 24 18 8 22 11 3 4 
13 14 8 22 5 26 16 20 3 25 10 6 4 21 7 17 12 19 18 29 30 9 11 15 27 1 28 24 2 23 
28 8 26 24 6 16 18 7 19 17 11 5 22 15 4 23 12 3 21 29 2 30 13 10 27 1 20 9 14 25 
28 15 18 12 21 7 14 16 8 4 30 5 9 20 1 27 24 17 3 29 23 25 10 19 2 6 11 26 13 22 
20 14 30 25 5 6 24 13 4 11 7 10 18 27 26 23 22 3 8 9 16 17 15 29 21 19 12 1 28 2 
14 2 23 11 12 26 5 30 8 17 27 16 24 19 1 7 13 29 21 15 4 10 20 3 6 18 25 9 28 22 
29 4 26 7 22 10 6 20 24 9 11 23 28 30 21 1 27 13 5 12 2 14 19 8 15 25 16 3 17 18 
25 21 15 1 5 6 11 4 8 24 7 9 27 10 20 3 2 22 23 17 16 28 30 19 12 14 18 29 13 26 
21 27 11 1 18 8 26 25 23 4 14 3 29 17 15 13 22 16 7 2 19 28 12 5 9 30 24 20 10 6 
25 21 26 6 8 24 17 29 13 15 4 9 20 23 5 3 1 14 10 2 30 16 12 19 7 11 22 18 28 27 
12 23 8 2 20 17 25 22 5 26 30 15 19 18 28 7 13 24 16 14 9 27 10 11 3 1 4 21 29 6 
27 3 6 17 21 26 18 12 2 19 14 9 1 7 20 29 5 13 22 8 11 30 28 15 4 24 25 10 23 16 
28 3 6 10 5 27 26 7 4 23 25 16 15 12 9 24 29 14 21 11 22 17 1 2 13 20 18 30 19 8 
11 18 21 24 7 25 10 28 14 27 5 15 12 23 3 2 30 4 16 29 1 6 8 22 13 26 20 17 19 9 
15 3 25 8 22 24 2 21 26 11 14 7 4 23 18 5 10 13 12 19 6 20 29 1 28 30 16 27 9 17 
29 12 17 1 27 26 3 14 23 16 11 20 4 9 5 21 2 22 30 24 15 18 19 10 6 7 13 28 25 8 
22 23 21 30 12 8 10 17 15 6 28 19 26 13 29 16 27 2 25 1 4 3 24 11 5 18 9 7 14 20 
4 21 17 20 11 3 25 16 23 28 15 19 1 2 9 8 18 6 24 12 14 10 29 7 22 13 5 26 30 27 
1 11 4 10 27 29 7 22 21 3 9 17 25 26 8 18 28 5 30 23 19 12 2 24 14 16 6 13 15 20 
