2750889520,3826391925
30,30,30
75 38 34 20 14 47 60 79 97 38 53 79 32 55 63 45 70 55 96 89 47 88 24 16 5 60 38 94 86 47 
94 31 65 97 32 37 61 43 38 55 3 8 5 63 43 58 89 77 69 56 62 93 1 86 75 13 73 30 28 87 
44 43 62 87 29 56 32 30 85 87 30 24 19 92 52 20 91 85 60 30 7 86 3 21 85 66 54 15 55 11 
79 96 63 57 94 31 88 60 78 72 38 39 5 33 2 8 38 84 47 28 37 97 66 98 74 85 17 43 16 64 
43 34 87 28 12 35 85 13 77 49 19 61 98 47 84 9 30 53 38 35 31 60 88 10 30 70 27 25 3 78 
80 77 55 60 25 82 41 74 94 62 65 8 27 42 91 50 31 47 40 96 46 69 34 64 75 76 49 89 96 34 
91 30 63 9 27 97 59 22 45 72 51 11 48 46 2 25 88 19 93 64 41 45 18 79 3 37 94 48 1 72 
68 78 82 40 27 91 32 44 55 83 30 79 85 93 85 69 64 7 76 15 84 78 35 1 84 64 94 26 24 74 
24 22 2 40 17 50 16 30 33 99 75 28 68 65 86 65 27 31 76 16 14 61 59 41 88 51 3 58 91 81 
9 3 23 92 12 76 93 45 4 84 83 85 59 22 25 22 6 20 1 3 74 28 41 18 92 14 86 53 38 72 
48 16 13 76 68 86 6 11 93 73 59 49 74 96 42 93 43 10 77 27 51 74 25 92 12 33 25 39 2 80 
37 20 31 9 39 58 82 29 34 28 25 7 73 15 72 32 75 7 13 49 90 10 12 29 85 80 71 53 74 79 
82 71 28 25 81 38 71 68 33 13 69 96 93 4 63 85 89 40 28 79 37 53 93 43 34 26 9 27 21 60 
90 12 68 18 75 78 8 68 25 94 56 3 63 16 61 39 36 40 50 24 57 13 42 66 45 26 34 7 81 21 
65 68 82 15 95 75 95 12 76 48 14 8 59 35 1 63 40 18 80 57 11 61 23 80 42 27 86 98 3 94 
45 61 59 65 83 9 8 34 6 87 42 92 22 90 59 24 15 92 33 18 29 9 88 98 57 9 66 35 36 5 
81 72 11 8 76 17 58 8 56 95 20 74 35 44 98 53 2 99 72 99 11 77 90 96 51 41 85 48 22 16 
17 31 77 37 77 97 35 91 54 84 63 39 31 77 83 86 13 92 5 83 39 84 68 45 54 60 73 21 23 20 
8 61 90 16 86 84 54 43 42 17 37 90 39 30 94 27 84 1 34 8 37 25 11 96 10 4 45 81 14 31 
64 62 48 84 90 63 37 54 66 83 33 51 23 55 52 68 37 65 53 51 81 33 48 79 39 74 32 77 15 91 
9 60 45 87 85 98 43 76 38 98 39 88 76 79 71 42 54 45 62 96 36 51 47 6 53 46 80 51 92 10 
40 34 63 36 51 76 7 20 17 50 98 51 69 15 18 22 12 56 2 66 73 1 77 30 60 58 2 77 87 2 
85 69 56 21 92 58 82 3 30 68 18 70 89 90 93 25 91 22 81 25 94 61 65 39 71 98 17 25 95 82 
32 84 29 16 70 84 90 37 60 89 43 17 30 67 66 10 84 70 2 93 55 63 10 34 15 16 83 92 11 90 
34 19 67 45 39 16 61 30 51 85 23 37 31 93 43 56 89 20 92 92 72 70 11 81 50 4 6 44 91 63 
36 29 47 6 64 53 52 76 95 69 98 48 32 12 5 14 69 49 74 60 46 17 52 6 16 44 22 60 83 18 
83 65 70 15 22 20 28 42 74 88 10 7 78 58 83 62 45 80 59 94 84 70 13 36 54 68 71 21 20 39 
79 10 75 25 7 23 71 39 32 28 85 2 30 14 18 65 13 15 12 28 47 12 97 57 26 80 38 61 84 51 
72 97 63 31 28 19 60 55 83 14 13 99 81 12 37 86 93 87 29 84 54 2 82 91 70 86 67 52 90 9 
23 97 81 56 66 72 45 67 55 86 66 40 93 97 94 47 98 91 20 33 64 91 20 90 38 11 72 23 70 66 
MACHINES
15 27 5 10 30 3 24 11 26 28 4 20 14 23 7 1 17 8 16 2 29 22 25 9 19 13 12 18 21 6 
13 17 24 12 9 25 15 22 26 21 19 16 1 18 20 6 23 10 4 8 5 28 7 30 27 29 11 2 14 3 
29 23 4 14 1 27 24 22 2 12 9 15 11 19 13 8 7 5 21 30 28 20 17 10 3 18 16 25 6 26 
7 28 1 14 13 26 9 8 6 23 19 16 3 2 30 18 11 24 15 12 20 21 10 27 25 4 5 29 22 17 
16 2 26 9 23 8 24 21 3 15 27 7 28 29 1 5 30 4 17 19 6 20 25 13 12 14 22 18 10 11 
8 14 18 11 9 23 26 3 10 13 21 5 4 24 16 28 15 29 27 2 20 7 17 30 6 1 25 22 19 12 
21 16 24 27 25 9 4 23 19 7 26 22 28 6 20 15 30 11 18 10 3 17 8 2 1 14 29 12 13 5 
17 27 14 7 20 25 29 22 6 8 2 24 4 11 18 13 5 12 23 30 16 9 19 1 15 10 26 28 21 3 
12 2 22 17 8 9 27 10 7 19 13 25 20 24 18 23 4 30 15 28 3 16 14 11 21 1 5 26 29 6 
27 8 9 15 10 16 4 28 11 18 6 25 14 30 2 17 3 21 1 22 23 5 12 26 20 29 19 13 24 7 
23 7 16 25 12 24 18 11 3 19 14 13 9 1 29 27 2 20 21 15 4 26 30 17 6 22 10 28 5 8 
3 6 10 8 12 4 22 20 28 29 2 9 19 26 14 30 24 21 1 18 16 13 23 25 27 15 5 17 7 11 
30 2 8 4 13 10 24 20 9 14 1 7 21 3 16 5 11 28 12 29 22 23 19 18 17 27 6 26 25 15 
5 19 8 7 10 12 21 27 16 28 4 11 13 18 23 6 3 2 26 20 25 22 9 24 14 30 15 1 17 29 
20 8 4 18 22 7 2 14 3 15 12 13 16 21 25 10 17 30 11 23 27 5 6 9 1 24 26 29 28 19 
29 20 23 10 26 14 17 24 8 30 3 16 7 12 5 28 27 22 9 21 15 1 6 4 25 13 18 2 11 19 
20 13 10 15 2 17 26 4 23 30 12 16 22 18 21 29 5 19 3 24 27 6 8 9 1 14 25 11 7 28 
14 10 6 28 25 23 27 20 30 9 29 16 5 26 8 2 21 22 7 12 4 19 13 1 11 3 15 24 17 18 
25 5 8 30 21 19 23 6 7 24 14 11 15 18 3 10 22 4 1 13 17 28 16 27 9 2 26 12 20 29 
11 14 28 2 7 13 8 29 1 16 3 24 15 9 18 21 6 17 4 5 20 25 12 30 27 23 22 10 26 19 
17 3 8 28 10 14 7 23 13 2 18 25 26 4 22 21 5 6 20 9 27 24 11 19 15 29 1 30 16 12 
1 19 12 30 26 6 10 3 16 11 28 14 21 7 17 18 20 24 2 15 9 8 29 27 13 22 4 25 23 5 
16 28 5 14 17 6 30 22 1 2 9 20 25 10 11 3 23 12 13 19 21 27 26 24 7 4 29 15 8 18 
30 10 24 5 14 12 4 3 6 29 1 22 27 20 13 19 26 16 2 25 15 7 8 18 9 17 21 11 28 23 
11 14 29 20 5 26 23 9 24 12 4 18 30 13 17 2 19 10 1 7 28 25 6 21 16 27 8 15 22 3 
18 10 16 21 22 11 6 12 20 5 23 2 15 13 17 25 30 27 3 26 28 19 14 24 29 8 1 7 9 4 
24 13 1 28 18 25 3 14 11 2 29 4 6 21 20 23 22 10 7 15 9 12 5 26 27 30 19 17 8 16 
2 27 12 19 15 18 14 10 7 17 11 20 22 21 6 26 9 29 25 16 28 30 24 1 5 13 3 23 4 8 
25 16 22 1 28 24 7 27 17 11 9 12 15 2 3 20 19 13 30 29 6 8 18 21 26 10 4 23 14 5 
24 19 3 12 11 20 9 26 16 5 23 6 1 15 13 14 25 18 4 30 22 29 7 27 8 17 28 21 10 2 
