5150894521,1613445122
30,30,30
42 64 26 6 37 10 55 92 39 52 21 80 24 9 28 6 87 99 41 7 99 68 39 75 89 83 39 90 7 20 
41 13 38 11 8 3 35 79 41 16 91 41 49 9 33 28 80 99 60 63 40 87 16 49 37 29 39 77 48 85 
93 46 27 67 79 76 92 65 90 65 64 88 7 17 25 70 40 21 65 90 1 73 22 42 42 68 31 33 50 66 
9 15 69 14 28 46 12 34 18 21 41 70 76 3 18 2 10 76 15 48 90 44 69 29 11 34 91 82 5 45 
82 58 53 75 30 61 63 68 67 28 10 14 53 98 70 85 13 52 86 5 31 55 45 27 33 86 44 79 74 64 
92 64 24 89 5 87 59 47 73 81 96 63 5 6 98 57 62 49 50 70 16 21 62 53 50 92 82 24 90 57 
31 75 93 48 90 42 42 6 67 99 18 71 52 56 95 6 7 96 63 95 41 6 34 13 93 63 80 68 64 54 
32 38 42 16 59 12 64 47 4 82 5 37 42 26 18 38 83 14 22 45 60 12 48 7 36 98 18 10 6 38 
59 11 8 4 11 99 77 29 37 86 39 17 1 74 62 86 87 99 28 9 59 67 53 52 97 18 57 13 28 54 
18 82 13 27 25 82 46 41 9 10 90 93 79 79 2 8 16 66 57 86 67 45 42 34 51 61 55 76 62 49 
66 45 89 97 78 87 17 99 79 32 46 35 90 1 21 40 25 38 10 36 28 5 95 25 18 61 40 56 34 58 
55 75 60 18 66 1 43 67 61 36 53 99 82 18 47 87 4 7 79 40 30 5 94 87 59 16 58 5 46 89 
97 30 76 13 32 96 29 39 94 90 19 4 98 33 59 92 34 46 85 71 77 66 11 85 43 1 83 77 62 31 
93 62 55 12 2 91 39 97 9 89 98 34 67 39 60 88 70 57 18 64 30 31 15 66 19 17 77 48 80 49 
12 12 30 75 16 40 92 48 16 33 46 31 94 30 67 94 38 82 76 74 66 16 52 64 14 40 62 13 31 24 
17 94 90 42 33 73 41 86 68 31 66 14 27 35 37 68 74 42 78 25 21 3 13 66 61 79 18 44 25 63 
11 39 36 75 68 98 4 48 7 46 36 35 49 13 82 41 75 82 9 43 46 66 18 95 40 21 70 34 94 65 
81 87 58 93 51 7 36 41 53 53 58 26 88 23 98 52 43 89 60 5 26 56 6 78 64 43 2 62 8 18 
81 15 9 27 52 25 78 31 9 26 87 79 4 42 64 37 15 2 60 67 37 29 95 69 71 76 50 25 15 5 
66 21 14 6 95 72 85 45 64 65 38 84 89 18 46 44 27 12 81 5 29 5 24 71 66 19 36 56 85 18 
69 95 44 4 89 55 80 3 6 39 98 30 5 76 54 15 41 21 46 81 88 63 55 70 39 30 66 83 90 8 
91 56 62 72 2 34 80 6 16 3 78 7 90 17 46 82 6 85 61 60 92 96 87 23 57 48 30 24 55 7 
91 91 41 54 63 99 79 53 46 27 23 32 79 10 58 18 91 47 43 37 40 32 40 55 13 17 98 48 5 70 
9 46 55 45 58 88 88 57 89 88 28 46 95 26 93 21 96 78 43 34 74 64 49 34 40 18 20 11 91 71 
22 62 98 25 46 77 75 61 60 59 91 94 30 84 83 88 27 29 82 26 69 60 90 5 9 49 9 20 67 89 
42 80 59 23 33 28 87 99 23 13 91 97 85 28 2 63 14 58 34 8 97 45 75 25 55 98 74 21 75 14 
94 22 65 16 76 66 60 94 88 94 45 47 18 1 82 52 13 76 67 64 38 60 35 89 49 82 79 22 70 79 
2 38 75 42 62 41 53 42 32 33 32 6 50 72 31 49 70 32 62 34 53 85 25 87 21 42 41 45 43 28 
77 19 84 42 43 31 16 87 10 4 63 86 75 24 79 70 60 1 26 6 85 72 11 33 84 82 82 40 39 69 
56 24 31 9 36 63 24 46 58 87 82 2 23 77 91 1 40 87 71 44 42 28 51 8 94 70 77 49 70 54 
MACHINES
25 9 6 19 2 10 28 22 30 20 1 12 3 11 15 14 13 17 27 18 16 24 7 29 26 23 5 21 4 8 
4 17 5 20 13 30 9 24 14 2 10 28 29 27 15 19 7 21 26 22 12 3 18 11 8 25 1 23 16 6 
22 9 24 21 30 10 8 6 15 19 14 1 5 2 26 16 3 4 28 13 23 17 27 20 12 25 11 7 18 29 
20 15 27 21 18 26 12 10 9 5 28 25 7 16 6 14 11 22 13 1 4 17 19 2 24 8 29 23 30 3 
17 27 6 4 3 25 23 2 22 30 8 29 24 20 9 5 19 7 14 13 18 26 1 12 16 28 21 15 10 11 
20 22 12 23 7 8 24 9 30 19 29 13 25 1 14 3 17 15 2 27 6 16 26 11 4 21 28 10 5 18 
29 20 8 1 4 19 23 26 12 14 9 15 24 30 7 21 3 5 6 13 25 27 16 2 18 28 11 17 22 10 
9 5 16 3 22 8 6 14 20 15 10 7 12 28 24 11 13 27 2 4 29 25 23 18 1 30 26 19 21 17 
2 16 8 24 29 22 10 13 18 1 12 30 4 7 5 28 26 25 15 3 27 20 23 21 14 17 9 6 11 19 
17 7 18 20 6 19 5 12 15 23 14 10 1 29 26 3 27 4 11 24 21 16 25 13 28 9 8 22 2 30 
11 24 17 16 26 2 23 10 5 3 19 8 4 15 25 29 13 7 27 22 14 18 21 28 20 1 30 6 12 9 
22 19 23 4 6 20 15 27 7 14 12 28 30 18 24 16 2 1 21 29 11 25 10 3 5 9 13 8 17 26 
4 27 8 28 9 29 20 30 3 11 26 15 12 18 2 14 6 21 24 19 16 13 23 7 17 5 1 25 10 22 
7 26 28 12 3 20 9 27 29 18 4 22 10 19 25 8 17 16 23 14 24 1 15 6 5 2 13 11 21 30 
10 13 4 8 6 30 20 24 19 11 16 1 21 5 12 3 15 17 14 18 9 26 7 28 25 23 29 2 27 22 
12 7 17 22 3 8 19 13 15 23 6 16 30 9 26 18 25 11 28 24 5 10 14 1 27 29 20 2 4 21 
23 17 12 15 20 3 18 16 8 10 9 24 11 4 7 19 30 5 29 1 13 6 21 22 26 25 28 2 14 27 
5 12 10 7 28 9 4 18 15 17 2 29 14 11 24 30 19 3 6 21 22 13 8 27 20 23 16 25 1 26 
3 28 7 21 19 12 14 24 27 16 29 2 23 6 8 17 22 25 10 4 30 18 20 9 15 26 11 5 13 1 
7 3 12 23 18 15 17 6 13 5 30 10 22 1 26 29 4 28 11 19 9 20 25 16 24 14 27 21 8 2 
20 11 17 16 27 1 30 23 8 19 10 15 7 13 9 21 5 22 2 14 4 12 28 24 26 3 25 18 29 6 
18 1 23 15 7 22 3 14 8 10 28 2 30 11 12 16 5 4 20 9 6 21 19 27 17 24 25 29 26 13 
4 19 22 7 28 8 27 9 14 10 12 25 15 23 6 11 29 24 3 30 21 20 1 5 26 2 17 16 18 13 
27 21 25 5 29 19 20 1 23 2 10 22 4 11 7 30 24 26 6 15 17 9 13 14 12 3 16 18 8 28 
15 18 19 8 11 27 16 20 29 6 9 21 10 28 2 3 17 12 22 30 14 26 1 7 13 25 5 4 24 23 
19 9 11 2 4 30 29 6 26 25 22 24 14 3 20 13 1 8 27 16 12 28 18 5 23 17 15 10 7 21 
21 29 23 26 18 9 3 7 22 13 19 24 15 28 4 2 20 30 5 1 16 12 11 10 14 17 6 25 27 8 
16 6 20 26 19 23 21 3 27 18 7 1 8 2 13 30 10 5 29 28 17 14 25 24 9 4 11 15 22 12 
27 4 22 10 21 19 24 13 28 16 2 30 15 14 6 5 18 1 8 26 29 20 25 17 11 9 7 3 12 23 
7 1 24 17 6 29 21 5 2 19 26 15 12 18 25 3 23 13 16 20 28 4 10 14 22 9 8 11 27 30 
