1169754793,2784495793
30,30,30
49 70 82 80 23 17 93 14 25 49 38 84 38 32 86 89 44 12 50 17 51 32 21 23 79 40 42 48 5 32 
78 93 72 73 93 77 77 91 72 65 66 38 72 15 46 28 27 55 17 6 35 83 26 29 45 7 22 47 98 26 
73 88 72 49 11 18 69 8 77 66 97 8 22 77 10 65 73 94 37 19 93 94 44 83 66 63 80 86 33 69 
94 99 43 55 73 9 97 32 55 50 53 6 13 37 48 82 13 1 24 37 90 39 31 53 1 58 40 4 30 98 
62 28 24 73 68 13 41 60 8 61 18 86 91 79 37 6 55 5 93 44 5 84 25 54 7 72 95 86 29 42 
87 13 22 25 87 75 23 49 85 50 33 30 71 87 19 58 35 45 10 31 96 50 82 69 13 76 23 65 67 15 
50 45 39 12 1 11 48 68 46 49 24 81 75 72 46 26 21 13 29 21 2 26 24 34 27 42 80 66 47 57 
38 75 71 90 10 44 83 68 71 14 41 74 21 90 48 21 18 42 67 90 20 9 33 99 86 9 46 21 74 55 
46 33 39 81 60 95 89 17 76 10 29 64 41 86 37 74 54 79 77 62 71 89 12 12 25 48 50 9 56 20 
63 25 25 54 89 42 23 87 7 13 14 91 34 60 50 1 91 85 48 18 3 27 85 36 26 22 9 30 79 99 
77 27 94 16 62 32 93 63 61 15 5 55 9 51 52 87 16 49 59 39 1 78 78 62 11 41 81 2 60 68 
47 46 17 3 71 92 8 28 75 42 10 45 39 32 86 27 7 74 6 62 65 22 35 46 58 21 15 94 17 44 
37 91 34 98 2 19 78 14 46 86 74 25 87 25 86 40 90 75 49 51 93 70 17 88 69 89 18 22 19 42 
34 88 63 68 53 68 11 65 53 72 41 84 17 66 85 47 89 54 49 7 86 92 56 25 58 8 64 36 30 69 
26 57 53 57 27 48 96 69 79 11 8 4 84 56 90 20 92 24 52 15 48 77 86 39 40 99 36 43 86 29 
79 27 81 31 6 84 42 39 84 24 4 23 56 59 28 60 73 15 87 22 9 49 63 92 72 1 97 58 80 66 
99 63 97 3 17 8 86 70 79 94 44 55 6 59 58 99 13 50 98 82 8 34 92 82 40 5 4 36 46 29 
33 51 93 14 2 12 26 82 26 36 79 45 61 31 28 77 21 58 52 37 87 35 26 73 29 29 9 5 22 69 
87 52 46 86 69 17 67 54 12 92 39 97 37 83 97 72 78 1 52 81 35 90 66 40 4 61 93 92 21 49 
2 48 23 34 68 45 41 93 96 59 94 97 34 22 55 35 63 30 28 86 80 30 64 49 83 84 65 99 58 73 
6 61 66 25 83 99 49 89 52 39 78 17 27 26 92 5 33 63 43 16 77 22 38 24 29 66 89 35 37 63 
79 8 11 15 59 76 14 13 35 67 47 67 50 47 40 57 41 85 30 73 71 97 64 38 38 18 14 72 20 51 
40 22 84 96 26 55 96 67 56 86 10 93 55 34 95 80 81 93 46 62 59 60 57 1 86 94 88 96 97 8 
27 25 6 49 79 6 66 30 78 33 75 45 12 56 6 61 78 75 97 13 90 66 72 11 24 87 51 10 67 90 
71 26 20 29 47 23 36 73 31 87 2 76 21 37 21 35 13 6 2 63 5 61 93 28 16 45 20 44 8 8 
25 2 36 82 25 44 88 13 37 56 35 38 63 94 65 24 82 61 37 2 44 1 6 42 96 5 8 22 26 21 
60 78 26 84 70 22 60 49 28 27 76 96 3 24 84 85 84 74 97 91 46 84 90 49 51 51 54 5 28 24 
13 59 27 94 12 10 1 35 71 55 8 72 33 20 57 95 58 78 35 52 68 52 98 93 12 17 16 24 1 64 
76 50 67 23 68 50 77 75 31 83 67 17 57 48 60 57 2 89 44 56 18 73 88 47 76 18 3 68 14 66 
67 1 12 68 24 84 50 7 90 58 70 18 67 80 78 25 14 60 80 21 19 24 54 43 32 44 35 98 48 13 
MACHINES
28 6 10 7 18 22 14 16 2 3 8 26 20 30 1 11 15 13 21 27 5 4 9 12 23 24 25 29 19 17 
19 5 10 14 18 12 7 17 25 13 20 24 22 27 23 30 29 2 4 9 15 8 26 6 28 3 21 1 16 11 
23 10 4 5 18 28 29 1 9 14 11 27 7 25 6 15 3 17 20 21 16 30 12 26 22 19 24 8 13 2 
23 5 25 12 14 24 17 27 10 21 3 22 15 20 30 29 18 11 4 7 9 13 8 6 1 16 28 2 26 19 
13 29 19 16 30 2 14 25 17 27 18 4 21 11 6 23 9 10 15 8 5 22 24 1 26 20 28 7 3 12 
30 14 15 2 10 26 5 22 4 11 24 3 13 17 21 18 16 9 8 1 25 19 6 28 20 23 12 7 27 29 
17 26 29 11 13 7 5 25 20 6 22 12 16 1 4 14 30 18 21 9 24 15 3 10 23 27 19 8 28 2 
20 6 27 24 4 10 14 18 16 28 13 26 11 19 15 8 3 2 29 9 23 25 5 22 12 21 17 1 7 30 
3 17 7 28 10 11 26 12 20 2 1 19 22 6 23 29 13 24 9 18 25 16 5 4 14 21 15 27 8 30 
21 19 15 25 7 26 17 6 1 18 12 22 5 16 30 29 28 24 20 3 27 8 9 14 10 2 23 13 11 4 
12 28 30 1 21 22 17 7 25 2 3 23 24 13 29 11 26 9 6 18 8 5 19 4 16 15 20 27 14 10 
9 20 22 7 2 30 29 8 3 26 16 4 10 24 18 6 23 11 13 27 1 17 15 19 21 25 14 28 12 5 
6 16 8 22 12 19 10 25 1 27 4 26 17 2 9 24 13 15 30 11 14 28 18 23 5 7 3 21 29 20 
9 7 21 17 3 30 20 22 10 26 4 24 27 19 6 5 1 23 8 18 12 14 28 11 13 25 29 16 2 15 
11 12 8 3 7 22 21 27 18 6 10 19 30 2 29 1 16 5 24 25 13 14 28 4 9 15 26 20 17 23 
9 23 3 13 18 21 27 24 10 5 17 26 19 14 7 28 6 2 11 16 4 29 12 8 20 22 25 30 15 1 
28 10 27 17 24 8 13 19 2 20 30 21 5 3 11 7 12 29 22 9 1 25 18 6 4 15 14 23 26 16 
5 24 18 26 21 9 10 27 6 19 15 29 3 7 11 12 17 14 1 30 2 22 23 8 25 4 13 16 20 28 
21 1 16 4 26 29 22 9 18 23 5 17 11 20 19 8 7 27 6 13 2 10 30 15 25 24 3 12 14 28 
21 18 6 12 16 4 15 20 22 27 23 1 24 30 19 11 13 28 3 8 29 25 10 14 7 17 9 26 5 2 
10 26 18 3 20 2 29 22 28 17 23 16 7 8 9 11 4 14 24 6 21 30 19 15 12 27 1 13 25 5 
30 11 18 19 9 3 17 6 28 26 23 20 5 22 29 16 24 10 4 21 8 27 1 7 25 2 12 13 15 14 
20 17 22 5 10 6 23 21 30 9 4 28 24 18 8 25 15 12 11 13 7 1 16 19 3 14 27 29 26 2 
7 28 25 9 1 11 21 13 8 4 30 17 15 6 16 20 19 10 22 2 23 26 14 5 12 24 3 29 18 27 
20 18 13 21 24 6 16 1 23 5 27 3 2 12 8 26 14 25 15 19 29 9 28 22 17 10 30 4 7 11 
12 14 25 23 18 27 11 13 26 2 1 7 3 10 9 4 6 24 29 8 17 20 19 22 15 5 30 16 21 28 
9 19 23 6 20 21 5 13 16 30 7 15 4 11 25 28 3 29 17 1 10 14 18 22 2 26 24 12 27 8 
1 6 29 25 30 27 26 8 3 2 14 17 5 10 12 19 20 9 11 16 28 18 23 7 13 24 15 4 22 21 
12 22 26 21 23 10 20 17 16 14 29 11 4 30 7 25 8 27 1 3 24 28 18 5 13 19 15 2 6 9 
14 11 17 6 26 2 20 5 13 30 27 7 15 25 4 23 28 10 12 1 16 19 8 29 21 18 24 22 3 9 
