2537235843,5298553092
30,30,30
43 9 25 65 11 74 70 61 53 85 47 26 98 14 67 23 20 35 83 28 83 58 13 5 6 74 28 60 51 28 
11 89 9 86 53 76 99 16 41 40 15 7 99 83 75 84 61 63 62 79 32 61 76 70 95 60 8 67 24 99 
58 93 33 84 33 59 66 71 12 50 29 17 65 74 84 86 86 76 50 68 87 51 64 83 58 42 70 34 6 12 
17 31 80 6 43 10 95 62 58 75 9 66 5 6 86 51 85 47 32 6 66 20 90 5 68 47 61 80 28 69 
62 40 91 26 75 54 65 46 1 18 49 70 72 65 31 86 88 85 79 97 31 51 32 73 53 42 50 25 89 82 
40 79 6 33 73 51 6 90 92 42 78 28 68 34 6 2 61 85 30 22 5 29 96 25 71 78 15 21 82 7 
69 29 92 51 24 37 53 54 94 40 7 72 8 26 39 44 89 13 33 10 49 94 15 75 44 58 49 94 21 68 
21 57 10 13 4 61 32 75 7 33 84 20 94 98 98 74 47 7 8 55 39 81 70 11 27 74 27 60 31 47 
56 71 92 84 31 63 54 22 37 53 19 85 24 39 49 83 73 61 80 58 5 29 24 18 52 70 19 28 13 51 
53 98 90 69 44 21 60 86 26 50 3 50 96 79 4 77 88 58 56 85 84 83 10 72 56 3 66 13 29 75 
4 19 77 32 43 40 49 40 17 38 49 48 99 80 45 89 58 46 61 17 41 15 55 63 63 24 70 38 16 31 
40 45 47 54 40 13 78 36 78 45 92 31 27 6 93 85 79 17 62 91 40 91 94 49 45 46 3 8 9 23 
62 51 49 38 22 52 55 5 66 1 50 79 13 86 29 71 98 80 28 55 78 16 54 93 71 14 22 50 31 14 
22 71 62 22 25 56 9 20 19 21 32 71 27 26 85 66 67 55 25 55 3 56 61 87 15 25 20 32 25 28 
10 13 36 99 88 23 67 40 85 99 87 88 90 87 40 28 26 70 18 14 5 18 93 38 28 27 75 89 76 87 
40 6 44 4 66 52 26 73 93 55 53 37 84 74 78 10 68 13 75 3 34 91 55 45 53 51 59 11 74 82 
73 95 20 65 88 12 34 35 25 61 4 55 83 14 16 89 97 53 37 44 58 62 11 78 68 3 32 33 98 34 
48 45 57 44 26 31 69 61 96 42 28 48 42 3 88 97 15 12 38 5 39 85 72 65 61 17 32 28 55 9 
83 80 14 59 47 68 42 4 26 67 54 7 76 33 95 89 76 66 30 31 60 44 90 53 13 76 19 11 88 49 
60 50 44 85 72 91 13 40 1 57 56 39 81 98 78 6 66 74 11 53 89 17 11 37 76 95 30 17 1 17 
5 14 68 64 24 34 16 15 9 94 10 35 95 4 70 6 27 60 60 69 28 69 96 25 93 12 14 60 26 85 
31 8 50 98 35 26 21 30 1 70 29 67 11 33 3 6 52 53 16 27 84 40 8 69 16 87 51 54 84 25 
29 68 27 64 41 21 23 57 4 15 38 77 21 9 48 22 74 38 10 19 71 19 93 25 6 85 12 30 55 82 
61 87 78 45 57 59 69 93 59 22 67 66 5 50 5 78 49 33 97 85 20 30 94 80 28 83 60 20 44 18 
13 52 41 66 90 3 20 8 76 80 65 97 37 17 33 49 68 36 95 35 68 64 92 68 21 56 6 54 57 7 
53 78 67 75 82 64 95 59 94 92 65 32 19 39 37 49 4 94 74 69 44 16 17 73 60 16 48 18 91 24 
76 38 79 72 66 87 21 71 81 99 18 17 67 74 25 19 65 98 34 87 98 20 18 74 74 99 21 94 12 67 
86 22 57 90 19 40 90 87 27 11 7 74 49 72 38 91 47 21 72 86 12 19 41 79 60 60 97 67 25 92 
67 23 37 27 77 45 26 4 90 70 24 29 8 53 50 3 50 7 41 6 3 56 59 88 84 62 6 38 70 48 
95 47 51 34 25 56 63 35 2 91 83 90 14 35 96 36 19 73 3 97 26 29 25 77 63 47 36 37 24 42 
MACHINES
11 24 20 7 2 23 18 12 29 26 28 5 21 30 25 8 13 14 9 19 16 3 4 17 22 10 27 15 6 1 
23 1 20 16 29 4 9 30 6 14 10 25 15 11 18 2 7 3 24 27 5 26 28 17 19 22 12 8 21 13 
11 6 19 15 26 24 10 8 2 7 25 5 4 12 13 18 22 14 30 1 27 20 16 21 23 29 9 17 28 3 
29 12 24 20 27 26 13 23 15 8 18 1 22 17 25 2 19 7 21 4 11 30 28 6 5 3 14 10 16 9 
16 19 4 8 14 3 6 7 24 9 2 26 23 5 15 10 28 18 29 21 27 13 11 17 30 1 12 20 25 22 
17 21 14 7 1 20 11 29 24 9 22 2 23 18 19 6 12 15 5 27 13 26 28 8 3 10 16 30 4 25 
29 8 9 16 30 4 22 25 21 20 19 11 13 12 7 27 5 28 3 26 1 2 15 23 18 24 17 6 10 14 
26 28 25 29 24 19 1 22 4 16 5 14 15 10 17 13 9 20 12 27 2 6 11 18 7 30 21 23 8 3 
4 21 16 20 27 9 30 13 24 1 8 14 23 6 29 25 28 5 3 7 10 11 17 15 18 12 2 22 19 26 
20 1 6 28 22 15 7 9 23 30 2 16 4 11 25 17 27 13 5 14 21 12 26 8 19 3 10 24 29 18 
28 13 16 7 10 23 4 1 29 18 20 11 12 17 8 3 2 26 30 19 5 22 24 14 21 25 15 27 6 9 
6 2 1 15 11 10 28 14 18 26 17 13 25 3 8 23 20 4 22 5 16 21 12 27 24 29 19 9 30 7 
4 2 17 25 16 7 15 21 14 3 27 12 20 24 10 28 19 1 22 18 29 9 11 30 23 6 5 13 26 8 
18 10 23 22 20 26 12 29 15 1 24 25 7 28 21 5 4 2 27 8 17 19 30 3 11 6 9 14 16 13 
9 29 2 15 28 11 5 25 6 14 17 10 4 13 30 24 8 27 22 1 3 7 20 12 16 21 23 19 18 26 
23 5 6 9 28 16 18 12 21 11 22 27 26 1 24 17 14 19 30 7 2 4 29 10 20 3 8 13 25 15 
2 5 7 1 18 10 28 22 14 24 15 8 30 3 21 11 12 27 4 25 20 16 19 9 26 29 13 23 6 17 
10 20 25 29 2 6 5 14 19 28 15 7 18 1 4 3 26 11 13 27 21 22 16 12 24 30 17 9 8 23 
14 21 3 17 26 27 24 11 8 22 28 30 12 15 20 10 9 19 5 6 16 29 4 13 7 18 25 2 1 23 
1 27 30 19 5 7 13 3 16 18 15 25 14 4 6 28 22 20 8 24 17 29 21 2 11 23 9 10 12 26 
24 30 4 21 28 25 29 13 8 7 1 10 14 6 5 23 2 26 19 20 11 17 18 9 22 15 12 27 3 16 
26 4 5 1 22 16 21 27 13 23 24 29 17 19 9 15 8 12 2 14 11 18 28 7 30 6 3 25 10 20 
5 20 7 9 16 2 27 12 22 19 21 28 4 11 3 1 29 15 6 18 8 14 23 30 25 26 13 24 10 17 
28 20 13 4 22 18 10 30 15 7 27 21 2 23 3 8 17 24 14 6 26 11 29 9 5 25 19 16 12 1 
17 13 5 27 29 16 15 2 19 30 20 8 9 11 6 7 4 25 12 28 14 10 3 26 1 23 21 22 24 18 
3 6 7 24 21 22 2 23 5 13 30 4 28 10 16 12 9 17 29 27 25 20 11 1 8 26 19 14 18 15 
16 3 29 24 14 28 26 2 7 15 25 30 11 21 10 18 23 17 9 6 12 27 22 4 8 20 19 5 1 13 
20 9 22 19 2 1 28 21 24 10 11 13 26 3 7 27 8 6 30 14 5 16 29 25 23 4 17 18 15 12 
22 8 1 27 19 20 15 21 13 4 29 10 26 23 14 2 30 17 16 18 11 7 5 9 6 12 28 25 24 3 
26 30 4 10 13 5 6 21 27 7 15 9 28 19 17 2 29 22 24 12 3 23 20 16 18 8 1 14 11 25 
