1447320748,1019157017
30,30,30
30 78 20 30 44 19 72 79 63 64 31 34 38 4 50 94 24 50 89 40 37 88 42 47 2 14 73 97 60 58 
12 49 13 21 76 78 69 49 58 85 73 75 36 52 17 64 14 8 24 37 37 55 55 32 62 68 79 30 70 40 
1 42 57 64 73 73 8 49 81 50 12 68 5 26 52 52 80 44 85 35 35 23 10 10 82 85 84 43 57 65 
68 62 11 28 48 24 87 8 80 29 96 48 77 78 30 76 16 71 83 16 28 94 46 44 84 68 69 23 71 15 
8 59 36 39 37 87 89 15 82 84 34 30 86 76 55 99 94 56 30 74 71 58 64 15 54 13 22 32 39 85 
38 71 34 43 33 36 82 54 48 91 8 22 87 81 22 53 24 44 45 35 40 4 74 42 5 80 77 77 33 50 
69 28 25 64 67 11 12 27 35 43 98 46 47 16 55 25 81 99 96 72 18 46 90 22 87 54 40 79 55 86 
31 35 43 8 8 14 89 35 74 33 41 7 70 7 18 76 42 28 74 68 6 59 91 91 83 89 96 6 85 59 
25 75 68 36 44 64 77 21 30 6 72 95 84 80 61 30 89 30 49 70 13 30 37 40 41 64 28 27 55 30 
25 65 46 40 20 96 45 59 60 59 3 95 95 73 17 30 61 19 57 80 55 58 49 18 75 89 87 38 45 56 
33 25 31 12 35 66 44 59 50 61 20 25 87 94 98 98 65 19 21 86 93 6 59 10 20 7 63 3 15 63 
66 87 65 99 71 97 1 91 56 90 8 50 7 46 51 96 93 1 21 26 40 19 12 95 58 65 97 58 75 63 
13 10 30 43 83 36 96 10 50 30 99 73 91 99 79 22 33 72 4 3 77 59 10 86 30 91 52 81 14 68 
25 24 41 7 82 62 44 99 34 44 64 39 1 92 75 86 12 72 5 2 34 81 93 39 91 41 25 62 80 60 
18 79 36 59 86 4 19 50 15 56 94 64 94 2 90 26 4 31 22 4 40 35 38 68 18 93 62 56 85 83 
62 53 93 67 65 69 74 44 25 38 17 60 45 20 27 55 29 18 4 58 9 88 75 16 59 96 98 65 90 28 
36 84 82 9 20 5 38 87 6 3 98 54 95 28 32 6 29 87 7 28 59 11 74 29 28 4 21 44 10 28 
9 26 60 7 49 36 12 94 6 55 27 99 85 77 18 97 31 77 99 56 88 5 60 70 72 89 26 66 33 7 
28 95 2 39 89 63 93 27 54 55 63 58 77 14 90 33 21 54 18 62 43 93 51 60 64 88 22 72 5 94 
16 34 62 32 40 69 89 10 78 62 26 75 56 98 1 88 41 98 72 45 9 3 37 25 3 78 14 61 16 45 
27 86 85 1 7 45 2 80 11 20 72 56 25 68 81 94 18 63 65 56 44 65 82 5 41 67 88 4 73 62 
14 25 4 47 10 21 19 31 62 26 43 1 17 59 76 40 10 33 16 27 68 95 28 83 77 49 75 31 81 92 
60 2 99 43 15 32 17 14 48 91 54 5 82 23 83 26 14 98 30 8 5 80 54 23 67 74 22 77 54 30 
70 94 7 18 47 40 83 53 4 8 64 79 15 46 70 51 80 13 12 90 31 82 35 7 22 16 22 5 6 61 
12 30 93 47 39 46 65 48 68 32 76 46 90 66 21 80 58 65 12 58 53 75 33 75 52 27 44 85 41 59 
43 29 37 7 62 40 44 10 1 63 85 92 79 64 77 48 39 64 77 41 55 88 39 83 44 19 33 13 28 3 
94 42 15 79 43 8 91 80 92 83 7 66 92 89 78 22 67 67 88 94 10 88 55 2 35 29 88 72 68 39 
66 29 14 75 9 97 81 5 65 4 25 62 9 99 42 32 58 22 6 22 75 79 21 91 4 42 96 8 80 95 
6 65 5 45 25 64 3 84 21 82 10 29 15 84 54 22 21 94 57 78 24 45 4 12 44 65 57 84 85 87 
66 53 98 45 91 41 37 69 72 37 2 84 64 87 6 27 68 70 62 24 88 61 77 54 49 87 82 74 58 94 
MACHINES
8 28 6 4 19 14 10 26 13 16 24 3 18 2 11 7 25 1 15 22 29 12 17 27 30 20 9 21 5 23 
10 28 5 17 25 23 13 15 11 7 24 8 27 9 30 6 26 19 20 18 16 4 14 29 2 12 21 3 22 1 
9 13 3 5 19 11 2 14 12 24 30 1 21 25 16 27 8 28 17 15 23 7 4 20 26 18 29 22 10 6 
27 22 12 21 15 5 8 11 29 25 1 26 19 28 18 2 17 24 9 14 20 6 23 13 16 30 7 10 4 3 
4 14 22 23 13 8 28 17 10 21 1 2 7 26 24 30 16 27 12 6 29 25 3 9 5 15 19 11 18 20 
25 2 16 9 26 10 19 15 3 12 11 23 18 21 5 4 29 6 22 1 20 30 13 28 8 24 17 14 27 7 
18 10 25 29 4 14 3 27 5 23 28 7 2 6 20 19 9 24 15 17 26 13 1 30 21 11 22 8 16 12 
17 3 19 2 12 5 20 10 27 13 18 1 6 29 9 8 11 4 28 23 7 21 26 24 15 22 14 25 30 16 
20 10 18 17 29 21 8 14 7 9 4 28 1 12 24 16 27 15 30 6 5 19 13 26 22 25 2 3 23 11 
11 19 10 25 27 8 3 15 16 6 28 5 1 20 7 29 30 21 26 23 9 17 13 2 18 22 14 4 24 12 
12 21 13 11 6 2 19 1 20 30 23 18 7 28 14 22 10 17 9 16 29 24 8 3 15 25 4 5 27 26 
15 14 8 9 1 20 21 12 10 16 28 26 25 11 23 24 18 7 6 27 22 5 17 13 30 2 3 19 4 29 
26 13 18 9 15 11 12 29 22 6 14 5 1 21 20 28 19 4 24 7 25 30 8 17 10 23 27 2 16 3 
23 1 10 25 15 18 26 17 8 24 19 2 7 29 16 30 12 27 6 5 22 4 14 9 21 3 11 20 13 28 
24 2 16 30 25 4 8 5 22 1 11 14 21 23 19 26 12 15 20 13 9 17 10 3 27 28 6 18 7 29 
16 1 19 26 4 3 29 15 30 25 28 22 20 23 24 9 18 8 11 14 6 21 27 10 12 7 2 13 5 17 
23 22 3 13 18 7 17 19 21 14 29 26 25 15 11 1 27 24 8 4 9 2 20 5 6 12 10 30 28 16 
10 28 9 1 26 29 19 5 18 3 25 6 12 17 24 20 11 27 8 2 13 7 30 4 21 23 14 15 22 16 
18 23 22 16 19 11 24 21 14 30 20 10 1 27 29 25 9 28 12 6 7 15 5 4 13 26 8 17 2 3 
30 27 13 16 25 17 4 24 14 19 2 11 22 3 18 29 20 8 7 10 15 23 1 28 26 12 6 5 21 9 
17 16 21 13 5 28 22 11 10 29 18 19 4 2 7 6 24 26 8 1 15 14 20 25 30 23 3 27 9 12 
25 23 8 12 20 5 3 13 17 15 9 21 14 30 24 11 29 7 6 28 18 26 4 1 2 22 27 19 16 10 
16 2 15 7 9 22 21 23 18 11 26 10 4 6 20 17 5 25 8 1 28 19 14 29 12 3 13 30 27 24 
7 5 24 10 25 1 14 23 26 11 2 6 28 20 9 8 27 29 22 30 12 15 21 13 16 18 3 17 19 4 
17 12 9 16 29 1 13 27 11 25 15 7 14 18 28 10 26 30 21 4 5 8 2 23 24 3 6 19 20 22 
13 18 30 11 22 17 6 2 29 26 14 24 27 10 20 3 4 9 28 15 16 23 5 19 8 12 1 25 21 7 
4 19 13 18 30 6 7 23 14 17 11 12 21 25 16 10 9 5 15 1 20 29 8 3 2 26 24 28 27 22 
12 16 30 3 18 26 22 11 25 1 14 10 29 4 28 2 6 19 13 9 15 5 23 24 21 7 17 8 27 20 
7 18 20 27 15 12 10 14 28 5 23 9 2 13 26 19 11 3 16 6 30 22 29 25 4 17 24 21 1 8 
16 27 28 24 21 15 19 17 26 18 14 30 9 22 12 25 20 5 11 8 6 2 23 1 29 3 4 10 7 13 
