3666260668,2679438109
30,30,30
27 33 65 18 15 17 51 24 11 59 31 75 63 46 31 37 53 50 22 50 93 72 18 97 1 39 98 78 7 43 
63 14 5 85 90 17 3 11 25 4 48 89 70 89 91 76 65 61 65 50 19 4 94 34 78 22 73 97 56 28 
4 4 75 58 88 70 16 28 69 63 23 68 1 71 81 94 10 61 64 30 59 93 49 36 85 17 42 36 31 86 
10 86 42 14 77 67 60 48 66 25 26 3 56 80 71 35 81 13 71 54 8 53 63 68 61 6 50 62 36 92 
58 42 12 98 81 64 31 9 85 33 48 49 73 58 15 12 8 40 23 2 18 27 95 54 90 59 22 77 94 27 
23 54 62 52 52 56 29 70 80 47 20 48 70 44 35 6 90 73 36 8 68 78 73 47 55 52 69 33 55 37 
36 20 59 38 66 39 28 47 83 87 44 37 11 80 51 29 24 72 31 74 96 5 26 9 45 18 10 7 54 2 
87 44 30 70 2 18 75 10 31 41 29 80 81 60 76 28 92 53 12 76 37 88 98 78 21 24 59 98 71 88 
30 12 24 71 50 18 18 30 36 15 50 94 67 32 18 59 16 95 4 19 19 74 81 15 78 45 2 89 91 34 
9 57 44 25 99 27 23 12 4 27 66 34 24 85 56 11 16 80 51 31 90 83 63 97 6 69 83 11 31 16 
45 30 90 20 32 96 44 82 14 71 12 60 95 6 27 38 42 26 66 10 74 11 56 55 96 50 23 14 82 48 
84 37 95 5 63 30 26 87 75 61 97 66 40 10 98 72 68 76 72 77 28 43 96 83 69 50 14 50 43 89 
32 78 87 37 60 56 75 86 64 26 77 92 36 84 56 84 6 50 84 11 92 16 81 69 90 55 73 40 19 13 
39 99 84 40 61 39 48 42 11 35 22 8 67 37 34 35 26 22 79 75 88 62 25 85 6 35 70 58 98 72 
88 58 51 49 43 90 13 43 68 10 88 23 96 38 83 89 26 51 41 26 59 30 38 63 85 51 89 26 30 49 
26 14 56 10 53 65 35 24 95 99 7 3 63 30 8 88 5 45 81 70 53 95 9 90 82 14 99 46 94 22 
81 80 82 36 38 4 61 18 36 39 24 9 34 45 45 18 91 52 80 38 56 33 96 24 29 36 21 55 21 17 
12 83 83 83 83 42 10 63 30 97 25 62 87 20 7 37 11 45 47 21 52 10 29 28 56 12 98 73 70 43 
73 3 42 1 3 91 27 47 25 79 54 46 94 16 49 55 13 45 59 23 76 25 48 74 98 86 12 46 11 6 
32 65 71 81 44 69 69 60 41 36 53 76 7 29 73 54 40 39 89 8 94 43 3 43 2 90 43 62 82 36 
40 25 22 15 3 83 50 71 93 30 91 89 96 32 10 86 75 87 50 74 25 14 43 52 31 47 74 9 34 79 
71 72 49 86 3 4 87 65 1 2 90 9 88 83 88 11 62 27 96 29 91 72 72 85 1 67 52 26 1 13 
3 5 67 13 67 76 67 98 43 23 89 65 44 9 99 25 1 84 55 87 79 3 87 85 33 1 1 77 18 4 
36 31 11 54 89 16 89 68 55 13 95 49 65 58 29 25 51 4 30 42 78 21 76 44 54 86 29 60 29 37 
72 60 23 57 37 18 91 33 70 72 45 35 99 34 90 42 23 61 16 64 12 49 67 66 99 84 10 13 79 77 
55 73 30 48 96 64 42 97 75 26 90 56 59 51 46 26 40 24 34 69 23 24 57 57 21 67 60 69 28 78 
8 43 13 54 38 67 22 6 42 9 63 84 59 47 3 50 54 11 30 91 88 17 58 67 9 85 48 65 39 82 
18 62 77 7 56 39 5 16 5 98 23 78 16 75 81 64 12 29 37 83 46 23 75 69 86 99 35 99 23 7 
31 43 65 11 60 40 79 4 58 69 97 41 6 56 24 83 89 52 5 59 18 73 27 76 75 99 43 8 38 77 
5 70 99 84 95 65 34 79 92 56 67 72 47 86 1 42 15 83 91 28 15 40 5 9 9 56 37 71 83 94 
MACHINES
16 2 11 5 23 24 8 15 22 10 26 1 29 14 27 25 19 9 13 6 3 4 18 28 21 12 30 17 7 20 
3 5 27 23 1 9 19 7 11 30 25 24 6 2 16 14 12 20 10 26 17 8 4 22 13 21 29 18 15 28 
19 5 17 30 22 7 27 26 12 25 6 16 9 18 2 15 14 10 3 20 23 28 21 11 8 4 29 1 24 13 
24 4 23 16 29 3 9 10 18 26 7 12 30 5 28 25 8 2 17 22 13 6 21 27 19 1 20 11 15 14 
14 4 3 10 28 23 15 16 20 17 21 6 29 27 9 12 25 11 22 18 13 24 5 2 19 1 30 7 26 8 
30 24 7 8 22 26 10 19 1 16 18 5 29 28 12 6 23 4 15 14 21 20 17 11 13 9 3 27 2 25 
9 20 4 10 13 22 19 5 23 12 2 27 21 6 16 25 7 28 24 17 18 1 26 29 30 14 8 15 11 3 
7 12 1 5 11 13 27 3 20 14 26 24 6 15 28 30 4 9 22 19 8 29 2 18 23 16 25 10 21 17 
19 5 7 9 30 2 17 28 12 14 27 29 3 21 22 6 16 15 4 24 26 11 1 25 18 13 20 8 10 23 
16 8 17 27 15 12 1 13 3 14 22 7 19 30 29 11 21 24 10 6 4 23 28 18 20 26 25 9 2 5 
25 13 6 20 16 29 12 17 5 24 8 28 1 9 19 27 18 11 23 15 14 30 2 7 26 22 21 10 4 3 
7 10 14 30 28 6 29 16 5 13 23 27 20 3 25 19 1 17 12 26 22 21 4 15 24 8 18 11 2 9 
9 11 5 4 16 3 18 2 22 19 24 26 23 20 21 8 25 12 27 10 17 15 6 1 7 13 30 28 14 29 
14 22 18 13 11 5 30 27 19 21 17 8 10 2 9 12 6 28 23 1 20 26 3 4 24 25 29 7 15 16 
18 23 2 9 26 30 12 29 20 6 11 15 16 28 1 3 17 21 10 8 5 14 25 19 24 22 7 13 27 4 
13 9 24 16 17 8 27 11 23 7 20 6 4 2 3 28 15 19 22 10 25 30 1 29 21 18 5 14 12 26 
21 23 18 6 17 5 28 29 19 15 22 25 12 4 9 30 20 7 13 26 11 8 16 3 27 24 1 10 2 14 
5 6 19 26 25 17 8 3 7 20 23 4 30 22 12 13 2 24 29 11 1 10 14 15 21 18 28 9 27 16 
23 9 8 13 3 27 17 28 26 19 24 12 15 30 7 4 18 5 29 11 16 22 2 10 1 14 25 21 6 20 
4 9 16 12 1 3 30 2 27 5 11 19 28 21 17 22 23 13 7 20 25 18 24 15 10 14 8 6 29 26 
6 21 4 19 14 12 23 5 28 30 25 13 11 2 7 10 9 24 26 16 17 18 29 27 22 20 3 8 1 15 
14 7 22 21 25 23 3 2 5 27 8 28 4 29 13 9 6 20 11 17 12 19 15 26 24 10 1 30 16 18 
7 14 30 11 26 15 13 3 23 28 9 16 27 22 29 8 10 4 18 20 1 5 6 12 24 21 2 19 17 25 
6 29 12 3 25 30 10 2 4 27 14 28 18 17 20 11 13 16 9 1 19 8 5 26 24 23 7 21 22 15 
11 24 26 2 18 28 19 22 3 16 21 14 10 9 29 8 23 30 25 1 12 15 4 27 7 6 20 17 13 5 
27 21 29 24 19 25 15 5 22 2 13 20 10 28 9 26 6 30 3 12 8 23 11 14 18 7 4 17 1 16 
14 15 21 18 5 3 9 8 16 11 4 6 10 2 30 28 22 29 13 7 25 12 1 26 23 27 20 24 19 17 
15 3 28 27 8 18 30 19 6 26 21 24 23 22 9 12 10 5 16 14 2 13 29 20 17 7 25 11 4 1 
19 6 14 26 27 5 13 2 25 23 11 20 28 24 17 18 16 9 10 3 8 12 15 4 29 22 30 7 21 1 
18 27 15 22 23 12 2 30 28 11 29 4 8 3 14 6 26 25 7 16 24 19 13 17 1 9 20 21 10 5 
