6549031884,4729674711
30,30,30
18 13 88 16 64 32 60 56 95 48 52 45 23 86 28 83 18 64 18 42 59 85 9 31 33 84 12 3 89 14 
86 8 96 16 75 61 74 54 2 88 85 99 19 11 76 43 79 66 24 90 4 58 89 46 18 1 89 68 38 39 
6 39 93 79 2 78 29 37 3 99 85 92 70 81 18 90 18 20 92 9 34 61 43 70 96 9 94 11 97 81 
26 96 80 32 61 82 36 45 77 37 36 63 15 56 18 24 97 19 96 97 27 44 18 75 45 96 5 48 96 12 
22 46 78 37 95 75 43 26 27 72 64 11 43 67 29 80 40 79 26 80 62 13 39 90 87 54 52 35 94 90 
52 14 16 17 12 59 28 79 71 70 58 49 12 99 80 72 78 4 81 84 65 78 59 58 83 55 86 51 11 42 
13 29 92 5 42 9 72 99 93 67 57 60 21 48 52 98 97 89 85 84 10 48 42 10 70 35 84 93 68 48 
84 52 98 19 18 84 8 4 4 55 36 96 3 11 24 85 82 9 64 8 49 30 50 46 80 71 23 74 57 45 
58 54 6 92 18 61 96 56 21 41 38 79 36 81 90 59 83 9 73 50 64 25 8 15 42 76 69 66 89 43 
97 31 25 12 12 25 70 49 14 18 11 72 89 97 24 79 65 39 52 15 45 70 68 13 82 3 93 69 63 41 
39 8 90 56 66 81 32 94 84 78 80 63 38 74 17 41 56 34 47 17 37 71 7 72 89 31 75 42 92 84 
55 7 36 62 16 32 62 13 10 9 35 34 88 76 34 42 90 51 18 4 30 68 34 30 4 18 82 89 26 67 
45 15 65 71 2 13 13 41 34 59 11 80 38 27 95 15 92 55 29 86 48 33 77 27 92 7 35 52 43 28 
35 37 46 76 42 88 25 21 4 10 80 17 81 33 70 81 22 20 28 5 2 42 97 61 56 31 25 52 89 23 
12 63 3 76 50 44 5 36 18 81 44 43 68 95 85 8 7 83 21 6 70 68 47 1 99 15 97 36 62 43 
54 77 91 6 16 82 57 44 34 9 59 78 39 10 53 1 95 1 11 71 60 40 30 29 12 93 80 75 48 35 
53 79 25 61 94 61 21 18 39 8 64 50 10 63 97 70 46 94 12 15 51 16 1 59 4 75 87 46 87 38 
51 97 54 80 86 88 80 18 8 10 53 23 22 30 32 79 91 76 63 57 2 98 73 70 64 77 80 47 6 94 
77 33 6 97 84 97 33 42 35 61 36 62 50 2 90 86 72 7 25 41 69 25 53 33 2 23 43 34 31 39 
35 84 15 86 6 96 89 39 32 96 79 6 99 97 84 10 41 13 25 64 15 53 38 81 10 45 14 56 41 85 
71 96 74 96 73 63 9 75 47 76 76 60 18 88 60 44 17 19 86 58 89 82 50 30 31 46 4 70 10 53 
84 99 80 76 58 54 96 62 29 26 81 12 96 70 92 53 47 64 24 48 10 18 98 36 67 79 66 46 46 76 
26 6 48 79 12 78 92 57 73 38 88 96 22 59 96 48 45 63 18 46 79 65 85 5 78 42 70 99 65 96 
88 15 49 40 77 2 76 27 74 95 59 43 47 1 42 10 77 90 37 59 16 2 4 94 12 20 89 55 54 84 
61 88 87 64 38 30 66 72 77 53 66 51 86 43 52 4 81 82 44 78 76 39 50 74 37 13 3 53 90 32 
83 20 54 76 3 10 64 94 34 31 72 68 33 28 62 84 3 9 55 44 86 32 16 29 10 75 79 67 68 31 
3 29 94 96 28 15 88 53 48 89 24 80 22 67 90 19 13 26 83 47 26 60 90 62 97 21 52 99 5 29 
96 37 80 70 55 28 11 26 5 25 27 21 87 43 56 23 27 4 45 47 26 93 31 55 8 85 15 20 99 23 
63 39 24 69 35 40 88 4 22 68 28 34 75 67 37 62 10 18 40 66 60 28 27 38 25 24 69 18 98 51 
21 27 48 54 98 85 24 34 1 70 92 76 2 77 47 42 17 93 84 34 87 49 31 24 59 35 10 56 60 87 
MACHINES
5 16 24 19 4 1 20 23 7 15 12 26 2 13 22 17 9 30 11 27 29 3 8 10 25 6 18 21 14 28 
17 25 18 21 14 5 10 28 11 7 3 12 30 19 16 13 29 9 24 4 23 22 2 20 26 8 6 1 15 27 
21 27 12 23 4 28 20 19 7 30 17 8 5 25 2 10 6 9 1 29 14 16 15 3 24 26 22 13 18 11 
2 19 6 9 3 16 4 1 27 7 18 8 20 28 5 14 17 22 12 21 15 25 10 29 24 30 23 13 11 26 
27 23 11 22 15 20 21 26 7 5 10 24 6 30 14 16 2 8 19 9 4 28 3 25 13 29 17 12 18 1 
10 14 7 22 12 8 16 28 23 2 17 6 18 19 24 27 9 15 25 4 13 3 26 5 29 20 21 30 1 11 
29 18 28 8 6 25 16 22 24 12 2 17 27 13 21 14 10 4 1 15 5 19 9 26 20 11 3 30 7 23 
10 28 1 2 4 5 19 3 26 18 11 25 29 21 9 30 22 17 20 16 24 23 15 12 27 8 7 13 6 14 
8 5 7 26 15 29 10 14 16 13 1 24 2 3 20 12 6 18 27 25 23 30 19 21 17 22 11 28 9 4 
11 8 25 5 18 2 27 4 3 17 14 1 21 22 7 16 30 6 19 9 29 13 24 12 26 28 20 15 10 23 
14 8 13 24 6 11 2 10 21 16 23 30 5 28 3 22 27 4 29 19 26 20 9 18 25 12 1 7 17 15 
6 19 26 18 12 1 4 20 27 14 7 3 16 22 30 9 13 29 5 23 17 2 15 11 8 28 10 24 25 21 
12 22 28 30 3 16 11 20 15 24 26 1 21 10 23 2 25 27 29 7 18 6 14 8 5 9 17 4 13 19 
18 19 6 12 4 11 10 24 15 5 30 3 20 16 17 27 26 2 21 7 14 9 22 8 25 29 1 23 13 28 
7 22 30 9 1 3 10 4 8 20 12 11 23 13 19 6 27 17 5 2 26 15 25 16 24 18 21 14 28 29 
6 14 16 23 4 7 24 27 21 1 10 2 12 9 22 18 25 28 30 15 13 29 5 26 8 11 19 20 3 17 
28 7 13 10 14 17 20 26 19 9 24 25 8 12 16 6 29 27 1 18 15 3 22 5 30 2 4 23 21 11 
21 26 12 1 30 27 29 23 5 6 18 8 24 13 14 9 4 28 10 7 15 25 3 11 22 17 16 2 20 19 
10 9 11 16 21 20 5 1 17 27 3 23 29 28 15 6 2 26 4 8 19 12 24 22 18 30 25 7 14 13 
17 24 15 26 21 19 1 16 8 20 27 10 12 13 25 7 2 28 14 11 9 18 23 6 29 22 5 4 30 3 
10 14 4 25 22 17 3 18 28 30 20 26 8 21 6 29 19 23 24 5 2 13 16 11 1 27 7 9 15 12 
4 27 30 25 2 20 21 15 1 24 22 8 10 16 17 18 7 12 5 13 28 29 26 14 19 9 11 6 23 3 
10 3 16 26 1 25 2 29 17 13 6 21 14 15 4 5 22 12 27 19 9 11 24 30 7 18 8 28 20 23 
11 17 24 15 8 13 25 18 6 3 20 5 23 19 27 26 4 1 21 29 28 10 22 16 30 12 14 9 7 2 
8 23 3 1 6 4 30 15 12 22 20 19 25 2 17 7 28 27 26 11 14 29 5 9 10 24 21 16 13 18 
4 5 2 11 24 25 19 18 21 13 22 29 6 3 9 7 8 10 28 30 12 15 1 26 14 16 23 27 17 20 
29 22 5 26 3 20 17 2 14 21 4 24 12 11 18 9 23 25 30 6 16 1 10 7 15 28 8 27 19 13 
22 23 14 8 7 13 15 24 27 10 26 9 3 30 28 17 18 2 20 11 5 6 12 16 29 19 25 1 21 4 
11 16 7 23 3 10 2 29 13 18 26 12 4 8 22 30 25 6 21 17 20 9 14 27 28 19 5 15 24 1 
14 12 4 28 20 23 18 16 2 11 24 29 21 26 9 27 30 17 1 5 19 8 15 22 7 3 6 13 25 10 
