9213917169,7840863416
30,30,30
49 87 73 15 7 68 20 90 15 97 35 42 30 65 38 37 28 63 13 80 82 45 85 42 62 2 50 52 22 62 
61 12 44 9 3 54 50 77 13 74 43 56 63 75 63 47 44 32 58 89 41 88 29 94 89 24 71 38 71 19 
87 93 70 85 80 64 6 10 50 79 67 96 12 74 94 57 16 62 13 48 69 17 41 66 43 14 21 14 22 51 
11 97 76 31 95 28 25 6 24 47 30 38 27 81 61 86 65 47 12 1 85 98 82 89 1 58 63 43 85 9 
88 33 40 71 35 66 73 29 57 21 16 89 73 12 71 31 10 30 99 75 87 63 15 70 49 73 59 20 17 99 
6 51 41 56 61 49 66 56 68 77 64 89 62 58 62 36 95 3 18 57 98 65 98 55 98 51 10 14 3 7 
28 13 11 4 76 61 73 15 9 78 24 62 70 80 52 59 93 45 89 88 93 64 54 26 83 65 8 71 30 87 
68 56 71 81 10 57 23 24 23 69 58 94 47 20 14 59 10 55 74 56 28 56 20 99 6 83 55 3 61 90 
57 41 56 15 83 69 99 46 81 26 83 48 91 57 98 51 54 17 86 32 12 17 8 96 2 75 78 55 43 47 
34 4 65 68 46 99 46 2 24 17 78 73 28 56 31 36 63 96 23 1 19 37 12 55 69 21 69 63 56 89 
85 42 3 46 70 8 88 58 65 28 60 51 2 57 10 35 32 32 94 3 33 78 99 85 62 49 54 1 25 38 
24 67 95 69 98 45 95 83 1 5 19 81 31 12 24 57 93 73 45 42 73 98 66 23 94 4 76 30 94 41 
79 91 9 31 45 41 14 3 58 34 24 62 74 82 71 66 25 87 44 63 19 10 17 2 29 59 64 52 56 76 
87 16 16 69 37 28 19 5 15 2 66 55 57 21 73 80 33 23 63 80 96 47 52 82 71 48 53 34 98 96 
30 1 66 13 67 49 76 31 75 54 36 3 25 93 10 37 8 28 86 93 68 97 60 79 38 86 44 15 90 12 
98 87 98 70 57 76 71 52 54 93 80 91 74 31 9 68 8 86 30 89 13 7 7 9 87 52 53 37 24 80 
30 89 7 89 38 66 11 17 31 95 11 18 23 1 46 5 5 82 48 47 92 92 8 50 95 84 94 55 14 61 
39 1 94 65 29 46 43 77 36 47 75 93 63 99 92 98 44 97 92 32 6 6 48 88 41 4 95 2 5 7 
71 95 81 68 46 54 53 34 34 2 22 67 50 19 95 80 81 98 23 60 57 14 59 81 4 21 39 15 66 79 
96 63 92 87 72 41 49 8 50 37 41 96 9 91 61 98 49 19 2 1 35 81 26 89 45 34 43 53 76 16 
43 36 37 14 85 44 7 26 93 45 42 57 24 86 43 63 12 19 72 90 93 97 71 40 65 15 79 8 6 14 
3 67 53 36 66 34 12 61 81 66 6 41 64 21 73 31 54 20 89 38 39 5 94 33 59 85 14 48 7 35 
79 27 43 53 72 71 23 32 40 26 13 11 5 48 90 47 70 70 58 64 74 48 68 18 32 71 72 95 65 49 
10 28 8 79 82 80 96 86 44 7 17 11 58 14 59 27 78 37 15 84 72 4 96 64 77 65 72 86 98 50 
67 97 75 81 75 12 9 91 23 12 99 81 72 61 35 79 66 56 63 94 88 74 44 76 90 67 82 26 42 54 
33 9 69 88 18 2 82 46 14 75 99 54 52 35 43 93 85 30 16 33 42 59 92 21 55 93 66 99 90 59 
47 11 65 83 81 36 51 19 98 32 90 93 29 4 73 71 26 71 66 50 25 13 4 57 71 45 91 34 65 66 
73 73 57 59 73 70 65 54 97 75 99 49 29 8 57 86 67 39 50 81 5 99 81 87 15 90 14 18 55 75 
47 2 60 20 51 63 27 24 57 7 19 72 28 29 41 34 75 52 73 62 25 14 51 20 34 59 64 78 54 49 
94 32 20 95 29 3 91 54 34 57 89 43 42 64 36 82 96 94 83 76 80 90 85 11 39 66 91 6 8 29 
MACHINES
16 17 7 6 27 11 8 12 21 23 13 20 19 26 15 5 29 4 10 2 3 1 9 22 14 18 30 24 25 28 
11 3 13 24 9 20 17 15 4 5 19 22 14 1 28 8 26 10 30 23 29 16 21 6 25 18 12 7 2 27 
14 3 2 5 20 27 19 29 28 16 17 30 8 1 12 24 4 23 9 15 6 21 10 13 26 18 25 7 11 22 
4 24 15 17 28 14 25 7 23 1 20 10 5 30 3 11 2 6 22 19 13 27 9 21 12 29 16 26 8 18 
4 6 23 3 12 21 2 5 10 22 24 27 7 14 11 15 20 17 26 16 19 25 30 18 8 28 9 1 13 29 
29 17 20 26 18 15 1 3 28 24 11 14 8 21 7 2 25 13 16 30 19 4 27 10 6 22 5 12 23 9 
29 30 11 1 14 13 20 28 26 16 12 8 22 18 15 19 10 17 6 2 25 5 4 9 23 24 27 7 21 3 
13 23 14 5 2 8 1 26 7 18 10 16 22 15 30 4 9 19 20 3 27 29 21 28 17 6 24 11 12 25 
8 17 21 11 28 29 19 22 5 6 13 24 4 7 18 1 25 20 9 12 26 14 2 16 27 23 10 15 30 3 
11 9 20 19 2 17 4 14 18 24 6 7 16 28 8 10 23 27 21 30 13 5 26 15 22 25 3 12 29 1 
25 8 9 4 13 1 2 20 15 30 16 14 11 26 29 6 5 10 27 28 12 7 21 19 23 24 3 18 22 17 
29 5 24 9 1 27 10 3 13 21 6 7 4 18 26 30 19 12 16 11 22 2 15 20 17 8 28 25 14 23 
23 16 25 3 22 5 11 4 28 29 2 15 30 18 6 7 14 27 17 13 10 20 9 8 21 26 19 12 1 24 
3 13 28 9 22 15 24 16 26 14 21 1 30 7 10 4 8 19 17 27 12 18 5 6 25 11 20 2 23 29 
15 6 27 25 13 20 8 10 7 14 18 2 9 22 16 3 24 19 30 17 4 5 29 28 21 12 11 1 23 26 
21 14 19 4 27 7 13 11 23 17 6 10 1 16 8 25 2 26 29 12 18 24 9 30 28 22 3 15 20 5 
24 2 3 12 22 1 9 15 25 17 30 29 14 11 20 27 16 28 19 21 7 6 5 8 10 18 4 26 23 13 
14 24 6 21 3 26 19 17 5 9 12 27 15 23 28 11 16 8 22 20 30 1 13 18 10 2 4 29 7 25 
2 26 22 17 9 4 21 30 28 18 7 10 5 24 6 14 16 27 11 8 12 1 3 23 29 19 20 15 13 25 
13 9 30 22 5 20 29 16 15 3 12 24 17 2 7 25 8 18 19 26 11 4 14 27 6 23 10 1 28 21 
8 11 15 24 25 30 28 17 23 4 22 13 10 14 27 1 2 26 20 19 21 6 3 9 12 16 7 29 5 18 
6 5 18 7 23 20 21 10 15 14 26 17 1 30 25 12 24 3 9 29 8 28 19 27 2 22 16 4 11 13 
20 12 1 22 7 24 5 16 10 19 28 25 2 23 11 18 27 17 15 6 26 21 14 29 30 4 13 9 8 3 
6 15 25 27 22 19 5 12 8 2 23 18 9 4 10 21 11 24 26 20 14 29 17 30 1 16 28 13 3 7 
14 12 19 3 24 26 27 15 17 22 11 1 16 5 9 30 21 18 20 10 23 7 2 13 6 29 4 25 28 8 
29 26 2 13 14 20 15 7 25 11 3 22 17 12 27 5 28 8 10 19 21 30 23 6 16 24 4 18 1 9 
13 1 20 8 25 21 15 9 26 30 24 27 11 19 4 16 23 18 12 2 17 6 10 3 22 14 7 29 5 28 
24 12 8 16 19 17 14 23 20 21 29 28 2 9 11 26 3 1 5 30 13 22 4 27 18 10 6 7 15 25 
7 13 9 21 22 8 27 15 6 19 1 29 28 11 16 14 26 5 20 12 25 23 18 30 4 24 10 2 17 3 
18 19 28 8 4 14 3 7 1 29 27 26 2 21 12 20 17 9 15 25 13 16 30 23 5 6 11 10 24 22 
