6253774593,8098770368
30,30,30
96 88 30 70 40 4 77 85 68 82 24 76 93 30 72 70 27 38 96 55 99 42 61 80 24 96 17 93 37 61 
34 35 8 15 30 35 26 67 54 75 44 7 92 92 42 99 36 27 88 35 29 27 74 21 66 78 6 19 93 30 
53 93 39 30 63 82 70 46 43 99 34 50 68 88 58 65 94 21 40 55 42 8 88 98 76 20 68 60 44 76 
43 76 49 39 31 89 75 16 5 65 93 67 58 40 36 72 97 51 64 15 52 78 75 74 20 51 41 16 19 65 
27 58 34 48 59 33 51 70 5 22 28 12 72 37 98 22 58 51 24 77 83 97 62 53 96 76 58 12 20 42 
34 84 45 98 93 61 34 2 55 38 10 7 50 89 17 18 79 54 69 93 27 60 94 72 47 87 41 50 73 93 
10 17 88 87 62 30 86 19 68 16 98 23 78 93 9 28 30 96 78 25 22 9 57 76 33 76 94 46 42 1 
43 37 11 78 22 84 17 88 65 37 41 51 64 26 35 52 72 13 31 66 25 44 10 91 70 55 12 53 81 93 
4 99 27 61 15 29 92 60 75 42 42 68 22 93 88 87 74 7 73 13 9 16 76 72 9 11 6 74 63 63 
21 81 67 23 18 63 64 19 17 58 49 29 51 28 23 63 79 69 23 73 47 16 70 73 56 55 49 86 9 84 
34 36 11 98 96 40 46 7 4 30 18 18 89 2 49 85 36 52 70 21 50 22 96 25 86 26 31 18 7 23 
88 2 22 89 50 96 77 34 22 69 15 2 59 38 82 56 23 43 17 57 38 33 49 26 1 64 78 92 46 25 
23 54 48 99 51 2 13 34 8 28 51 4 70 63 43 74 5 52 45 51 43 82 82 18 3 2 22 66 54 75 
11 12 11 68 81 94 66 68 47 3 32 93 16 83 1 66 24 90 91 31 79 73 4 52 52 89 76 38 74 3 
19 15 86 71 44 92 99 60 20 60 51 35 26 56 97 51 88 62 96 21 93 3 41 66 13 31 30 7 28 8 
54 96 3 12 69 4 22 34 63 3 5 2 51 19 45 13 65 53 35 47 53 1 89 68 44 24 73 88 30 68 
60 37 90 29 54 85 40 91 48 13 71 64 91 70 22 80 7 99 89 68 2 37 20 53 82 1 32 63 92 36 
14 92 44 1 55 88 92 9 71 24 55 73 88 78 90 76 21 64 72 24 16 54 17 33 42 12 20 72 18 50 
90 97 6 88 7 32 96 46 47 52 55 96 88 11 15 19 13 54 57 98 57 93 87 47 76 54 68 75 88 84 
7 35 90 94 30 93 82 90 92 39 33 53 81 25 25 49 49 72 48 50 28 81 43 3 36 66 4 72 15 46 
40 48 26 51 90 2 28 24 7 97 88 43 73 83 28 80 17 81 64 44 68 61 43 79 73 50 69 78 1 10 
91 21 58 33 6 69 45 59 2 67 6 2 45 30 41 26 67 39 90 10 28 4 97 93 12 88 84 69 79 8 
68 2 69 84 36 12 92 88 8 50 44 96 92 63 87 97 38 76 47 76 74 20 22 76 55 54 19 22 8 97 
10 71 16 34 7 84 63 32 42 72 28 40 77 31 44 62 5 69 75 87 35 83 6 35 52 41 11 24 66 43 
46 91 88 41 65 6 26 17 8 26 60 30 70 54 53 64 52 26 43 39 64 16 84 42 85 97 19 94 19 84 
30 78 38 49 79 91 12 15 63 35 12 56 91 79 70 16 27 44 95 50 59 65 46 1 81 64 8 31 76 58 
93 30 8 75 92 2 51 29 23 23 34 87 43 65 17 68 77 94 28 72 79 78 20 41 51 3 95 42 28 47 
39 34 93 83 16 40 91 10 74 18 83 40 21 88 87 76 90 5 66 41 5 45 69 13 98 62 57 64 76 81 
89 70 86 89 20 88 1 35 51 32 25 16 51 70 36 83 44 51 22 85 79 97 41 52 2 34 77 90 49 84 
48 82 51 8 55 12 32 57 49 55 19 36 60 7 27 39 7 61 38 88 85 6 4 43 20 27 11 88 29 26 
MACHINES
11 16 10 6 13 15 21 18 29 28 22 27 2 7 30 4 20 1 14 3 5 17 19 24 26 8 25 12 23 9 
6 14 20 28 9 29 16 1 17 27 7 5 26 19 25 11 18 30 23 4 13 24 22 21 8 3 12 2 10 15 
10 23 25 24 18 8 15 3 21 27 29 19 1 12 9 11 13 16 14 5 30 28 2 4 6 26 22 20 17 7 
29 19 28 13 30 25 10 6 22 5 4 26 24 15 16 7 3 9 17 12 2 8 1 14 21 20 18 27 23 11 
18 4 9 6 20 17 25 19 21 28 14 5 30 7 26 3 2 27 23 15 12 29 1 16 24 11 10 13 22 8 
15 24 2 7 16 22 21 17 13 30 14 18 8 5 4 9 26 6 25 10 20 28 23 27 19 3 1 11 29 12 
26 27 19 20 8 30 29 9 17 10 28 16 14 12 1 22 11 7 25 18 3 6 24 5 4 2 13 15 21 23 
17 12 24 23 1 26 29 30 2 8 22 4 9 16 10 20 21 15 14 5 13 7 18 19 27 11 6 3 25 28 
4 22 28 17 24 20 18 25 26 29 2 21 3 19 14 27 16 12 15 1 11 7 23 9 6 5 8 30 13 10 
3 7 8 21 25 19 28 13 18 30 22 24 29 4 10 20 5 23 2 16 11 14 6 17 27 1 26 12 15 9 
28 20 13 17 1 24 9 6 22 29 12 7 15 16 27 4 26 25 11 23 8 2 5 3 10 14 18 30 19 21 
24 12 26 28 17 6 21 23 15 9 8 5 16 4 30 1 3 10 25 14 7 11 18 27 29 2 22 19 13 20 
4 10 3 29 22 14 13 9 7 5 17 30 26 15 2 16 24 12 27 1 25 23 11 6 18 19 8 28 20 21 
13 1 9 5 22 23 12 16 6 28 15 29 4 27 17 24 14 25 2 8 10 18 21 20 26 7 19 3 11 30 
9 11 30 14 12 26 27 18 28 5 15 1 6 7 22 4 2 21 24 29 20 3 10 16 19 8 25 23 13 17 
10 28 3 19 22 16 11 7 18 27 23 2 13 1 4 17 5 24 29 9 15 25 12 8 14 20 26 30 21 6 
24 3 12 30 27 13 18 5 19 21 29 20 23 14 26 6 28 9 10 25 16 15 22 8 1 2 4 7 11 17 
2 22 14 10 20 19 28 8 5 17 13 24 12 15 1 18 6 4 21 29 7 26 9 23 11 3 25 30 27 16 
3 26 18 14 6 21 2 9 24 28 30 19 15 13 1 27 12 4 10 20 5 29 22 17 16 8 25 7 11 23 
16 23 2 26 1 3 17 28 11 18 13 25 30 6 14 19 29 27 10 15 12 22 20 7 9 21 5 24 8 4 
7 27 26 4 22 23 29 20 16 9 18 2 21 14 10 15 1 3 8 28 12 17 24 6 30 13 19 25 5 11 
23 19 14 15 1 28 5 6 12 22 11 7 4 16 30 3 24 10 8 26 13 2 21 9 17 25 18 27 29 20 
14 27 30 13 24 3 8 5 16 22 28 25 9 12 1 6 21 26 15 17 18 23 11 19 10 29 2 7 4 20 
24 7 11 21 3 4 28 27 25 26 19 20 15 30 14 17 22 1 12 13 9 23 2 6 5 8 10 16 18 29 
23 19 25 18 4 1 29 6 9 26 17 30 8 20 2 10 11 27 22 7 14 5 24 13 28 3 15 21 16 12 
16 24 17 8 19 15 11 28 25 3 4 7 27 29 23 20 30 18 14 22 12 26 2 1 13 5 21 6 9 10 
27 26 23 28 7 1 5 17 16 21 30 9 12 24 2 29 6 4 14 10 8 11 13 15 22 20 3 19 18 25 
22 29 21 26 18 20 6 9 24 28 25 7 15 1 14 2 27 13 5 12 16 30 23 19 4 3 17 10 8 11 
30 4 19 1 17 8 9 25 3 10 29 7 20 5 22 21 15 26 24 18 12 28 2 14 6 27 16 13 11 23 
7 4 1 15 26 17 29 25 6 18 22 12 28 24 10 30 14 16 5 3 23 27 13 11 8 2 9 19 20 21 
