7253083947,7379627828
30,30,30
69 81 65 85 6 62 97 5 97 52 14 63 28 92 70 24 48 19 1 8 90 65 67 68 33 45 4 44 25 50 
9 11 59 20 18 25 65 52 87 14 77 55 75 24 71 51 83 66 70 60 83 35 56 81 91 75 48 23 34 95 
89 91 27 65 13 88 77 97 39 72 40 45 4 56 32 41 85 94 64 48 46 44 88 1 9 61 45 50 72 7 
24 9 44 45 14 96 73 46 81 70 20 78 23 44 59 6 35 63 38 20 98 15 48 92 70 78 43 39 64 27 
45 54 68 80 55 38 37 18 70 36 55 46 14 58 98 46 14 77 59 26 15 78 89 82 85 44 91 5 80 59 
32 13 48 26 56 11 57 15 23 31 52 7 63 94 16 86 87 76 5 36 53 44 58 5 74 73 22 20 74 16 
87 61 84 19 36 59 48 95 63 18 3 4 74 50 53 75 55 12 18 73 35 11 51 42 79 59 26 98 68 98 
21 75 92 37 83 50 39 32 4 58 24 32 72 88 58 99 85 78 64 76 29 53 1 80 45 56 5 56 61 35 
98 95 46 28 19 2 58 1 97 95 7 43 3 77 45 75 1 40 87 22 29 66 18 53 21 66 96 87 84 70 
86 31 82 85 30 71 39 39 82 42 39 21 82 21 28 58 6 66 80 20 16 96 75 34 54 44 64 17 14 99 
10 32 5 3 49 4 90 52 11 40 29 63 73 39 60 61 63 78 22 51 7 22 52 43 56 36 2 94 33 62 
75 65 40 93 43 25 59 92 70 26 98 78 46 9 91 71 27 20 22 90 2 59 30 30 36 5 98 42 69 32 
12 52 75 76 31 4 25 44 16 85 65 51 51 39 16 34 17 86 17 88 86 25 9 90 48 71 66 22 99 23 
64 69 73 48 10 14 90 30 59 74 37 75 32 69 24 50 10 28 87 13 29 93 75 18 80 96 35 87 8 41 
90 74 68 88 34 98 21 72 69 30 50 74 74 30 4 8 79 26 95 76 15 81 40 24 74 89 55 25 57 88 
54 78 62 58 57 34 57 30 9 20 56 70 26 57 62 98 11 41 57 50 93 67 20 59 51 80 13 51 26 86 
36 58 72 99 47 68 80 16 57 65 94 69 91 99 81 92 20 39 4 43 54 91 52 87 58 3 87 55 27 17 
85 90 29 98 29 28 92 40 4 38 98 13 95 46 85 56 72 63 54 20 68 70 66 98 82 68 72 10 75 62 
38 25 57 23 58 98 44 26 6 5 46 2 75 3 1 59 82 68 18 12 87 36 6 18 65 20 9 39 71 77 
55 46 56 71 40 8 50 60 80 75 9 93 87 18 87 62 10 82 47 32 77 89 79 47 2 63 13 83 42 15 
45 90 15 24 51 30 47 74 35 10 44 49 58 65 44 7 57 55 24 99 48 77 78 31 5 41 14 42 93 96 
81 1 97 52 54 20 40 24 82 26 23 87 31 34 65 63 37 19 32 3 58 89 52 55 70 23 37 33 48 42 
93 77 28 61 34 3 10 15 82 9 95 68 82 91 20 26 44 9 78 45 4 76 37 95 17 54 77 72 68 48 
74 28 86 63 84 61 79 94 56 12 32 31 44 97 51 71 48 58 40 91 62 17 29 9 94 35 58 93 16 12 
23 45 96 33 41 43 48 3 82 84 30 31 61 57 56 64 62 16 62 55 28 27 10 35 32 25 9 70 60 19 
20 21 27 76 42 7 80 48 50 54 84 30 8 16 56 5 54 5 20 79 12 83 70 58 9 34 25 94 34 29 
80 55 99 49 95 13 43 83 40 92 26 53 62 67 12 70 6 54 60 29 96 98 30 73 32 49 5 83 35 91 
98 63 89 12 45 6 57 24 58 89 6 50 80 29 39 51 26 25 50 81 90 76 4 7 10 12 92 62 44 46 
92 87 93 22 31 60 19 21 95 41 9 41 94 33 86 52 82 4 68 84 2 89 23 5 47 61 94 39 38 51 
5 64 19 13 30 98 67 46 22 41 87 7 41 70 8 79 77 43 39 15 87 43 84 91 96 98 99 50 30 44 
MACHINES
10 19 22 7 9 16 3 1 18 29 28 13 20 11 8 6 26 14 25 30 2 24 17 5 21 12 23 4 15 27 
8 4 1 15 24 2 30 7 28 9 19 13 3 6 26 27 20 18 17 14 29 10 12 11 25 16 21 23 22 5 
19 24 15 6 7 5 29 3 4 21 18 8 25 9 17 1 2 10 12 30 26 16 11 23 27 13 22 20 28 14 
9 23 21 8 12 4 24 13 30 28 10 1 14 25 16 26 7 3 22 2 27 5 19 17 18 6 15 11 20 29 
4 20 18 14 15 13 9 27 16 10 25 11 17 2 5 24 22 30 7 26 12 3 23 21 28 29 1 8 6 19 
10 2 7 30 26 27 12 11 9 24 21 1 25 6 3 29 4 20 14 15 19 13 28 16 8 5 23 18 22 17 
3 25 10 23 18 22 2 9 13 21 11 30 12 6 4 17 5 14 15 28 27 26 29 1 16 20 24 8 19 7 
11 22 8 24 26 7 21 15 25 4 30 2 27 17 20 16 5 19 10 6 29 13 18 14 9 23 3 28 1 12 
21 1 12 8 6 3 2 4 17 23 5 18 22 19 26 24 11 27 30 25 29 10 28 20 14 15 13 9 16 7 
4 24 1 19 14 26 5 18 29 22 10 30 12 20 6 21 25 28 11 9 2 16 27 23 17 15 3 8 13 7 
17 10 19 12 30 2 25 16 5 27 22 1 18 3 21 4 20 7 9 24 13 8 6 23 29 11 14 26 28 15 
20 27 17 11 13 22 14 26 4 16 15 3 18 7 25 29 5 1 24 2 9 19 30 28 10 21 8 6 23 12 
26 17 29 7 12 18 27 25 2 14 20 22 4 6 16 28 30 3 13 23 15 8 5 11 21 10 19 1 24 9 
5 17 27 14 10 13 7 28 15 25 6 11 9 21 2 4 19 20 22 29 3 8 18 1 23 16 24 12 30 26 
7 3 5 24 18 10 29 28 17 2 19 23 8 27 1 11 13 15 4 30 26 21 22 16 6 12 14 9 25 20 
10 11 15 8 22 2 28 12 23 25 7 17 9 18 5 26 6 3 19 30 16 14 13 20 27 4 21 1 29 24 
7 16 27 8 11 19 26 5 13 29 4 6 3 24 14 20 17 9 23 10 2 28 21 12 22 15 18 1 30 25 
19 24 13 2 10 8 26 6 17 25 9 28 14 5 18 7 3 21 11 4 16 20 27 15 1 30 12 29 22 23 
1 19 27 20 21 30 16 17 28 6 26 12 24 14 3 4 23 18 10 5 8 9 25 7 2 11 29 13 22 15 
17 23 15 29 20 28 4 16 7 8 11 22 6 30 14 12 10 13 19 1 18 27 24 26 25 5 2 9 21 3 
7 25 3 6 1 29 8 16 21 12 13 14 11 28 5 20 18 4 26 24 9 19 10 23 22 30 2 17 15 27 
3 18 14 17 7 10 2 12 9 6 27 25 29 20 24 26 23 28 21 1 4 8 19 16 15 11 22 30 13 5 
6 11 5 17 9 16 26 2 24 15 28 13 3 14 20 30 23 18 25 21 27 19 12 22 1 4 8 29 10 7 
29 30 17 3 23 9 24 27 20 10 7 18 19 22 13 25 21 15 8 5 12 11 1 2 6 16 28 14 4 26 
6 25 15 17 18 16 26 9 14 24 5 2 28 10 22 19 29 8 23 7 30 27 20 4 13 12 3 11 1 21 
12 28 10 18 30 17 5 25 27 26 6 15 19 24 29 3 16 8 22 14 4 7 2 21 13 1 20 23 9 11 
3 6 21 15 11 22 25 26 28 24 29 2 20 5 16 30 14 13 4 8 17 18 9 23 19 7 27 1 12 10 
9 20 13 28 16 6 23 11 7 22 26 27 25 21 12 1 29 5 19 8 30 17 3 24 18 10 15 4 14 2 
8 12 23 9 18 10 19 11 30 1 27 26 28 2 20 29 7 25 6 15 4 5 13 22 24 17 3 21 16 14 
5 25 6 30 4 9 24 19 3 14 23 16 26 29 2 21 15 8 27 18 12 7 17 1 13 10 11 22 20 28 
