2372185777,7907607864
30,30,30
86 93 87 3 24 70 14 70 78 37 82 46 63 9 70 38 45 82 9 5 73 5 76 66 64 41 37 69 65 79 
94 54 63 85 10 78 50 13 37 65 49 5 18 11 27 61 4 26 77 27 25 83 62 25 62 42 88 72 57 79 
15 5 82 41 94 80 28 8 20 12 33 59 93 48 31 78 75 47 21 80 45 96 37 72 96 6 3 55 65 42 
54 50 73 24 72 53 80 17 91 78 56 85 47 97 62 66 97 6 75 40 42 91 64 40 5 71 73 85 13 68 
67 68 11 87 54 57 26 52 15 29 28 94 30 6 15 90 46 17 4 39 31 37 18 94 41 6 95 81 99 93 
54 15 98 56 87 97 76 5 59 59 98 60 97 97 44 32 36 42 31 64 10 31 4 37 41 32 14 34 97 42 
38 25 3 60 1 20 18 66 79 33 22 22 36 68 84 57 26 70 63 73 66 79 2 11 94 92 52 54 73 44 
46 61 14 91 45 17 46 46 39 64 41 52 61 26 13 86 74 55 18 93 6 4 69 37 11 75 72 44 22 31 
39 37 24 59 99 75 55 66 36 19 61 85 34 99 91 35 34 11 74 49 96 97 76 60 23 44 33 81 61 85 
80 15 4 4 90 74 89 27 57 99 68 4 42 15 30 98 15 82 12 57 54 89 88 53 88 89 11 77 91 34 
2 66 70 92 57 26 95 24 6 69 50 20 4 2 21 59 25 21 88 23 41 71 74 21 65 87 61 16 28 44 
21 9 97 36 74 7 30 47 21 55 56 83 78 16 53 25 47 22 16 13 50 54 12 94 19 17 61 47 14 65 
56 37 34 13 40 76 9 60 17 46 71 43 10 21 6 90 97 17 39 84 12 10 16 89 39 36 89 87 60 64 
24 66 2 30 26 40 94 70 5 6 52 69 30 82 14 26 34 96 49 38 14 92 76 8 8 85 99 62 67 73 
53 42 7 61 99 81 48 20 1 46 62 62 49 27 44 69 84 58 22 56 93 33 23 28 90 83 48 28 52 94 
97 26 50 2 20 6 11 79 21 66 47 4 6 72 28 59 99 62 39 33 93 61 28 82 12 43 98 95 14 99 
58 93 28 98 16 80 42 71 51 14 71 67 62 24 20 69 22 56 62 28 58 13 77 55 60 67 88 95 37 11 
65 88 69 89 45 53 73 63 91 96 13 66 91 1 49 51 40 95 74 8 37 31 70 19 49 18 62 4 66 36 
10 92 28 28 28 19 77 75 95 15 82 53 61 65 96 56 54 59 93 47 63 46 39 54 55 33 42 20 81 61 
27 87 48 79 40 67 61 11 49 56 71 12 38 34 22 51 8 7 56 8 94 40 41 98 90 8 15 26 33 13 
52 68 79 24 73 92 88 78 10 63 29 33 58 62 18 48 49 69 50 71 98 50 53 17 34 84 46 98 76 92 
31 82 46 22 45 37 41 79 7 58 36 94 83 7 88 87 61 32 62 6 50 65 61 47 63 67 90 41 99 82 
94 19 87 83 89 55 66 50 45 89 55 15 93 63 82 37 49 57 8 55 27 42 25 3 72 17 80 21 43 49 
23 7 88 73 41 31 96 58 69 49 61 58 7 77 85 25 65 87 34 72 61 77 97 12 43 18 85 32 40 77 
6 78 50 67 16 58 79 98 7 36 76 77 93 37 60 51 66 9 57 13 55 83 76 47 38 2 15 71 80 64 
47 80 24 61 43 41 82 76 50 28 75 92 62 20 5 54 36 12 20 88 67 98 81 55 53 51 37 99 5 42 
81 86 62 43 87 27 89 56 84 82 10 59 20 22 43 16 93 62 84 22 35 67 89 82 56 86 65 38 24 8 
92 64 13 3 39 61 26 26 98 23 39 84 7 55 79 86 23 76 73 16 10 20 9 57 69 31 56 26 39 5 
35 90 18 40 46 77 11 19 98 77 64 26 19 11 91 50 44 78 65 35 23 30 82 8 97 61 51 40 36 35 
23 30 37 58 26 27 10 92 48 70 32 97 16 97 3 14 50 38 75 29 27 29 6 43 63 20 38 64 62 39 
MACHINES
19 6 12 1 2 4 18 27 15 22 24 9 17 28 5 26 3 14 23 21 7 11 10 25 20 29 30 8 13 16 
18 30 22 12 13 24 6 15 1 20 26 14 9 27 3 11 7 10 23 17 19 21 28 4 25 8 5 29 16 2 
23 4 29 15 8 13 22 25 24 16 5 28 11 9 26 18 3 12 27 7 19 30 6 10 20 1 17 14 21 2 
27 28 2 8 6 18 1 10 24 29 26 5 9 4 19 25 30 12 7 16 15 11 17 22 14 3 20 21 13 23 
14 21 23 3 25 16 28 27 9 1 12 4 10 22 26 17 11 19 30 7 8 24 18 20 29 5 15 6 13 2 
6 9 18 8 23 25 30 28 24 1 7 11 16 13 26 27 19 5 15 20 10 21 12 2 14 3 29 17 22 4 
25 14 24 9 20 15 19 22 1 26 11 27 28 3 2 8 6 10 13 17 7 21 18 12 29 23 30 16 5 4 
12 5 4 7 16 29 3 30 10 26 2 11 17 15 14 21 18 8 27 28 1 22 24 6 9 25 20 19 13 23 
4 17 6 18 29 12 13 24 3 30 2 15 11 22 5 26 16 14 27 7 23 10 20 1 8 28 25 19 21 9 
17 21 5 29 30 25 27 23 28 19 1 11 9 15 16 10 20 22 8 26 24 18 6 4 12 7 13 2 3 14 
26 18 12 10 7 15 20 24 17 5 4 29 9 2 25 19 1 6 27 11 30 14 23 21 22 3 16 13 8 28 
29 23 22 7 8 1 27 21 2 20 26 9 3 18 5 11 19 16 10 24 25 6 28 4 17 15 30 14 12 13 
24 20 3 10 16 17 9 30 5 4 8 26 25 21 12 27 23 15 13 2 1 14 11 29 6 22 18 28 19 7 
30 24 4 11 19 29 28 14 13 2 16 8 12 20 15 3 25 27 26 21 9 1 10 18 6 5 22 7 23 17 
23 26 25 16 27 24 11 17 18 30 8 28 12 3 29 15 21 4 20 2 5 22 1 14 7 10 6 9 13 19 
29 10 3 4 24 18 9 23 30 1 26 5 28 14 12 27 19 2 21 25 17 6 11 13 16 8 20 7 22 15 
10 3 9 20 13 30 24 18 2 27 1 29 21 11 26 22 25 16 17 19 15 5 8 23 6 4 7 28 12 14 
5 24 14 17 12 26 20 11 4 8 6 28 3 23 25 30 18 22 16 10 15 9 2 1 19 27 7 13 21 29 
7 1 17 29 26 30 3 15 19 5 14 2 27 11 9 16 25 28 8 21 13 18 24 4 12 23 6 10 20 22 
8 28 14 9 23 21 5 29 25 1 7 16 10 30 24 4 15 13 17 11 3 22 12 26 27 20 2 19 18 6 
17 25 28 5 19 24 27 30 26 8 6 12 13 3 21 16 4 22 10 9 23 18 14 20 29 1 11 7 15 2 
3 27 16 26 8 17 23 19 6 28 9 11 10 7 13 21 25 12 1 2 15 29 5 14 30 18 22 4 24 20 
8 4 5 12 24 29 3 10 26 23 11 22 19 13 15 28 27 18 9 30 20 6 17 16 1 14 7 2 21 25 
21 15 13 1 23 12 11 19 25 30 22 27 20 4 8 24 14 7 18 10 3 9 29 16 26 5 6 2 17 28 
3 15 26 19 27 10 29 1 20 2 23 16 25 22 11 12 30 14 8 4 9 21 24 5 18 6 7 28 13 17 
17 13 18 27 10 7 30 9 11 19 15 12 22 26 1 5 21 3 6 16 4 24 20 2 25 14 23 8 28 29 
17 10 27 6 23 25 12 24 18 8 30 13 15 7 28 22 11 5 2 19 3 9 26 4 1 21 20 29 16 14 
9 10 15 18 8 20 12 13 24 22 2 14 19 25 5 30 21 29 23 17 6 1 16 26 7 4 28 11 3 27 
28 26 3 20 11 4 1 6 9 19 8 15 2 13 22 5 25 14 30 17 21 27 7 18 24 10 29 12 16 23 
19 16 22 1 5 26 8 18 3 6 24 13 20 23 28 9 17 14 11 29 21 27 30 4 10 15 2 12 7 25 
