8940290929,5852270361
30,30,30
3 90 69 13 82 42 12 66 21 55 48 27 8 75 22 67 24 99 85 49 45 29 31 88 78 43 43 56 30 28 
28 86 97 77 43 5 8 68 1 42 22 21 53 36 67 44 72 72 64 49 43 84 82 54 14 88 71 16 23 5 
27 36 45 74 8 55 36 47 26 2 39 28 40 8 93 65 9 44 7 87 60 91 86 4 20 49 14 2 29 57 
39 6 33 71 2 19 83 73 7 85 7 7 1 27 77 18 64 7 77 23 58 28 78 62 82 11 87 57 72 93 
34 69 77 57 11 98 86 9 61 15 56 52 35 38 39 65 60 54 17 86 27 67 35 12 49 67 4 98 16 94 
46 39 79 22 30 28 60 10 6 51 34 14 52 58 99 40 40 89 58 69 41 65 61 50 91 8 40 65 63 98 
55 78 43 6 24 80 34 58 81 73 61 15 24 82 80 1 34 7 61 90 10 76 39 17 39 44 27 36 36 66 
1 57 80 75 2 80 1 2 31 4 33 58 99 26 2 63 4 94 63 87 17 45 71 78 82 12 78 34 57 80 
86 38 9 3 20 6 63 16 25 73 48 31 58 72 91 4 15 67 51 19 66 26 41 15 47 52 86 95 53 92 
71 85 68 42 34 16 77 10 77 85 37 70 37 56 7 64 52 68 5 48 58 88 99 52 76 35 4 36 24 94 
42 37 19 32 99 57 17 70 16 44 5 41 66 10 70 17 39 13 40 5 90 91 68 88 48 68 89 46 10 14 
22 81 68 85 69 39 75 33 49 66 74 57 74 35 87 92 73 47 52 73 42 38 87 31 37 16 33 75 36 49 
87 64 86 15 25 84 55 97 12 33 37 77 8 2 38 89 23 61 48 32 72 44 46 9 60 1 18 64 3 57 
56 87 23 60 84 79 14 91 77 79 26 80 36 55 87 74 18 49 49 5 22 45 30 57 48 26 96 28 62 85 
48 85 98 55 80 2 76 23 1 58 56 74 11 27 66 20 25 85 18 90 58 64 84 20 42 66 63 97 8 52 
74 78 10 15 59 40 17 84 46 29 53 64 20 40 2 9 30 83 73 74 53 67 79 17 32 24 48 41 13 1 
85 32 17 62 68 33 86 44 51 77 65 93 77 39 91 55 32 11 96 70 88 29 10 1 35 33 22 84 90 53 
62 10 38 61 46 84 39 33 51 7 64 47 87 6 57 59 22 5 48 85 20 39 80 51 70 67 87 96 10 48 
79 17 57 33 11 75 42 23 72 73 28 23 35 97 88 51 1 75 24 23 70 50 99 90 31 64 38 73 21 10 
1 88 56 16 64 4 98 39 15 27 97 90 74 12 57 57 15 61 31 88 77 69 75 45 51 66 4 63 85 72 
70 40 7 70 36 84 21 84 36 40 97 60 5 74 7 40 20 99 39 54 48 87 2 73 54 51 32 52 32 99 
79 96 29 16 14 44 2 63 57 54 80 88 90 46 10 26 14 59 71 79 44 39 4 14 75 38 65 33 68 94 
64 30 90 17 22 40 71 42 99 49 43 18 24 62 79 1 42 9 25 27 24 39 97 39 38 29 61 93 84 80 
74 76 62 93 66 42 7 59 75 21 60 7 90 6 13 38 99 35 84 63 51 92 11 54 9 63 77 11 71 81 
83 41 21 23 89 15 36 42 15 12 14 83 79 89 1 11 18 90 18 87 51 74 22 13 51 53 59 14 37 94 
25 75 33 35 36 3 20 28 99 26 49 79 9 84 68 39 78 83 6 53 38 60 18 34 11 42 72 8 98 58 
24 23 85 45 95 52 27 94 80 74 49 87 77 5 15 93 61 74 73 11 37 1 19 49 50 69 34 8 68 22 
52 65 39 98 81 14 96 23 53 15 25 1 53 12 34 30 57 62 61 9 93 79 86 67 98 57 86 79 93 9 
58 77 98 48 62 70 2 79 87 1 70 8 61 99 54 59 11 70 74 70 60 58 50 1 19 60 23 53 5 79 
53 58 35 8 96 48 29 27 33 18 41 69 54 16 71 16 65 99 56 20 60 8 91 10 93 39 30 54 17 16 
MACHINES
1 6 28 4 3 14 21 13 8 30 23 22 15 16 5 24 11 12 2 9 25 27 18 29 20 7 19 10 26 17 
10 1 18 13 24 17 26 11 4 28 8 14 27 9 30 15 7 23 20 22 2 3 12 21 5 25 19 6 16 29 
10 12 1 28 11 4 24 9 25 13 23 19 8 2 5 6 3 21 17 29 7 18 20 14 22 27 30 15 16 26 
11 28 29 10 2 3 30 20 4 22 5 14 23 1 26 12 24 13 16 15 9 18 6 21 27 17 8 19 25 7 
13 23 9 26 28 14 8 24 7 1 5 18 20 10 29 22 25 6 11 12 17 27 3 21 30 4 16 2 15 19 
4 27 1 16 20 9 15 29 25 18 22 3 30 23 26 8 10 5 24 28 12 17 11 6 14 2 13 7 19 21 
13 11 19 28 17 12 1 30 29 14 6 10 3 25 7 2 9 27 26 5 4 22 16 24 15 18 21 23 8 20 
22 29 19 7 3 27 2 20 30 25 15 8 28 6 13 5 12 9 16 14 17 1 21 23 18 24 4 10 11 26 
20 7 9 16 27 29 10 17 14 28 6 15 25 5 11 26 30 24 22 3 18 12 19 23 8 13 2 21 1 4 
13 24 25 29 4 12 2 6 5 23 8 27 11 21 9 1 28 26 14 17 20 30 19 18 10 22 7 16 3 15 
2 4 12 13 6 27 24 7 26 29 28 14 19 17 8 3 30 1 5 21 25 15 16 10 23 9 18 22 20 11 
13 11 19 18 21 23 4 14 28 7 17 3 9 12 2 8 27 15 25 5 6 30 26 1 20 29 16 22 24 10 
8 18 21 26 7 16 3 22 9 12 13 14 28 20 10 17 11 24 23 27 19 2 15 5 25 4 29 6 30 1 
30 27 4 14 26 7 19 8 12 28 11 13 17 3 20 24 18 1 21 23 5 29 2 16 9 25 6 15 22 10 
25 11 7 15 12 27 9 13 3 28 6 23 1 30 16 19 21 24 22 20 8 14 2 18 17 4 5 10 26 29 
15 5 11 28 10 24 6 22 27 19 12 25 21 30 4 7 8 16 14 9 26 3 2 17 20 1 13 23 18 29 
30 8 16 22 28 25 26 7 4 2 21 9 3 23 18 29 13 20 19 1 6 5 11 14 24 12 17 15 27 10 
20 10 16 5 25 14 28 30 29 18 6 27 1 12 15 9 7 22 4 17 11 26 21 3 13 2 19 23 8 24 
1 3 10 27 7 17 19 30 18 6 29 14 25 23 15 21 11 5 28 13 20 26 9 16 8 2 12 22 4 24 
28 4 17 7 13 22 18 26 2 27 20 29 16 10 3 19 21 6 15 5 12 25 30 23 8 24 11 9 1 14 
15 13 8 16 1 20 6 14 10 28 29 30 18 4 17 27 19 2 9 24 21 3 26 7 22 25 12 11 5 23 
27 7 23 26 14 29 9 11 18 3 15 4 16 30 2 21 13 20 12 6 22 10 24 19 1 28 5 8 25 17 
12 5 27 10 25 15 16 7 18 22 20 13 1 4 26 23 11 2 6 17 28 29 19 3 21 8 24 14 30 9 
10 24 30 21 18 26 8 27 3 28 15 9 5 14 22 23 11 19 25 6 4 17 20 29 1 16 2 12 7 13 
28 27 18 24 21 30 19 16 23 8 12 3 17 22 1 2 20 13 4 29 9 7 15 25 10 6 5 11 26 14 
2 17 9 26 11 16 13 10 8 20 23 14 22 28 21 18 1 4 30 6 7 3 15 25 29 24 12 5 27 19 
12 11 26 22 20 17 16 27 7 23 10 14 5 13 4 24 30 2 3 21 19 6 15 8 9 25 1 18 28 29 
22 2 6 19 14 28 12 13 25 21 8 23 20 3 17 27 15 16 10 30 1 18 4 29 7 24 11 5 26 9 
17 12 22 29 20 15 14 24 2 23 11 1 26 6 19 3 25 4 13 21 8 5 10 7 27 30 28 9 18 16 
21 17 29 27 9 5 23 14 28 11 12 6 13 25 1 10 22 19 4 26 20 7 18 2 15 24 8 16 30 3 
