8811039862,6987056554
30,30,30
29 74 68 25 91 89 6 28 51 56 99 71 70 45 53 50 73 42 51 74 4 1 62 57 11 92 70 32 74 52 
91 63 50 58 97 92 8 38 85 72 72 92 55 32 78 84 84 9 62 10 37 73 21 28 29 95 61 20 54 73 
90 37 35 49 23 33 50 83 33 32 29 1 70 16 8 21 57 65 56 32 26 23 18 33 43 2 92 10 85 12 
72 60 33 25 96 13 65 64 15 25 98 31 64 51 35 68 83 17 36 80 32 85 63 6 35 35 56 16 8 90 
7 54 52 62 83 49 66 90 31 95 29 38 28 41 22 90 34 70 85 36 31 59 73 32 17 75 56 28 18 59 
51 29 38 1 35 68 94 13 72 21 71 17 5 12 6 64 8 26 68 25 60 7 24 84 45 74 61 35 54 57 
9 93 71 89 31 20 93 49 50 65 32 54 94 57 17 32 51 56 53 90 53 39 4 14 57 15 31 70 78 87 
17 71 82 79 82 41 51 7 13 29 74 74 68 13 27 2 60 92 35 59 76 59 15 73 63 61 24 70 14 40 
1 61 40 62 26 44 83 76 66 69 48 30 80 11 4 40 74 38 8 39 88 19 99 99 54 82 21 70 30 83 
82 23 2 60 27 41 5 17 98 98 46 63 57 41 69 69 18 75 14 56 52 80 80 47 72 50 5 28 82 7 
40 16 65 59 66 96 41 92 32 11 47 61 3 58 53 58 60 87 74 27 8 67 25 11 26 45 54 95 52 95 
65 88 1 56 61 61 79 53 72 74 72 6 6 52 51 34 28 36 98 3 78 69 72 18 94 31 19 35 57 23 
42 68 61 34 20 65 14 86 91 9 96 20 69 8 31 42 47 46 34 99 4 16 8 13 37 58 39 97 25 79 
51 63 97 8 79 21 97 90 4 30 57 92 86 85 65 83 29 81 17 82 78 73 74 5 19 68 13 14 24 29 
95 15 69 35 49 80 43 99 47 47 40 59 30 9 47 12 38 12 59 89 72 74 61 50 25 72 11 79 77 18 
67 22 1 65 32 5 76 89 57 22 22 62 85 53 57 3 61 16 71 8 59 21 12 81 94 4 68 95 21 67 
90 59 38 33 78 51 17 30 85 46 62 41 63 17 24 42 64 23 27 83 20 57 83 67 62 67 15 32 36 4 
8 23 98 96 95 25 84 69 18 82 1 22 89 21 47 72 69 90 55 23 43 97 11 25 42 67 33 27 20 68 
90 30 3 30 44 15 35 96 29 48 6 37 63 88 81 18 24 99 99 1 67 42 52 4 46 72 15 6 36 93 
38 91 23 46 49 91 4 59 97 16 19 54 88 33 75 96 50 15 59 99 22 99 84 63 49 70 97 55 12 93 
64 47 82 49 4 24 79 2 32 91 27 15 35 89 70 73 99 87 88 9 54 74 98 15 68 60 86 74 5 85 
72 87 98 14 40 5 71 13 29 48 32 90 91 73 59 24 21 8 9 22 51 18 80 56 41 95 54 78 33 28 
52 29 58 26 19 25 24 56 75 81 35 99 59 28 57 61 17 46 87 50 75 82 76 24 29 90 10 42 50 22 
41 70 56 19 96 12 70 98 36 73 40 12 9 46 82 38 22 47 37 20 59 92 86 57 21 78 80 1 26 40 
73 43 27 32 62 63 44 5 6 73 19 87 87 91 13 12 58 95 7 64 89 12 68 9 48 22 98 61 96 55 
54 64 36 88 39 29 18 84 24 76 10 51 68 39 41 46 16 68 34 53 49 87 54 55 47 67 91 22 75 71 
8 59 60 41 16 74 25 40 48 40 28 26 36 44 54 83 54 16 51 82 35 56 78 46 88 28 77 72 8 89 
25 75 87 50 15 21 46 65 11 33 45 5 42 87 81 33 30 33 59 14 36 3 71 84 75 29 52 87 53 88 
89 11 58 74 2 94 46 52 50 92 58 35 50 36 8 3 44 82 96 93 38 27 80 80 95 21 20 64 2 90 
89 87 56 89 62 11 35 50 58 17 50 52 30 1 26 85 16 95 28 44 86 3 89 69 36 2 11 23 48 56 
MACHINES
14 21 25 6 5 28 3 13 29 4 9 17 22 30 8 2 23 7 18 15 10 16 1 24 26 11 20 27 12 19 
20 13 5 12 25 18 28 3 23 7 1 16 29 19 30 4 22 6 15 24 2 21 8 9 17 26 10 27 11 14 
26 27 5 2 18 13 11 21 12 20 3 28 19 29 25 8 24 30 1 23 7 9 6 17 16 15 10 4 14 22 
15 13 19 3 21 22 23 4 14 16 25 30 9 28 11 24 18 7 1 17 26 27 2 12 29 6 10 5 8 20 
10 20 19 17 21 2 15 13 3 14 18 6 22 11 27 29 16 9 5 4 30 25 8 12 1 24 28 26 7 23 
6 14 28 12 21 4 5 30 22 26 3 18 15 8 19 16 9 20 1 7 17 11 13 25 24 10 29 2 23 27 
24 26 18 19 4 29 22 5 9 28 16 8 13 25 12 10 11 2 6 27 3 21 1 20 7 23 30 14 17 15 
21 15 12 26 29 18 14 22 4 13 5 7 3 16 25 19 9 24 10 17 28 8 20 23 6 1 30 27 2 11 
22 2 20 29 30 6 3 7 23 19 11 21 8 18 16 26 13 4 1 27 5 14 9 17 24 25 28 10 12 15 
11 16 27 12 26 22 15 17 25 8 7 20 1 6 2 23 13 28 9 10 18 21 24 4 14 3 30 29 5 19 
22 11 30 5 9 13 18 21 23 25 19 16 28 27 17 4 12 20 3 8 15 24 6 1 7 10 14 29 26 2 
25 6 29 21 3 28 30 10 2 22 5 26 20 11 13 9 19 4 16 7 8 24 17 23 27 12 18 14 1 15 
17 19 5 24 4 16 6 28 3 13 26 8 12 23 15 25 2 18 11 20 29 27 1 9 30 7 22 14 21 10 
15 14 23 8 10 3 28 29 18 5 2 13 1 11 30 9 16 19 4 21 24 22 17 7 25 26 20 12 27 6 
16 1 11 24 8 25 21 26 27 28 9 2 23 6 10 22 3 13 17 30 14 20 12 18 15 19 4 29 7 5 
30 4 16 28 5 21 24 29 18 2 14 20 12 3 17 1 9 10 11 13 6 23 8 15 26 25 27 19 22 7 
15 28 13 8 19 5 21 30 22 16 20 26 11 10 7 1 27 4 18 24 17 14 6 29 12 9 25 23 3 2 
9 7 30 25 5 3 14 26 18 11 29 23 15 21 24 22 28 10 13 16 19 2 20 1 6 8 12 17 27 4 
28 15 21 30 26 20 13 22 19 4 2 6 16 24 7 3 10 29 12 14 9 8 27 23 25 17 11 5 18 1 
14 3 25 1 19 9 23 10 18 5 6 16 26 11 2 4 21 27 12 29 13 17 7 24 8 22 30 20 28 15 
16 15 18 21 22 27 6 2 3 13 30 5 28 17 8 20 26 4 25 9 1 14 24 11 19 29 10 7 12 23 
18 29 4 24 10 22 23 25 1 30 28 13 21 6 17 8 7 9 11 26 19 16 12 2 5 15 3 20 14 27 
8 23 7 6 4 5 2 14 13 16 11 15 29 9 1 28 22 10 3 25 18 27 17 26 21 30 20 12 19 24 
18 4 9 15 26 5 3 13 29 22 14 17 28 2 27 23 30 24 12 19 21 1 11 10 8 20 25 7 6 16 
3 20 2 18 5 27 15 12 24 9 11 30 13 25 28 22 21 26 23 4 8 19 29 17 7 1 16 14 10 6 
15 18 10 17 12 8 20 19 9 11 1 5 3 22 26 2 7 29 27 16 14 30 21 6 24 25 13 4 23 28 
23 22 25 13 12 19 27 6 29 26 18 17 8 2 10 4 7 9 14 15 30 24 21 20 1 5 11 3 16 28 
25 12 20 4 9 3 30 6 13 2 16 18 19 7 1 22 26 29 24 27 8 28 11 23 17 10 14 5 21 15 
8 3 7 17 14 5 6 26 28 4 10 12 13 21 30 15 20 27 9 11 24 22 23 19 2 1 29 25 18 16 
17 16 9 30 10 22 11 14 18 26 28 3 5 24 29 7 25 12 15 13 27 1 19 21 4 8 2 23 6 20 
