9396436118,7454328679
30,30,30
33 53 25 3 8 18 84 12 57 27 69 65 78 99 34 45 62 25 40 11 48 70 11 64 14 55 63 41 22 61 
81 31 56 76 36 27 5 52 94 74 76 9 68 22 68 82 79 6 30 98 3 74 11 72 60 32 2 74 26 76 
75 50 32 85 52 62 95 43 41 41 48 81 32 14 44 77 19 15 8 57 26 68 67 88 70 67 20 11 82 60 
11 55 19 80 79 43 97 35 25 98 42 41 79 68 69 90 99 22 33 30 76 96 89 79 52 42 33 59 45 72 
4 85 43 14 35 2 78 46 3 96 84 20 3 58 68 10 54 67 4 61 49 18 73 59 40 32 53 22 93 16 
70 4 93 4 87 60 67 85 97 52 77 20 42 91 35 57 57 72 82 29 47 45 18 91 53 9 62 98 90 74 
92 16 90 74 23 6 67 28 36 51 2 48 93 2 60 8 71 47 98 35 88 34 40 85 45 18 49 33 14 2 
98 91 26 11 80 91 23 51 79 40 71 27 26 67 6 9 23 44 7 81 53 31 43 68 20 23 53 10 53 81 
82 69 40 55 4 14 89 34 27 78 24 47 75 49 89 82 96 74 99 4 22 90 25 53 92 59 61 53 40 47 
37 78 44 19 9 69 39 9 72 18 67 97 72 4 21 36 5 18 31 26 45 32 43 78 5 7 57 5 10 35 
65 91 76 10 3 86 89 46 36 40 16 13 64 59 36 91 30 25 84 2 90 5 10 51 24 76 73 85 18 35 
2 52 86 13 33 33 97 19 33 77 80 28 82 89 45 58 48 35 59 46 35 1 29 58 41 57 75 65 30 42 
23 73 15 72 14 73 21 54 10 13 10 70 35 58 61 29 21 62 24 54 20 94 14 60 13 42 88 51 63 35 
96 40 15 14 63 53 34 89 66 55 31 58 93 86 94 59 24 36 83 77 12 42 25 1 15 67 31 5 68 79 
77 85 37 33 67 44 78 64 43 88 75 74 41 40 84 47 9 58 48 68 66 60 76 25 36 8 34 50 70 83 
23 42 15 9 16 3 18 87 68 16 85 35 11 70 52 38 95 85 87 9 18 44 33 44 95 8 86 80 26 44 
42 27 26 58 67 69 97 86 38 22 64 99 12 88 6 2 21 63 79 24 26 30 13 67 67 20 92 58 42 81 
21 56 92 60 60 19 67 90 12 10 33 31 1 27 78 62 45 58 9 8 21 4 28 31 28 28 65 88 34 7 
1 18 20 74 86 95 55 86 97 7 59 90 83 58 97 59 16 63 74 32 35 32 8 66 96 73 70 41 11 39 
60 21 61 79 63 22 17 53 38 43 65 30 91 55 47 57 3 59 4 93 71 23 21 81 61 38 3 52 35 32 
54 93 39 74 13 45 47 71 54 77 80 84 82 81 99 84 67 94 45 3 82 24 53 97 77 8 86 46 33 7 
94 29 50 15 85 9 77 22 52 7 95 49 65 31 14 5 32 84 63 81 56 96 59 20 65 46 36 77 16 60 
28 29 27 80 88 98 41 27 5 4 34 84 63 82 23 33 84 15 90 79 34 91 8 68 71 55 95 52 3 4 
77 98 51 44 39 84 7 63 38 56 76 99 66 19 35 49 87 25 85 6 87 22 62 13 79 26 55 69 87 31 
48 39 90 58 15 94 71 4 42 10 77 2 58 47 68 20 76 58 28 41 8 4 37 84 16 51 42 68 68 51 
27 45 67 29 76 85 59 55 19 46 57 7 66 2 12 8 36 98 99 9 60 52 90 8 99 22 56 13 80 32 
10 52 84 29 57 7 18 50 8 73 23 87 20 88 34 33 67 18 42 10 54 74 25 26 41 26 15 72 29 63 
35 33 34 67 23 91 23 80 41 89 33 51 6 22 37 33 25 77 30 45 72 97 16 78 9 46 56 80 99 60 
81 64 41 95 71 50 96 16 29 50 92 53 40 32 16 46 22 57 26 66 40 60 11 31 35 14 70 31 23 7 
63 41 70 84 94 92 16 93 33 39 63 84 55 72 52 50 27 70 31 22 66 83 28 20 57 90 7 73 34 31 
MACHINES
30 13 14 7 4 25 29 26 22 23 16 8 2 3 9 21 18 1 17 5 15 24 27 10 20 11 12 6 19 28 
18 6 29 3 8 20 4 13 24 7 15 14 10 23 2 28 9 16 17 19 21 25 27 26 12 30 11 5 1 22 
3 17 19 8 28 11 13 20 23 30 6 14 5 15 9 22 12 24 25 18 2 4 1 29 26 16 27 21 10 7 
8 15 19 1 23 20 29 13 11 10 18 5 4 2 26 24 16 17 14 27 6 7 12 21 9 30 28 25 22 3 
22 10 24 23 1 5 29 2 14 11 13 28 4 12 9 25 21 7 30 20 18 3 15 27 26 19 17 8 16 6 
10 16 28 3 2 17 30 7 8 4 5 14 22 29 18 23 19 27 1 9 24 25 15 26 20 12 13 6 11 21 
15 17 6 12 2 9 4 10 16 26 11 20 24 28 5 3 21 25 27 23 8 19 30 18 7 14 29 1 22 13 
13 16 3 23 19 28 26 30 15 6 24 25 1 18 17 9 7 12 10 22 11 29 20 5 27 4 21 14 8 2 
17 4 3 14 12 24 10 26 2 28 6 27 1 18 13 16 11 20 23 29 15 19 5 25 8 21 7 9 22 30 
9 4 12 3 26 27 5 2 16 17 23 1 19 13 22 25 21 6 24 29 28 10 18 7 15 20 11 8 14 30 
3 1 6 26 24 18 27 12 4 30 10 23 28 17 5 19 16 9 2 14 13 20 29 21 11 8 25 7 15 22 
30 27 23 13 18 4 26 6 2 20 8 24 22 14 7 10 5 28 15 1 21 16 11 29 17 3 25 9 19 12 
1 19 3 12 6 23 15 30 7 14 17 26 11 8 27 13 25 16 28 21 29 2 18 4 10 20 22 5 9 24 
14 18 21 26 28 9 4 10 16 1 30 19 15 22 11 8 17 20 29 24 7 5 6 25 27 2 23 3 12 13 
25 30 22 1 19 23 26 11 12 4 7 16 15 21 10 13 9 6 5 27 28 24 29 18 17 2 3 14 20 8 
4 28 24 13 22 16 3 14 18 15 21 10 11 6 2 19 9 12 25 23 20 27 8 5 29 1 26 30 17 7 
11 2 13 3 16 18 14 23 20 24 22 6 26 27 4 21 28 25 12 9 17 29 8 30 10 19 5 7 15 1 
22 24 14 20 28 2 11 23 25 8 26 19 12 5 6 18 1 29 30 13 16 27 10 17 7 15 9 21 4 3 
2 29 21 30 13 10 4 26 11 27 28 9 24 12 3 23 14 16 18 20 6 17 1 7 15 5 8 25 22 19 
29 10 13 6 11 4 21 5 25 24 3 23 8 14 27 1 16 22 18 2 26 19 15 28 12 30 17 9 7 20 
5 9 12 14 15 10 30 25 26 11 22 17 3 13 6 1 4 19 24 27 29 21 8 18 7 23 16 28 2 20 
1 28 25 29 21 10 3 30 23 9 14 22 20 11 16 19 18 6 26 12 2 5 13 8 17 4 15 24 7 27 
23 18 22 14 15 9 20 16 6 5 12 25 2 29 3 19 13 11 24 26 7 4 8 30 28 10 17 27 21 1 
9 17 16 25 13 6 2 24 3 14 8 15 29 4 22 26 12 19 1 21 10 27 5 7 20 30 11 23 28 18 
2 7 24 4 13 11 16 30 29 1 20 19 6 27 22 5 9 17 18 12 26 15 25 21 14 28 3 10 8 23 
25 3 23 2 12 27 19 26 22 5 18 28 9 11 14 7 16 15 17 13 10 8 4 29 30 1 21 6 20 24 
28 2 24 1 16 20 11 15 17 3 5 19 18 14 9 25 22 26 30 13 21 23 8 10 7 29 12 4 27 6 
3 19 2 20 4 5 16 24 23 27 21 12 17 9 26 6 15 1 10 11 18 30 7 29 25 8 13 22 28 14 
6 4 23 25 12 1 15 8 22 19 21 17 24 3 13 18 30 2 28 10 20 9 29 26 27 14 16 11 5 7 
6 11 9 17 13 15 24 30 8 25 21 23 18 5 14 10 29 3 19 28 27 1 2 7 22 12 20 16 26 4 
