6874942400,6835472596
30,30,30
93 19 26 91 38 79 92 54 66 88 19 19 58 10 29 64 68 88 61 81 62 3 93 4 71 24 57 80 71 90 
38 99 93 73 50 78 96 5 43 1 67 61 71 7 51 2 27 86 47 91 15 92 44 35 75 48 6 36 84 25 
55 8 2 53 76 27 70 51 7 59 7 77 72 42 40 78 77 17 63 65 38 40 22 86 67 99 7 19 70 99 
6 3 71 92 50 85 44 22 6 29 71 57 58 33 80 84 81 25 9 37 1 9 87 10 61 9 13 47 35 32 
70 28 14 99 30 14 82 55 47 18 1 91 91 56 38 68 66 13 43 11 54 18 81 15 62 44 29 39 56 67 
34 83 97 10 20 30 38 33 65 92 3 73 30 92 75 84 13 9 40 30 75 57 59 35 97 74 83 54 50 34 
81 8 40 73 6 18 4 61 94 44 31 41 72 9 93 79 86 5 67 85 73 25 6 61 91 96 30 87 58 67 
26 58 16 7 88 79 10 41 65 15 8 92 80 83 18 68 22 81 95 66 62 44 83 85 75 2 32 33 36 79 
68 39 49 46 19 69 91 78 25 75 58 2 28 52 92 18 70 21 85 45 77 79 17 61 92 4 71 60 78 47 
66 37 46 46 78 30 95 22 72 9 20 19 6 52 99 94 58 26 21 20 86 29 1 74 45 48 98 57 78 15 
24 22 77 23 63 48 46 10 92 65 19 93 85 84 56 10 89 98 71 55 42 80 31 3 37 1 35 67 81 33 
96 64 7 30 44 44 9 65 76 29 9 98 58 92 54 9 32 45 79 68 66 85 48 74 47 30 39 96 9 76 
7 29 99 89 66 56 68 19 17 23 75 17 73 39 11 74 22 7 24 83 47 76 78 24 84 3 12 29 37 13 
85 16 59 58 36 76 80 88 19 33 3 28 55 3 40 47 15 51 84 50 45 53 52 88 2 79 83 7 28 24 
40 57 3 47 28 63 79 31 10 16 63 7 21 56 14 42 31 29 90 70 77 4 11 10 52 95 34 30 9 18 
52 32 22 25 48 35 55 47 75 79 72 59 39 62 19 18 6 36 24 30 70 54 12 24 61 6 82 98 58 74 
38 62 52 17 8 15 22 4 76 55 70 97 84 15 48 79 75 90 4 11 95 46 87 41 97 96 13 7 43 42 
59 3 98 18 82 90 77 97 96 49 91 40 4 48 74 25 85 35 33 44 8 72 38 21 8 2 4 96 12 35 
96 20 40 32 36 92 89 19 86 6 18 27 46 19 8 99 24 64 71 93 44 95 49 45 30 69 89 87 33 13 
68 65 11 78 26 58 34 72 42 78 91 62 97 16 21 33 86 18 94 79 50 55 97 22 61 12 33 23 85 39 
40 41 53 26 13 36 10 73 28 78 70 8 60 83 91 28 6 73 81 11 40 61 80 60 21 32 43 76 38 18 
65 27 34 63 44 88 49 5 59 1 36 12 36 30 93 11 8 29 15 57 17 18 1 92 95 27 46 35 75 86 
1 61 26 62 63 61 46 64 96 60 42 55 63 2 14 54 50 83 73 36 21 93 81 42 98 53 17 47 37 61 
99 81 22 40 98 26 42 29 97 79 56 14 40 46 67 42 48 11 40 23 23 70 62 65 19 63 53 42 25 31 
1 79 3 95 96 43 30 75 85 32 4 97 62 6 67 95 82 12 50 84 76 34 7 93 63 15 71 32 39 41 
51 34 69 73 16 58 71 86 88 53 10 30 96 34 62 30 45 53 15 54 60 66 77 7 80 44 2 45 23 81 
25 67 70 7 78 13 96 12 55 24 82 30 96 84 28 31 80 76 6 13 18 99 60 5 5 69 88 37 17 28 
90 93 72 4 23 93 94 25 26 40 28 33 5 54 5 35 55 75 48 52 44 90 75 59 85 99 25 61 51 60 
21 82 87 81 86 4 67 86 2 49 47 20 69 65 17 43 12 35 11 9 33 60 56 97 74 92 57 13 86 66 
2 21 65 38 50 85 71 66 33 72 64 88 49 72 67 46 49 86 89 19 27 22 16 39 15 13 65 35 42 44 
MACHINES
26 28 9 23 1 29 4 27 7 15 11 3 6 22 12 14 21 2 17 13 10 25 8 24 16 30 5 18 19 20 
5 8 7 25 10 14 12 23 26 4 3 27 6 17 30 24 28 13 2 9 18 22 21 11 1 20 15 19 29 16 
24 26 20 9 18 11 12 4 14 7 30 13 8 2 5 22 15 3 16 21 6 23 25 28 29 27 1 19 10 17 
7 20 24 13 3 11 23 4 9 17 10 19 1 28 6 18 25 8 15 30 2 12 14 21 29 16 5 26 27 22 
14 20 25 28 10 1 16 30 2 19 22 9 17 15 7 27 12 29 23 6 4 24 8 3 11 18 5 26 21 13 
11 21 8 20 1 4 17 27 26 24 23 5 7 3 10 13 22 12 29 15 6 18 28 9 30 19 16 25 14 2 
10 5 22 23 8 4 20 14 11 19 9 24 29 6 30 2 26 12 3 7 18 1 17 13 15 21 25 28 16 27 
30 22 25 1 11 18 6 10 3 2 23 29 7 17 20 21 14 12 27 13 15 24 4 9 16 5 28 8 26 19 
15 6 10 19 11 18 17 4 24 28 26 30 5 14 27 21 20 22 8 16 9 7 12 2 29 13 1 23 3 25 
5 9 1 19 23 4 3 10 29 22 17 20 18 26 6 13 12 27 7 16 8 21 2 25 15 30 11 24 14 28 
17 23 10 1 18 27 24 20 11 19 13 22 14 9 3 12 8 4 16 21 28 15 6 29 2 5 26 25 7 30 
27 7 26 16 2 21 30 11 4 5 28 25 6 17 14 8 10 24 12 22 15 9 3 19 20 29 13 23 18 1 
10 11 14 17 2 9 5 6 1 22 27 19 15 26 16 7 25 12 4 29 30 3 8 24 28 18 20 23 21 13 
29 23 16 26 19 17 30 24 22 7 1 25 18 5 11 21 28 10 15 27 2 9 12 4 6 13 3 20 8 14 
27 11 15 7 14 3 24 25 29 20 22 4 9 8 21 10 19 2 23 12 1 17 13 26 5 16 30 28 18 6 
2 29 20 30 15 25 14 27 6 22 17 10 23 16 1 9 24 21 7 11 18 13 28 5 19 8 4 12 3 26 
10 16 22 18 20 23 28 21 25 6 1 19 2 29 15 24 7 13 26 4 17 27 30 5 14 3 12 8 11 9 
25 19 30 24 27 20 6 29 13 22 15 10 7 23 14 11 26 21 28 5 16 9 12 2 8 1 3 18 4 17 
10 6 27 24 14 17 1 15 20 3 4 29 19 12 16 7 2 8 22 11 23 18 26 9 5 25 30 21 13 28 
27 28 7 17 10 30 4 3 23 12 29 21 19 8 5 6 26 13 24 22 16 1 20 2 25 18 11 14 9 15 
18 2 28 6 20 1 11 21 22 26 29 13 3 25 23 12 8 24 30 27 16 17 5 4 14 15 7 9 10 19 
17 27 16 4 3 14 28 20 15 1 9 18 13 2 6 21 23 10 19 26 22 8 12 11 5 25 30 24 29 7 
19 18 27 4 12 26 7 15 14 3 8 22 17 13 28 11 20 25 5 9 21 16 1 29 10 6 2 23 24 30 
1 16 13 7 25 17 12 9 15 18 22 3 11 30 10 24 23 20 29 8 27 2 4 21 14 19 26 5 6 28 
17 7 13 21 20 30 10 22 11 2 28 5 25 19 12 8 4 1 26 14 3 29 16 18 15 24 6 23 9 27 
20 15 23 18 5 9 28 4 2 14 21 12 6 8 11 7 1 3 25 29 17 22 16 13 26 24 10 27 19 30 
6 1 13 8 9 5 18 7 16 4 20 23 22 25 11 2 24 30 14 15 26 29 17 12 28 3 10 27 19 21 
8 13 26 1 6 20 4 29 16 5 18 10 9 3 14 30 25 11 28 7 22 24 2 21 23 27 19 15 12 17 
27 19 28 25 9 2 13 11 24 5 7 1 10 16 17 22 26 21 6 30 23 4 18 20 8 14 12 3 15 29 
23 14 25 17 9 29 22 8 12 10 3 5 20 15 27 1 13 21 6 11 16 26 28 30 4 7 18 2 24 19 
