7988623903,6403051995
30,30,30
65 79 71 22 38 84 70 68 59 7 36 41 20 29 92 68 66 58 48 30 64 99 6 78 38 55 24 12 80 63 
75 59 67 19 58 45 23 11 56 44 29 33 89 14 85 82 85 61 74 59 64 98 92 25 48 80 89 44 10 33 
66 71 80 38 71 27 93 57 50 17 21 26 12 94 5 3 61 83 70 65 89 34 30 76 14 87 12 84 99 34 
58 72 20 13 88 20 97 76 34 97 68 86 29 42 92 97 10 91 57 71 1 26 91 8 51 77 1 55 58 35 
64 39 88 10 47 19 94 16 85 94 80 5 11 32 32 38 5 17 94 26 74 24 32 60 58 12 48 39 33 65 
26 45 8 89 34 49 50 1 58 40 94 12 6 4 76 50 45 3 52 87 14 65 13 1 44 33 60 30 59 90 
10 6 89 61 27 54 1 72 23 81 96 79 52 28 49 3 20 13 43 19 21 17 76 78 31 54 24 37 26 15 
25 57 62 55 93 30 8 1 40 41 85 56 61 12 51 86 56 56 30 65 48 11 3 75 67 30 8 10 72 82 
82 30 59 47 30 3 90 40 70 23 95 33 68 1 44 87 60 15 27 32 14 15 80 33 4 22 61 18 2 25 
64 28 63 91 76 91 44 22 46 50 2 59 98 89 90 90 27 23 22 91 23 77 46 2 1 44 83 87 78 7 
5 33 38 32 38 5 4 51 68 53 31 43 79 55 76 13 52 68 61 27 10 8 51 94 35 34 21 47 73 11 
18 95 65 86 38 75 27 9 61 74 49 6 62 43 58 54 45 99 38 88 55 50 7 2 53 28 31 57 31 14 
95 35 54 59 56 28 16 51 13 2 7 42 75 49 33 6 79 31 87 64 59 65 93 36 63 90 6 97 30 45 
16 60 35 9 67 62 66 52 18 33 93 71 43 67 95 85 66 34 75 74 50 40 37 82 78 91 54 50 85 92 
12 50 14 70 29 2 37 59 65 73 99 81 89 42 61 55 22 4 99 99 61 1 38 52 6 53 62 5 78 80 
61 73 31 82 8 77 81 83 76 78 34 45 68 32 43 79 10 31 67 3 44 94 23 70 94 89 30 68 15 93 
77 51 73 27 65 25 84 94 66 80 90 6 36 73 65 15 76 34 29 22 4 12 84 28 32 95 71 7 27 40 
11 79 8 48 92 83 68 41 55 58 88 56 6 94 46 78 37 35 25 63 85 75 81 58 70 9 92 85 85 14 
34 24 91 14 4 16 22 3 32 99 13 14 11 63 77 76 44 40 56 66 48 51 98 71 40 77 54 69 10 81 
45 77 56 27 92 47 38 41 33 44 66 62 79 99 73 10 90 91 22 61 50 53 11 1 67 20 93 26 79 89 
56 37 24 84 69 64 61 42 57 86 49 42 32 26 88 70 2 35 80 19 71 3 92 97 49 95 23 42 66 87 
70 70 60 56 87 81 48 83 4 30 97 11 16 10 88 81 70 77 87 55 10 94 46 14 47 75 81 10 25 12 
48 50 12 10 88 36 51 10 89 21 74 13 56 70 77 8 9 40 44 38 83 46 70 18 61 58 35 7 51 97 
29 17 43 29 22 67 65 1 53 75 65 75 48 70 85 44 90 9 50 34 98 76 52 36 48 55 17 23 21 88 
49 15 33 56 12 16 46 29 19 36 39 17 15 32 68 95 33 99 27 27 27 78 34 65 74 56 90 7 60 95 
10 42 92 63 44 80 5 38 21 2 45 45 42 32 37 49 54 59 75 59 84 21 50 78 2 98 6 7 92 99 
51 2 48 57 33 13 3 93 28 26 83 25 37 33 28 74 24 8 58 32 62 21 16 62 3 83 86 72 26 14 
71 42 79 47 17 40 30 49 55 26 13 31 77 62 51 70 64 12 22 57 22 95 23 40 57 13 74 10 14 51 
56 67 7 70 81 7 49 68 45 19 33 31 16 42 12 83 37 31 25 80 76 68 51 12 48 40 11 67 54 31 
56 31 64 83 63 40 56 36 98 79 12 8 66 41 66 9 83 94 14 73 45 24 33 55 44 36 39 28 97 11 
MACHINES
28 16 6 30 18 23 21 9 1 20 12 7 22 3 24 29 5 13 14 15 8 4 26 10 27 17 2 19 11 25 
26 20 19 24 4 22 16 2 27 23 8 18 3 9 10 30 7 5 13 14 21 15 1 11 6 12 25 29 17 28 
11 18 22 20 25 10 8 27 23 1 7 6 28 30 13 15 3 9 2 24 17 19 16 5 12 26 14 21 29 4 
28 1 24 17 25 20 21 29 6 13 18 23 15 4 19 14 26 22 30 7 9 16 5 10 2 3 8 11 12 27 
11 24 28 5 9 15 17 22 12 26 18 3 19 8 1 30 23 27 7 16 25 13 10 4 2 21 6 29 20 14 
29 18 22 20 28 2 30 21 10 25 8 14 1 12 6 26 3 13 11 9 23 24 16 5 7 27 17 19 4 15 
4 13 9 8 10 23 29 20 24 17 19 14 28 25 7 2 27 15 11 3 22 21 12 1 16 18 6 26 30 5 
8 4 11 16 13 17 23 30 19 22 1 24 18 12 25 29 3 26 7 14 10 21 6 2 28 20 27 9 15 5 
14 22 10 24 21 27 15 11 2 19 9 29 20 12 28 3 26 8 5 16 1 7 25 30 17 4 13 6 18 23 
19 25 12 5 29 15 21 10 23 14 11 4 3 13 2 18 27 6 24 1 17 20 26 9 22 8 16 7 30 28 
25 17 7 29 2 20 16 5 3 10 27 13 8 26 12 19 1 30 21 28 22 23 4 24 9 18 15 14 11 6 
5 16 2 30 24 11 26 21 6 10 22 23 4 7 20 28 13 15 17 18 3 1 14 29 25 27 19 8 9 12 
30 8 23 21 18 14 6 17 15 27 12 24 4 16 7 26 19 28 22 20 1 25 9 10 2 11 5 3 13 29 
9 18 20 28 4 2 12 8 14 29 30 10 23 16 17 24 1 26 22 19 15 5 13 21 3 25 6 11 7 27 
9 20 5 6 29 27 30 2 24 11 21 25 18 7 14 15 23 10 12 8 13 19 1 3 28 26 4 17 16 22 
10 1 14 26 7 9 15 23 28 19 27 29 6 5 16 22 20 24 13 8 18 21 12 25 4 17 11 30 2 3 
27 1 10 14 7 18 22 30 11 21 17 26 23 25 3 9 16 4 20 5 15 12 24 13 29 28 2 8 6 19 
19 12 30 16 15 17 28 13 24 7 18 25 20 29 2 8 27 11 21 6 14 5 10 9 3 26 1 23 22 4 
4 27 26 1 20 23 18 15 24 25 21 3 16 12 29 2 11 17 5 10 30 8 13 22 9 14 19 28 6 7 
12 27 16 21 23 9 7 15 6 22 26 19 8 13 18 28 14 20 11 3 17 30 24 10 2 1 5 29 25 4 
23 18 24 2 21 4 6 26 5 3 8 20 13 19 16 29 10 15 17 12 7 28 27 1 25 22 14 30 11 9 
8 30 1 11 7 18 14 12 4 24 25 19 5 26 20 15 13 29 17 16 22 27 21 9 2 23 6 10 28 3 
5 7 28 12 27 6 15 23 14 10 4 21 3 20 25 8 22 2 16 18 9 24 17 11 1 30 26 19 29 13 
28 22 26 2 7 3 15 29 16 25 5 23 1 24 21 30 18 8 13 9 11 19 4 27 6 14 20 17 10 12 
12 7 20 28 26 13 18 1 22 16 6 11 2 30 10 9 15 14 19 27 23 24 3 25 21 5 8 29 17 4 
1 15 29 2 8 22 28 6 26 10 21 5 14 16 12 3 11 30 27 23 19 9 17 13 18 20 4 25 7 24 
22 10 19 25 30 2 23 12 27 3 13 29 8 1 17 24 26 15 6 28 7 21 4 11 18 9 20 14 5 16 
21 4 13 1 20 17 16 14 10 30 5 7 29 25 12 15 26 23 8 24 22 2 6 3 28 19 18 27 9 11 
15 17 4 16 7 18 20 28 30 21 3 5 27 10 26 9 25 14 6 19 1 29 11 2 24 23 22 13 12 8 
1 4 7 22 8 20 14 6 29 26 3 17 23 13 21 28 16 27 24 10 18 30 11 9 25 2 5 19 15 12 
