9439568711,9285242608
30,30,30
73 3 48 10 96 31 95 14 93 78 17 22 49 72 61 62 37 61 96 82 28 82 37 88 23 3 11 91 14 86 
22 82 37 5 73 86 2 30 28 77 41 6 40 97 21 36 21 85 3 37 35 62 69 81 42 83 28 25 92 67 
42 98 98 63 36 76 35 49 7 46 68 34 93 23 41 94 56 55 84 40 96 9 95 33 6 40 32 33 91 50 
20 86 10 62 66 52 65 53 32 67 39 2 34 73 90 64 28 51 83 58 39 49 45 51 56 74 76 54 52 21 
82 34 60 60 55 67 20 65 19 43 6 86 61 82 72 46 81 42 33 54 23 41 47 34 11 39 48 18 51 4 
10 36 21 77 64 21 28 55 70 68 24 65 50 78 19 27 80 64 5 33 7 35 14 5 76 75 40 36 13 21 
1 13 11 57 33 79 51 38 58 2 56 76 48 92 77 33 23 65 31 16 51 57 90 26 60 34 11 14 70 85 
94 45 95 73 43 81 13 67 23 50 78 38 94 70 20 2 83 95 7 98 17 88 29 12 27 71 73 68 69 45 
50 32 21 75 87 45 47 56 50 35 81 71 10 80 83 85 31 45 48 55 33 25 24 50 91 92 10 40 59 68 
69 77 76 23 50 15 29 95 37 8 49 25 60 78 12 8 79 28 99 85 24 24 75 91 39 99 43 19 92 85 
2 71 93 19 37 97 47 78 96 92 76 79 11 12 76 5 62 80 87 15 53 40 98 59 90 64 58 25 12 29 
25 79 87 71 1 78 43 41 24 74 36 80 39 68 89 80 5 54 55 16 94 92 77 32 99 43 8 3 91 3 
55 39 37 11 47 17 36 66 82 62 92 95 16 84 14 66 75 79 53 38 67 90 52 56 95 8 69 86 85 40 
78 36 87 6 49 48 66 17 76 74 67 31 7 7 50 22 62 76 91 42 81 35 11 14 15 49 18 57 55 20 
73 85 82 84 36 69 27 37 99 77 93 51 2 93 58 71 98 59 34 13 82 64 14 39 59 42 23 57 8 21 
34 92 61 28 59 41 85 11 98 93 42 46 9 51 59 96 48 72 86 99 58 65 82 12 49 83 83 99 87 86 
77 25 22 16 64 57 62 92 22 10 43 33 24 3 48 14 66 50 10 5 90 69 9 96 24 79 35 2 43 61 
25 99 22 36 45 59 15 74 4 82 43 92 61 6 92 1 66 72 85 13 94 59 66 43 18 32 54 55 64 55 
53 60 45 95 46 58 14 42 31 59 29 91 36 42 2 17 34 83 14 53 61 79 52 70 97 33 6 77 14 60 
73 83 3 46 23 93 60 57 54 20 84 35 16 96 45 27 79 58 18 14 77 80 26 33 37 40 95 75 12 93 
74 30 4 79 58 83 56 62 71 47 55 58 73 82 13 10 54 54 86 21 4 45 82 65 66 68 22 56 31 94 
13 45 55 33 25 5 85 17 12 24 25 30 73 81 95 72 93 69 89 53 31 91 10 48 14 24 52 3 37 70 
18 3 64 48 77 42 22 89 28 56 25 96 16 75 25 90 60 8 19 31 30 57 71 94 57 75 49 10 88 9 
61 15 25 10 15 72 33 71 98 64 82 49 53 25 13 24 56 5 84 31 20 59 57 73 75 85 79 80 76 35 
55 98 95 42 52 54 28 66 19 19 98 37 35 5 54 66 57 29 38 67 54 50 13 54 87 77 34 17 12 40 
37 68 26 8 86 55 1 36 28 65 82 46 25 81 40 86 65 16 6 17 70 12 92 84 94 56 45 30 99 31 
97 77 79 4 25 74 80 34 82 16 33 56 10 69 75 78 6 95 21 50 96 28 43 56 35 12 80 88 86 86 
60 20 46 87 17 72 49 90 95 47 29 64 51 12 17 7 37 74 89 50 43 99 74 50 83 85 30 26 86 18 
94 9 23 95 73 67 24 47 10 84 61 28 17 58 31 97 49 71 11 36 78 84 41 72 27 52 42 90 28 30 
90 98 88 39 90 79 21 32 44 19 52 61 95 59 30 83 65 30 58 67 62 90 79 69 42 41 17 21 87 77 
MACHINES
17 9 10 20 18 12 6 16 2 29 8 26 14 27 21 19 15 7 1 3 28 23 5 25 30 24 11 13 22 4 
14 2 5 16 17 27 26 6 29 12 9 25 28 4 11 22 8 21 24 15 19 23 7 10 13 1 3 30 20 18 
22 8 23 2 19 5 30 21 16 27 18 12 6 29 13 11 28 25 1 26 7 4 20 24 10 14 3 17 9 15 
1 11 14 27 12 28 9 2 18 6 5 8 19 13 29 10 3 25 17 16 7 23 4 15 20 24 30 22 21 26 
27 5 12 15 25 3 17 6 1 23 7 9 21 8 13 14 29 11 26 18 24 2 28 10 20 16 19 4 22 30 
8 3 13 28 23 27 29 20 17 21 30 15 12 4 1 24 5 18 16 10 7 22 19 6 2 9 26 25 11 14 
5 20 24 4 19 8 12 27 26 25 15 17 2 23 3 10 22 14 9 13 29 18 30 21 16 28 1 11 7 6 
16 27 14 15 20 17 25 8 3 26 4 10 30 9 12 21 6 11 7 13 22 24 28 5 19 29 18 1 23 2 
29 25 4 1 12 27 10 14 5 17 18 11 30 20 7 15 23 21 2 8 26 13 6 19 28 22 24 9 16 3 
22 18 13 10 23 2 9 29 24 16 7 20 8 27 30 25 4 11 28 3 14 26 5 1 19 17 6 21 15 12 
28 14 16 9 1 11 19 25 5 20 21 26 22 12 27 13 7 4 29 24 15 18 17 3 6 2 30 23 10 8 
10 6 4 9 21 15 11 16 17 28 5 22 29 14 26 20 13 18 8 1 2 25 23 19 3 27 30 24 12 7 
21 13 26 28 24 25 11 23 8 16 5 30 1 17 14 6 22 19 4 3 20 10 27 2 12 18 15 7 9 29 
3 11 23 14 10 29 21 16 1 22 6 25 8 27 13 5 17 15 9 30 12 28 26 18 20 7 2 19 24 4 
28 6 22 18 23 1 16 7 30 5 19 26 24 12 13 20 3 10 9 4 14 15 8 17 11 25 2 29 21 27 
8 27 18 7 17 14 12 30 29 2 19 22 20 11 15 4 1 24 6 13 10 21 25 28 5 23 9 3 16 26 
27 20 12 7 25 5 2 3 13 15 18 11 26 21 1 16 8 10 17 19 24 28 4 6 23 30 14 22 29 9 
25 23 10 13 21 16 18 11 8 30 14 5 17 6 3 20 7 28 24 29 15 9 27 22 4 2 26 1 19 12 
22 24 20 2 23 11 5 13 4 27 25 9 14 17 10 18 1 26 16 8 30 3 29 21 7 28 6 15 12 19 
5 30 6 9 13 17 14 22 10 3 19 20 25 1 26 7 4 2 8 28 23 29 11 27 21 15 18 24 12 16 
25 7 19 18 28 16 24 4 29 8 6 9 11 23 14 15 12 2 3 21 30 5 13 17 26 1 22 27 20 10 
30 12 11 22 26 4 13 8 18 25 14 10 3 23 19 6 2 9 17 15 28 24 29 7 16 1 27 21 5 20 
20 11 14 1 30 3 22 6 7 16 28 9 21 18 25 19 4 17 23 5 26 12 29 24 8 2 27 15 13 10 
13 16 3 5 12 1 15 14 20 10 28 22 25 24 6 2 30 7 8 21 9 26 4 17 11 18 23 19 29 27 
16 20 24 5 23 9 7 29 21 3 1 18 14 30 15 12 8 10 19 13 27 28 11 4 22 2 25 26 6 17 
16 3 28 2 22 30 13 1 23 15 11 7 19 4 21 26 5 17 8 25 29 18 12 20 14 6 9 27 10 24 
6 20 12 3 2 18 16 14 17 21 5 28 22 25 19 24 4 23 1 30 11 15 26 27 8 7 9 13 10 29 
8 4 29 30 14 23 5 6 9 28 10 12 19 25 17 15 13 3 7 24 26 22 2 27 20 16 18 1 21 11 
5 24 29 8 26 4 11 1 3 14 7 15 28 22 30 20 18 6 16 19 9 27 12 25 2 13 23 17 21 10 
14 18 29 13 3 27 25 26 5 7 8 30 19 23 20 16 6 10 4 1 22 9 28 17 2 12 24 15 11 21 
