6416181134,5637764509
30,30,30
23 59 28 80 64 60 63 18 91 55 60 83 52 73 65 40 79 1 3 39 80 50 73 85 1 5 19 41 82 41 
93 96 96 81 63 71 7 93 26 58 58 92 55 12 70 20 37 34 87 11 5 56 34 54 66 99 95 61 74 36 
93 96 90 88 22 87 9 55 32 80 42 53 75 12 90 27 37 84 45 36 31 22 8 10 45 27 43 24 42 82 
31 69 48 90 37 85 5 5 13 92 1 27 56 20 12 93 52 33 25 58 79 65 91 27 21 60 33 62 17 1 
65 10 81 16 45 45 57 50 57 32 86 53 31 29 65 87 64 96 28 60 10 34 6 6 86 78 13 19 52 32 
56 37 36 97 99 74 1 40 70 31 81 30 84 37 54 28 44 40 56 42 69 23 59 91 34 43 3 49 92 8 
10 61 57 3 97 76 52 19 15 18 31 8 84 37 95 88 82 14 89 29 31 29 91 30 89 79 74 1 50 14 
81 19 27 83 31 6 6 14 73 68 63 89 15 1 29 66 29 42 60 14 51 29 68 93 30 19 33 19 40 36 
80 91 98 27 37 88 51 39 76 42 39 67 47 99 43 44 36 49 3 23 2 95 79 56 45 39 33 77 11 1 
82 7 13 81 71 56 80 96 64 24 35 83 68 3 92 53 77 9 82 32 23 80 96 88 83 1 60 21 35 12 
84 58 45 51 58 31 42 89 30 59 63 69 50 28 19 43 97 35 12 31 27 96 45 58 26 15 72 12 84 40 
97 9 74 12 77 39 46 15 12 34 92 61 34 53 52 68 69 36 43 18 43 9 16 63 40 78 99 38 6 50 
49 14 51 39 41 87 97 41 54 77 62 3 72 10 23 34 49 98 60 37 77 17 91 37 66 53 56 20 26 58 
76 26 70 94 17 99 6 44 39 91 34 45 27 52 8 46 79 32 84 65 12 51 83 61 83 17 82 64 92 9 
85 67 94 26 79 47 62 63 90 30 49 78 10 92 9 74 93 63 94 16 64 22 73 99 9 14 34 75 63 66 
25 49 19 87 14 19 73 87 79 92 30 15 46 75 62 5 46 18 30 76 22 31 32 96 7 9 86 85 58 61 
59 73 60 36 97 76 51 66 70 70 37 77 90 40 29 46 72 34 30 70 64 85 15 6 16 76 84 61 86 36 
55 46 59 7 3 32 35 7 25 94 66 87 93 18 26 70 4 23 44 13 77 65 77 26 29 60 6 27 21 38 
27 83 35 43 43 89 92 90 22 56 18 56 79 34 60 79 5 59 29 99 5 87 4 55 86 24 68 90 93 53 
75 90 67 44 71 45 78 79 9 88 25 78 49 19 83 27 15 24 23 30 27 34 46 5 85 14 71 92 79 44 
70 88 62 80 11 7 93 56 96 35 12 14 33 46 13 31 44 49 97 10 77 48 66 52 14 51 63 48 34 56 
48 49 81 30 53 61 58 35 28 50 4 90 8 51 93 95 37 54 24 69 39 72 9 5 46 64 66 43 2 28 
13 91 97 57 1 20 85 71 33 7 42 49 95 19 67 91 16 26 53 60 20 93 40 81 83 32 35 11 88 53 
70 52 94 40 23 59 10 12 28 92 4 57 9 79 6 4 12 75 36 65 91 74 33 2 22 27 20 84 16 58 
10 46 3 98 23 37 54 61 98 18 40 93 68 90 4 26 10 16 68 5 42 23 87 95 85 67 42 44 3 20 
99 41 5 59 38 62 37 6 8 29 95 63 80 62 41 86 42 58 4 63 88 63 60 78 75 95 60 10 89 85 
92 95 99 1 50 77 37 61 7 85 32 9 41 24 81 24 36 30 27 32 71 59 91 76 85 27 27 62 9 69 
19 67 8 80 25 67 17 53 24 62 21 78 60 64 95 91 62 50 47 57 50 98 43 3 48 39 61 49 15 16 
7 92 55 4 30 42 38 28 48 17 90 51 30 67 46 44 35 1 6 26 1 27 54 1 86 62 66 74 58 57 
87 19 47 72 18 79 99 79 66 21 12 98 84 50 42 5 14 43 22 35 75 41 65 10 89 78 43 62 5 60 
MACHINES
13 22 3 18 17 16 7 28 20 10 19 14 26 11 5 4 12 15 29 23 21 25 2 30 9 6 27 8 1 24 
15 19 17 14 29 11 5 2 12 23 4 10 26 24 27 7 16 6 28 13 22 8 1 20 18 30 9 3 25 21 
26 28 24 9 8 1 10 16 7 4 5 29 23 11 18 2 20 13 22 19 15 12 27 3 21 30 25 6 17 14 
17 19 8 28 12 23 6 29 14 7 16 5 20 24 4 22 11 21 15 25 10 26 13 18 3 30 27 1 9 2 
13 12 4 29 5 1 30 18 17 23 20 15 7 21 8 19 24 9 27 26 28 11 25 2 6 10 22 16 14 3 
18 6 4 28 22 23 8 3 11 1 27 21 29 13 5 19 20 14 17 7 26 2 9 12 30 15 25 24 10 16 
6 26 2 12 28 18 22 19 29 15 7 27 8 24 13 25 3 14 11 5 1 9 21 20 16 17 23 10 30 4 
6 23 12 11 14 30 20 18 7 5 22 15 16 2 9 24 28 21 4 25 13 19 1 3 29 26 17 8 27 10 
28 11 12 13 2 26 14 30 27 9 17 10 3 5 20 25 15 18 19 22 24 7 21 29 8 4 23 16 6 1 
9 4 18 22 3 15 26 17 11 8 29 1 27 20 6 7 5 19 24 12 25 21 28 10 16 14 2 13 23 30 
22 21 29 20 1 16 30 2 6 17 10 13 28 26 24 12 25 19 5 4 27 14 9 11 3 18 7 23 15 8 
22 7 14 29 6 24 19 1 27 5 30 23 25 4 8 26 28 21 10 18 2 17 20 11 16 15 13 9 3 12 
7 14 9 24 28 20 19 2 5 29 15 21 25 12 17 1 26 6 27 30 11 18 8 13 3 16 23 22 10 4 
2 28 22 4 7 1 19 15 10 5 9 26 16 3 29 17 23 14 24 8 25 21 27 13 20 30 18 6 11 12 
19 25 9 26 30 6 23 13 2 12 5 27 3 1 8 11 18 20 10 22 4 29 24 14 16 28 7 21 17 15 
1 7 9 18 23 5 10 11 21 19 24 17 16 22 30 3 15 26 20 27 14 2 6 25 28 29 13 8 4 12 
2 4 19 5 6 3 24 14 15 13 29 7 21 22 23 26 18 8 28 10 20 16 30 27 12 11 17 1 25 9 
8 28 21 30 5 29 9 18 23 24 25 3 15 12 20 10 27 26 16 17 11 6 13 19 4 7 22 1 14 2 
11 19 24 23 5 1 30 18 21 6 8 27 29 3 28 16 9 2 10 17 14 4 7 22 20 13 25 12 26 15 
8 10 24 30 21 25 15 17 4 5 12 3 28 14 23 6 7 26 19 29 22 9 1 20 16 11 18 2 13 27 
4 3 20 5 19 24 15 1 21 29 25 6 8 28 7 17 30 16 18 9 23 10 11 26 27 12 14 2 22 13 
8 28 17 24 21 7 4 6 27 22 5 19 18 14 1 25 11 20 23 2 15 16 29 30 3 26 9 10 12 13 
26 15 24 27 12 25 3 5 8 6 17 23 29 20 28 9 22 21 10 18 1 4 30 2 16 19 7 11 14 13 
30 5 14 10 6 18 27 7 29 24 2 28 12 17 8 1 23 13 15 26 16 20 9 19 22 11 4 3 21 25 
15 7 8 5 21 11 10 13 30 9 24 23 3 1 16 20 28 18 6 17 14 2 22 12 26 25 27 19 4 29 
27 15 2 26 14 6 22 25 30 18 5 16 28 1 11 17 7 29 12 9 23 8 4 10 24 13 21 19 20 3 
30 14 25 3 1 16 13 8 29 22 17 12 20 10 9 2 19 26 7 15 4 5 24 11 28 27 23 21 18 6 
29 27 9 7 3 10 4 2 18 12 13 24 14 21 23 16 6 11 19 25 15 8 28 20 26 5 17 22 1 30 
6 8 21 28 25 1 19 18 15 9 13 10 12 23 2 3 16 11 30 14 4 20 17 7 26 22 24 5 29 27 
1 11 26 16 9 20 17 19 3 27 10 13 18 4 29 14 6 15 22 7 24 2 28 23 12 25 5 30 8 21 
