1971210892,9820477543
30,30,30
68 52 98 65 65 17 6 74 56 19 68 36 51 5 37 17 33 81 87 48 68 88 53 66 87 5 43 20 85 11 
75 5 37 95 38 55 77 57 91 45 29 63 4 35 22 19 49 31 36 70 96 80 25 62 27 43 15 43 11 59 
49 76 58 16 5 64 38 58 79 94 2 96 31 39 24 87 97 32 46 91 85 74 2 71 18 75 38 16 81 52 
80 22 56 28 58 85 10 93 3 74 83 33 33 75 84 17 42 59 82 69 65 85 42 45 40 1 31 75 63 24 
74 76 82 46 31 32 28 65 19 62 45 27 45 26 59 8 85 85 42 67 76 53 81 8 83 8 63 81 33 9 
94 55 49 39 10 25 38 57 14 43 63 80 82 46 55 88 94 53 20 25 18 70 97 48 42 10 94 33 50 83 
87 81 57 66 28 69 20 55 67 34 35 71 3 10 58 78 69 60 86 41 76 57 32 66 21 51 84 24 45 14 
18 7 19 98 67 34 29 31 51 3 23 19 47 5 61 13 90 21 14 50 26 2 1 34 9 91 17 48 6 79 
26 28 83 74 53 85 85 20 60 23 34 19 18 91 47 81 37 62 56 57 44 6 84 67 99 78 40 80 27 16 
85 34 36 17 15 68 86 71 43 11 22 17 76 14 5 49 68 70 93 43 43 94 5 72 29 36 96 71 41 92 
22 70 23 9 76 47 61 83 9 33 55 59 27 92 71 22 15 22 67 41 48 26 96 68 54 46 28 29 17 32 
76 46 47 42 35 92 99 62 66 54 11 42 19 84 25 64 90 4 47 80 47 21 73 84 7 3 91 74 92 51 
6 11 87 35 44 39 91 66 88 29 59 69 38 67 16 73 88 94 13 15 93 73 6 63 70 51 61 45 5 67 
32 14 36 20 72 33 1 41 24 10 11 19 39 4 65 80 32 66 59 99 98 15 79 46 87 43 67 42 91 92 
7 60 59 52 79 52 67 53 38 42 46 23 6 31 50 72 2 96 65 58 26 10 45 67 93 49 3 49 4 89 
60 26 50 9 87 86 68 41 44 31 53 89 21 30 39 61 63 29 84 19 8 78 12 81 35 42 30 13 34 13 
65 98 82 63 17 16 98 71 37 39 63 11 78 66 7 31 42 67 72 1 33 36 31 85 45 95 38 39 78 62 
77 22 98 63 57 52 75 78 18 79 51 67 43 72 73 66 67 84 21 47 9 98 98 52 22 56 27 83 42 47 
80 65 36 12 74 66 58 52 23 15 44 19 87 40 32 28 98 97 7 25 81 42 66 51 39 12 70 93 34 39 
39 45 85 87 9 97 14 94 67 49 10 87 15 78 80 59 19 65 20 11 78 27 66 81 77 8 41 67 1 65 
14 18 33 2 73 84 85 58 78 79 86 61 6 50 57 5 26 40 31 9 41 52 49 73 3 35 19 77 46 33 
76 67 10 6 43 8 34 81 52 98 39 30 12 74 76 71 35 29 4 81 24 67 48 74 90 12 75 40 56 79 
28 24 65 86 74 70 78 77 18 72 20 65 26 80 38 79 29 45 97 52 69 36 3 30 55 55 80 90 2 92 
89 49 12 3 93 77 41 58 36 34 20 56 48 14 73 57 99 77 40 18 21 89 73 94 10 52 96 94 22 43 
59 13 95 37 40 45 76 67 59 16 67 61 97 11 96 80 79 16 19 95 67 3 1 27 96 31 41 4 38 2 
40 99 81 98 46 18 59 67 41 30 36 27 58 75 51 99 7 9 97 70 52 44 25 5 93 11 17 28 10 39 
30 43 43 73 71 66 29 99 51 58 97 13 93 37 30 42 21 53 78 65 24 50 98 32 27 82 15 42 31 71 
34 12 33 34 46 15 36 89 64 40 96 62 15 54 73 91 74 69 41 53 34 26 54 87 67 84 68 9 35 97 
60 22 39 74 4 8 45 16 71 89 47 57 54 39 81 51 48 1 47 33 14 38 95 31 62 79 89 9 45 11 
2 57 58 48 10 51 12 80 54 67 46 30 25 58 39 8 92 46 86 75 57 34 26 54 76 4 69 90 31 32 
MACHINES
13 22 7 21 12 30 28 9 10 1 16 8 15 3 19 24 17 11 6 27 2 5 20 29 25 18 14 4 26 23 
9 21 23 14 12 22 24 7 25 10 11 4 17 6 29 18 16 19 15 5 13 27 20 30 26 1 2 28 3 8 
3 13 8 18 23 26 4 22 21 17 30 16 25 29 1 14 7 20 19 6 12 9 27 10 2 5 15 24 28 11 
10 28 8 15 12 24 14 13 18 6 30 9 3 19 17 1 29 26 20 21 4 7 16 25 11 22 5 27 23 2 
21 22 5 6 9 26 10 19 4 11 17 12 28 27 8 25 2 18 1 30 3 7 20 23 13 29 14 16 24 15 
10 22 19 7 16 9 23 25 4 21 20 1 26 6 24 3 17 14 30 28 2 27 8 13 11 5 18 29 12 15 
3 4 30 22 20 13 9 12 18 11 10 1 24 14 7 16 6 5 19 26 17 15 21 28 2 8 25 23 27 29 
2 24 8 29 7 5 30 18 15 17 4 25 16 20 9 19 27 26 6 11 12 21 22 1 14 28 23 13 3 10 
13 20 26 25 23 22 3 12 24 10 15 16 6 1 18 27 14 2 29 9 19 5 30 7 28 17 21 4 11 8 
3 15 14 23 7 19 2 12 10 25 1 21 9 5 4 18 16 27 13 8 29 6 24 17 20 11 26 28 30 22 
12 3 28 11 2 16 18 26 1 5 30 22 13 19 9 25 29 14 21 27 23 8 17 4 10 7 20 6 24 15 
1 13 9 3 19 21 29 23 8 28 27 10 26 6 25 17 30 2 5 7 22 11 12 16 14 20 24 15 18 4 
17 3 29 13 25 28 16 7 24 22 18 1 15 19 9 23 2 5 21 30 27 4 8 12 6 26 11 10 14 20 
18 20 22 25 7 6 19 23 5 1 15 16 27 21 8 2 12 30 13 9 26 28 14 10 4 17 29 24 11 3 
9 20 5 29 12 28 27 15 10 18 11 16 23 25 19 26 8 3 17 13 6 24 21 14 4 2 1 22 7 30 
21 11 3 23 26 7 22 25 17 16 15 24 30 10 4 28 5 12 9 13 19 27 14 2 6 1 20 18 29 8 
14 8 15 28 6 3 1 2 26 5 18 22 9 29 30 25 13 21 19 11 20 17 10 7 4 12 24 27 16 23 
28 21 26 18 4 7 23 8 2 25 15 5 10 24 6 27 3 19 1 14 12 22 13 11 20 30 16 29 17 9 
21 24 10 8 5 7 25 9 27 26 11 20 28 18 4 3 6 15 19 29 17 12 1 30 2 14 16 13 22 23 
7 17 13 29 4 30 23 6 25 5 28 20 18 24 22 19 9 2 3 11 26 14 1 15 8 10 16 21 27 12 
1 5 4 11 20 17 25 19 21 3 23 29 13 6 10 9 14 28 15 2 16 24 26 27 22 8 7 18 30 12 
30 27 2 1 29 23 3 14 10 7 5 18 6 15 21 26 11 8 9 22 28 24 19 13 16 12 4 25 20 17 
7 5 12 4 6 15 17 30 8 14 1 16 29 9 25 26 24 13 18 2 20 11 3 21 19 28 10 22 27 23 
5 28 18 26 4 3 7 25 17 16 2 29 6 14 23 8 19 11 21 30 22 12 24 15 9 10 20 27 13 1 
23 6 26 16 4 12 2 28 15 14 29 18 25 10 27 22 7 20 1 11 5 13 9 3 17 30 24 21 19 8 
12 9 22 2 30 4 21 20 18 19 14 15 16 6 26 28 11 7 8 3 23 10 13 25 17 1 29 5 27 24 
1 23 15 14 21 13 28 9 11 24 25 29 10 5 6 2 8 12 20 18 7 30 4 27 16 3 17 19 26 22 
30 15 27 7 19 8 11 14 13 28 23 5 2 26 21 20 16 10 24 17 12 6 29 22 25 3 1 4 18 9 
30 28 29 26 12 7 27 11 5 10 2 17 6 16 19 21 3 22 23 8 20 25 1 9 4 13 15 14 18 24 
28 2 18 30 26 1 7 8 27 20 9 15 17 3 29 4 25 13 22 14 12 21 23 24 11 10 5 16 19 6 
