8790225894,8336485103
30,30,30
41 34 23 27 6 98 25 13 78 89 96 99 97 39 13 79 25 67 77 33 78 74 19 59 38 69 80 77 25 95 
33 37 91 45 43 43 77 88 3 6 67 97 59 60 76 40 98 88 37 98 29 19 24 90 2 80 83 47 88 37 
64 16 70 37 83 59 71 52 94 86 69 42 41 94 88 85 31 13 43 28 58 12 29 47 60 95 1 58 29 7 
16 66 16 50 93 27 92 81 5 61 11 93 36 28 97 59 73 97 1 55 40 99 27 8 90 86 69 13 76 65 
4 36 68 77 93 74 49 9 8 99 48 85 57 2 4 98 68 29 76 58 69 97 58 87 55 2 96 30 11 6 
49 54 12 69 56 38 60 60 28 77 99 87 19 35 89 5 31 55 54 45 26 45 95 53 2 30 53 19 70 33 
53 4 3 6 92 89 43 28 99 92 53 1 21 20 4 5 65 36 51 2 40 51 46 44 95 32 63 80 21 17 
64 95 41 24 31 81 50 91 71 9 64 47 62 48 25 7 77 86 13 24 46 2 73 20 19 98 14 21 61 52 
6 60 78 91 68 19 58 75 72 26 79 91 79 35 66 32 31 69 19 21 26 36 49 93 36 33 75 62 62 59 
43 8 48 29 66 17 58 10 77 14 89 15 19 41 83 74 23 63 72 68 54 74 99 61 82 91 91 81 8 27 
87 10 10 38 13 59 85 41 54 24 26 48 67 73 64 60 48 42 20 47 91 69 4 89 64 70 47 41 67 96 
40 7 74 99 20 35 74 16 58 54 73 56 13 47 19 54 89 39 77 98 54 96 9 96 5 20 49 79 69 29 
74 4 44 48 81 31 9 3 36 42 32 30 26 56 25 1 58 83 89 6 52 14 71 16 69 30 3 73 45 23 
80 70 10 88 21 79 15 65 57 78 86 49 88 19 64 76 79 48 11 30 44 70 79 26 94 97 37 66 19 19 
51 83 86 93 79 26 52 32 31 37 96 11 12 73 68 74 53 74 37 4 71 10 5 56 27 98 80 24 34 28 
50 29 71 13 20 14 14 39 88 7 43 98 24 61 20 50 97 3 54 49 15 35 76 86 77 20 97 88 16 27 
21 10 50 81 95 53 71 13 73 36 78 89 87 4 34 70 55 59 66 46 54 85 79 12 79 35 66 59 71 48 
9 74 94 9 94 68 69 68 53 21 96 3 33 62 33 75 91 6 87 20 1 26 88 52 60 47 63 12 42 98 
64 92 20 38 20 26 73 25 5 97 89 46 73 66 20 43 97 61 29 10 82 13 75 79 77 78 37 74 43 2 
89 33 82 15 85 84 55 20 16 17 45 97 57 80 95 55 34 93 34 29 61 64 29 61 12 81 61 28 17 64 
78 12 16 62 54 37 31 73 33 34 5 95 48 14 60 66 33 12 67 51 83 94 95 9 17 51 34 18 67 98 
56 51 30 41 6 52 67 6 64 34 81 40 83 5 47 81 69 98 57 18 95 25 39 68 45 14 4 51 42 29 
93 99 51 57 59 85 58 29 6 11 50 50 39 87 35 79 69 65 48 47 65 57 60 26 61 27 25 67 69 43 
61 29 85 45 57 60 29 74 37 23 88 61 67 44 17 75 4 70 47 99 16 87 35 88 11 87 14 9 24 24 
92 62 34 57 7 60 87 39 40 57 23 24 45 20 97 91 50 17 7 14 32 14 76 20 9 51 99 2 2 25 
45 87 46 17 26 59 92 77 96 40 4 17 49 21 88 12 35 10 55 27 57 87 96 91 42 76 88 57 48 34 
70 51 62 23 53 28 35 11 40 27 18 11 42 39 59 29 15 39 37 8 25 91 47 82 34 30 80 78 17 32 
18 38 96 74 96 87 43 16 8 95 4 49 96 42 79 12 86 42 45 84 91 80 6 77 90 38 2 41 3 73 
66 76 92 32 81 8 4 39 68 4 16 25 73 16 62 17 59 21 97 83 28 13 88 88 99 9 62 39 43 45 
47 28 40 80 19 93 5 14 96 28 67 56 50 59 62 81 4 9 23 26 82 18 66 99 78 43 92 28 61 16 
MACHINES
17 12 25 28 3 15 21 24 6 27 30 7 20 16 26 23 9 4 8 13 2 1 14 18 19 22 10 11 29 5 
1 25 27 15 30 26 5 10 14 20 11 12 21 4 18 22 2 8 23 24 16 19 29 9 7 13 3 17 6 28 
11 16 21 15 9 4 29 8 17 22 7 3 24 1 20 28 14 13 6 26 10 5 27 19 30 23 2 12 25 18 
23 19 15 8 16 2 24 30 13 11 4 27 10 26 9 25 17 14 12 20 7 21 5 6 28 29 18 3 1 22 
11 23 30 24 15 12 3 17 27 20 13 9 10 7 29 18 8 5 26 21 22 6 19 14 25 4 1 16 28 2 
19 29 23 13 8 10 25 17 28 4 20 6 21 30 5 26 2 18 16 9 3 14 11 15 1 27 22 7 12 24 
13 19 25 14 16 30 27 18 28 7 5 12 6 11 8 3 15 4 10 2 29 9 17 26 22 24 21 23 1 20 
30 20 24 29 13 27 7 28 6 2 23 5 22 1 10 14 16 17 4 15 9 8 19 3 26 25 21 11 12 18 
7 8 5 14 25 11 18 26 30 24 27 12 1 4 9 3 13 16 19 21 20 15 17 28 22 6 23 29 2 10 
15 28 26 11 3 18 7 4 22 5 20 2 29 14 12 1 27 16 23 8 9 30 19 21 17 10 13 24 25 6 
3 20 24 10 5 15 8 30 9 12 27 6 28 2 22 4 7 23 21 14 13 16 17 11 26 18 19 1 29 25 
29 10 6 2 9 13 16 12 22 17 8 14 7 26 15 27 24 20 23 1 21 19 11 25 3 28 30 4 18 5 
20 29 16 25 5 14 13 28 2 27 19 4 8 3 1 30 15 21 17 22 18 6 23 24 26 11 10 7 12 9 
27 17 22 15 8 16 7 3 4 26 5 11 6 21 13 23 18 28 9 2 24 1 12 10 19 14 29 25 30 20 
22 23 9 4 14 5 29 20 15 27 19 18 3 25 12 16 30 2 26 8 7 10 6 1 11 21 13 28 17 24 
11 15 18 13 29 28 25 26 10 21 6 17 24 16 1 30 8 20 14 19 23 7 3 4 5 12 22 9 27 2 
4 7 12 22 23 19 3 11 10 29 15 5 13 20 17 9 16 24 30 27 6 26 2 1 8 21 25 28 18 14 
26 22 12 24 10 14 30 23 21 25 11 8 18 17 1 29 13 27 4 7 20 19 28 5 9 6 2 16 3 15 
15 19 26 14 5 23 4 1 9 27 25 28 13 12 30 21 8 10 17 20 2 3 22 7 29 24 11 18 16 6 
6 14 5 27 11 19 25 15 12 7 10 2 4 9 28 13 18 21 20 23 30 22 26 24 16 1 3 17 29 8 
10 24 23 29 3 14 27 1 16 25 12 15 28 22 20 6 4 30 5 8 19 2 13 9 18 11 21 17 26 7 
18 22 11 29 2 8 14 17 9 25 10 24 15 6 30 20 3 23 27 26 7 13 4 5 21 16 28 1 12 19 
15 17 16 6 5 12 14 30 18 26 4 10 28 1 23 21 7 25 27 11 22 29 3 24 20 2 19 8 9 13 
5 17 3 28 29 8 26 22 11 12 1 10 9 30 13 21 23 6 15 25 20 18 2 27 14 16 24 19 4 7 
7 25 12 20 29 22 26 30 24 27 21 28 3 2 6 15 18 8 13 14 9 17 10 4 1 16 23 5 19 11 
17 27 21 30 5 4 13 15 2 14 10 29 19 6 22 18 11 9 28 3 7 8 12 25 24 1 23 20 16 26 
21 26 20 22 11 19 17 25 15 27 28 29 30 4 2 9 23 7 18 6 24 1 13 5 16 3 14 10 8 12 
26 22 19 12 6 14 28 11 9 8 1 5 25 2 18 21 7 10 17 29 20 24 27 15 4 13 23 30 3 16 
28 14 24 20 5 18 3 27 8 26 1 12 4 13 11 2 10 6 21 23 29 30 9 16 19 25 15 17 7 22 
21 3 17 10 29 12 16 8 27 13 4 22 18 14 5 1 30 15 26 2 24 25 19 20 11 6 7 23 28 9 
