3014610882,6123378671
30,30,30
82 35 62 27 18 38 51 76 78 93 58 9 72 22 75 89 51 25 96 54 44 69 59 54 45 80 55 31 89 33 
19 29 54 86 18 38 6 20 74 2 99 79 49 61 41 33 68 20 85 15 28 29 70 43 52 59 21 96 11 53 
27 70 18 26 64 79 93 27 34 16 66 82 1 42 57 34 11 62 72 90 86 3 53 26 75 59 98 97 78 73 
78 1 1 69 40 24 12 5 59 7 83 6 65 70 96 85 23 56 98 86 65 25 63 84 21 41 90 22 21 48 
73 38 51 4 88 22 66 92 74 26 96 89 28 91 68 55 35 73 23 87 25 96 11 76 57 17 59 63 15 82 
87 75 62 95 85 81 84 34 26 23 58 10 13 33 46 88 27 89 28 34 47 80 66 82 96 75 57 16 69 31 
72 28 31 19 95 46 60 81 91 1 7 40 99 78 43 16 1 68 35 71 7 57 56 47 53 33 75 31 78 3 
58 25 8 11 93 74 64 39 83 37 14 83 45 97 68 25 3 13 86 19 24 55 93 71 20 38 21 77 38 58 
78 54 22 83 80 13 20 2 55 72 44 49 70 68 42 71 5 95 95 27 42 60 69 36 12 8 29 90 34 85 
24 21 45 15 55 1 78 44 98 13 13 82 75 4 47 54 17 81 64 28 4 45 61 20 21 12 31 74 36 72 
52 26 94 80 66 87 94 11 53 49 72 80 52 69 12 57 13 66 54 60 89 85 45 28 75 35 68 71 82 93 
77 76 3 33 63 66 8 47 31 26 78 46 8 47 49 16 52 9 12 24 54 39 74 89 36 33 23 6 74 12 
35 8 11 29 9 78 44 77 20 25 51 19 24 65 2 36 42 74 17 25 50 70 70 24 66 99 12 19 40 87 
60 57 77 51 48 73 31 15 97 66 30 55 89 40 67 2 71 9 7 74 4 82 20 26 94 77 43 71 50 13 
33 84 4 30 31 82 79 83 79 41 69 22 75 53 67 48 35 40 34 60 36 40 22 67 15 47 77 10 95 33 
81 9 21 28 12 45 54 74 41 18 64 5 24 48 74 39 15 86 88 34 14 24 56 94 69 82 6 69 67 3 
40 49 11 81 10 83 81 49 42 95 57 21 74 9 70 27 33 88 42 51 98 5 28 17 9 31 90 49 93 61 
90 32 51 75 79 31 60 53 63 72 55 52 23 33 30 11 14 13 9 33 43 86 30 43 47 69 37 67 49 5 
29 89 44 29 64 65 25 97 70 6 13 39 9 10 17 48 68 87 83 42 94 98 7 40 27 1 97 61 32 32 
30 60 23 94 8 47 71 77 54 58 16 69 41 78 25 77 60 25 28 45 18 61 67 30 92 65 26 80 95 17 
69 56 61 96 46 9 43 32 83 92 67 66 33 66 2 18 50 95 90 78 87 48 87 54 87 88 82 86 38 61 
68 27 10 53 89 27 7 49 40 46 93 49 74 45 42 84 1 74 66 76 47 64 77 94 14 73 6 48 1 6 
48 51 86 37 83 10 92 62 37 22 49 31 97 95 2 15 86 71 62 39 43 16 62 76 59 88 32 9 48 12 
75 69 76 19 64 43 14 54 60 99 29 25 96 86 82 47 56 18 2 10 82 40 93 36 53 77 62 29 64 8 
55 64 27 95 88 48 18 40 24 87 32 93 99 43 22 72 32 16 30 93 40 7 81 72 27 24 86 12 51 88 
79 87 25 40 85 74 12 65 68 3 32 42 31 92 13 21 74 87 20 11 72 55 47 11 35 14 66 14 52 93 
39 51 32 39 53 61 77 62 81 82 52 4 33 73 99 67 9 31 11 81 94 21 88 49 81 26 77 75 45 96 
14 79 69 23 40 61 77 79 35 98 78 8 78 84 99 18 65 5 83 6 11 36 14 85 66 17 69 77 43 14 
54 99 97 11 77 42 98 83 55 85 29 54 35 49 43 53 36 21 59 24 2 96 3 24 99 32 36 31 69 75 
17 24 88 97 63 74 28 27 24 46 96 60 47 61 76 54 80 9 30 7 79 50 27 58 17 63 57 42 37 26 
MACHINES
14 17 25 23 2 26 30 28 12 19 9 21 7 24 27 16 6 13 20 5 15 4 29 1 3 18 8 10 22 11 
22 21 1 18 13 29 10 12 28 4 27 6 16 5 19 26 25 20 24 17 15 14 2 3 7 11 23 30 8 9 
18 22 27 7 1 6 2 14 19 24 10 11 9 26 8 30 12 4 25 20 3 15 16 29 28 21 13 17 5 23 
5 14 16 10 15 7 4 8 22 19 24 30 9 28 26 23 13 1 12 3 20 25 6 18 11 21 27 17 29 2 
2 11 22 27 24 28 29 26 14 16 17 19 3 21 12 23 4 9 30 8 5 15 20 1 13 25 6 18 10 7 
9 30 13 29 2 23 4 12 1 18 22 3 11 26 24 16 15 7 28 20 14 17 5 6 10 8 21 27 19 25 
6 1 3 21 30 10 22 12 26 15 29 13 18 16 17 28 27 7 20 14 8 19 11 4 23 2 9 25 24 5 
9 7 30 12 18 3 10 13 20 17 27 2 1 11 19 28 26 21 15 24 14 16 4 5 23 29 25 6 22 8 
7 11 27 12 8 22 6 23 10 17 21 26 20 28 1 14 24 2 4 3 15 18 19 5 25 29 16 30 9 13 
14 15 25 27 9 11 29 24 22 4 19 20 26 13 18 30 2 1 7 16 3 28 5 10 8 23 17 6 12 21 
13 1 4 17 23 26 7 29 11 8 22 15 25 24 28 30 16 18 2 10 20 19 14 6 3 5 21 12 27 9 
20 27 3 8 1 14 24 17 25 26 29 10 5 2 30 19 4 28 18 23 9 13 22 11 16 21 6 12 15 7 
8 13 14 19 17 24 28 4 2 30 18 25 23 7 3 20 11 9 26 12 10 15 29 21 16 6 22 27 1 5 
29 10 30 11 2 7 6 21 28 12 27 1 5 18 20 3 9 15 14 16 4 24 22 25 23 19 8 13 26 17 
24 18 29 14 28 15 20 6 3 27 25 19 30 7 11 8 10 12 1 2 5 22 16 21 4 9 26 23 13 17 
21 23 29 16 7 10 18 14 17 27 5 28 2 12 11 24 13 30 9 3 20 8 26 4 6 15 1 19 25 22 
10 24 26 19 14 7 12 17 28 22 30 3 21 4 5 29 16 11 23 20 27 13 15 8 1 18 2 25 6 9 
5 2 12 10 7 28 4 20 23 30 26 22 11 25 29 17 19 16 14 24 18 6 27 9 3 13 1 15 21 8 
2 29 19 3 11 18 14 30 13 8 17 27 16 6 15 24 7 10 1 9 26 12 20 25 4 23 5 21 22 28 
22 18 9 21 30 7 19 29 24 26 3 23 17 28 8 4 6 10 5 12 1 2 11 13 27 16 15 25 14 20 
2 18 30 24 26 4 8 17 9 10 13 11 15 22 14 27 1 23 7 29 19 6 25 12 3 5 20 21 16 28 
3 15 13 26 6 18 7 21 27 4 12 19 24 17 16 8 28 10 29 1 2 14 25 20 23 11 9 22 5 30 
2 1 14 15 5 23 18 4 28 22 17 27 24 3 20 8 12 16 26 29 13 19 6 25 30 9 21 10 11 7 
9 13 30 25 20 18 5 2 28 16 10 26 4 17 14 23 3 12 6 27 15 11 22 29 21 7 1 24 8 19 
25 2 24 30 9 26 16 4 1 14 11 5 7 28 27 12 6 17 29 13 22 20 15 3 18 10 21 19 8 23 
15 10 22 16 13 8 18 11 28 26 23 1 30 12 20 9 21 4 29 24 17 5 2 14 6 27 3 25 19 7 
23 30 2 20 10 9 28 22 3 29 27 26 15 19 6 17 11 4 18 16 5 12 7 24 8 1 13 14 21 25 
8 26 7 20 27 15 28 10 17 9 18 29 2 30 6 23 13 16 21 3 12 1 22 19 4 14 5 25 11 24 
29 13 26 25 19 6 1 10 5 22 7 20 8 30 24 4 2 17 18 27 9 28 16 11 12 14 15 21 3 23 
2 3 5 14 13 19 22 9 17 8 12 24 23 11 26 21 20 4 15 16 25 10 27 6 30 7 28 18 1 29 
