9024040010,1349418837
30,30,30
5 10 11 61 90 56 30 71 94 59 39 71 93 18 39 85 32 48 53 42 12 79 42 62 30 23 93 60 32 47 
38 28 48 88 63 69 52 25 21 17 70 52 56 69 43 63 71 53 19 47 73 73 76 72 55 73 17 23 12 44 
75 86 13 43 34 75 41 49 93 30 53 62 70 79 90 95 93 6 4 73 56 34 99 86 76 81 87 29 70 14 
65 7 77 34 8 96 15 41 30 5 82 22 32 84 70 1 93 79 8 51 62 72 52 18 3 63 47 73 42 4 
27 3 4 54 9 49 96 17 89 11 74 67 25 37 78 50 86 74 15 98 26 45 56 70 52 32 5 72 28 1 
31 10 72 64 66 24 3 50 25 13 25 61 12 26 26 35 10 98 86 24 56 96 53 41 40 38 23 65 18 81 
86 37 84 73 83 21 29 34 28 61 31 62 23 47 12 41 46 63 21 65 48 29 27 2 85 33 85 90 87 25 
41 5 93 13 20 9 39 97 4 37 77 5 16 19 22 44 67 87 70 30 25 56 76 60 78 68 64 72 9 74 
87 38 71 11 2 47 33 19 76 56 53 8 19 37 77 98 19 70 61 51 33 76 24 11 79 11 62 95 7 51 
23 29 21 7 5 22 61 4 86 85 63 61 62 81 89 86 79 11 58 26 5 6 35 52 39 31 95 17 63 40 
57 39 6 92 31 74 75 51 43 58 70 15 6 60 40 58 62 24 97 69 40 4 65 72 4 98 3 64 53 61 
87 54 75 47 68 12 45 53 93 71 64 88 73 70 58 76 32 16 79 22 25 19 76 81 19 27 31 29 3 56 
75 16 70 53 54 52 60 68 17 64 99 83 88 2 75 68 69 74 8 46 72 54 2 52 82 41 49 60 36 57 
87 32 56 22 96 13 93 20 47 39 70 49 30 42 52 76 17 67 52 12 86 89 49 86 47 42 24 94 76 23 
11 25 22 46 99 63 2 59 81 54 11 15 61 4 49 52 81 52 2 65 20 58 76 83 40 48 47 90 55 71 
70 1 32 95 42 44 43 94 47 69 89 81 96 96 18 10 9 50 69 14 53 92 61 98 85 47 98 75 93 36 
54 37 30 10 7 25 24 32 88 27 59 75 71 53 35 9 59 53 40 37 82 61 68 82 12 19 77 70 68 16 
54 31 60 52 98 15 34 18 55 90 82 57 31 68 49 65 52 36 45 29 30 84 86 66 55 64 22 4 43 57 
76 7 79 60 93 9 42 63 2 41 79 72 56 70 77 69 7 95 6 94 23 34 48 55 84 52 2 21 49 39 
21 70 90 72 63 71 91 15 27 65 72 97 23 3 91 79 48 80 48 81 74 81 99 18 10 2 43 26 21 3 
78 37 34 39 97 66 62 7 30 13 37 65 27 85 12 23 67 16 42 65 44 27 80 38 61 63 65 92 70 26 
89 87 14 69 75 84 61 64 5 69 81 44 97 55 10 34 10 81 18 69 66 69 67 94 53 60 18 13 96 4 
21 72 48 86 98 6 67 62 50 71 26 77 13 21 83 37 31 31 20 1 66 27 61 53 35 20 53 15 29 42 
38 87 27 8 79 26 20 38 74 18 1 22 92 76 7 33 20 14 10 35 27 66 41 82 8 15 94 71 29 74 
4 24 37 61 40 75 43 7 69 94 90 56 59 91 71 69 59 97 15 80 90 53 43 84 37 91 56 26 25 19 
14 42 87 94 91 29 52 83 91 23 74 30 71 92 90 14 11 40 61 41 4 25 33 85 18 23 88 59 58 31 
30 8 41 29 18 7 56 53 16 50 42 75 44 90 94 82 91 46 30 26 57 60 62 21 92 42 39 93 77 39 
52 1 39 7 34 77 73 36 55 92 96 2 26 89 7 86 5 48 77 40 55 75 24 88 1 49 35 41 49 10 
43 57 59 73 99 48 51 12 60 31 37 28 55 77 32 20 46 2 47 23 65 9 30 23 55 78 73 53 96 34 
86 64 31 38 5 83 82 56 29 12 11 55 17 56 42 63 26 72 75 58 63 45 45 68 89 65 57 82 18 88 
MACHINES
15 2 10 5 16 30 6 17 29 3 14 19 8 24 25 7 1 22 9 27 18 23 21 13 11 20 12 28 26 4 
9 21 18 24 8 12 3 6 19 27 4 11 17 25 28 29 15 23 2 5 1 26 16 30 10 13 20 22 14 7 
13 5 24 18 15 1 21 22 3 4 9 17 28 10 29 6 30 2 20 16 25 11 8 23 19 26 7 12 14 27 
4 23 13 7 10 9 26 3 11 28 12 25 1 16 2 29 27 30 5 24 14 22 8 6 15 17 18 19 21 20 
15 24 4 28 19 3 29 11 27 20 25 12 21 8 9 17 6 26 7 14 22 5 2 18 10 23 13 16 1 30 
14 21 9 12 15 23 11 1 7 26 4 29 3 19 16 27 6 8 25 24 13 30 5 22 20 17 2 10 18 28 
11 26 12 23 24 21 19 6 8 17 1 25 16 4 22 28 5 15 9 7 20 27 29 10 13 3 18 30 2 14 
10 11 28 23 24 5 17 12 25 1 8 15 14 26 6 4 22 30 27 20 9 13 21 29 18 3 19 16 2 7 
16 29 10 23 27 12 24 17 18 21 14 7 9 5 6 30 11 20 13 1 19 4 15 8 26 2 25 22 3 28 
19 28 12 9 27 20 15 6 18 25 24 1 29 30 5 7 23 13 11 8 21 3 16 14 26 22 10 17 2 4 
21 22 26 28 2 15 3 13 9 17 11 12 5 20 25 14 10 19 16 7 6 1 29 30 4 24 23 27 8 18 
16 22 23 19 5 27 21 9 14 12 3 13 26 1 10 30 2 18 15 8 24 20 17 25 6 11 4 29 28 7 
27 30 24 21 18 15 12 9 13 23 17 10 4 2 29 28 11 7 1 8 26 14 5 16 25 19 22 20 6 3 
3 9 13 6 16 17 7 1 23 30 21 26 8 19 14 20 18 2 25 29 5 10 27 4 12 11 28 15 22 24 
19 25 26 11 5 22 10 28 29 21 27 3 8 1 9 20 6 30 13 7 2 23 18 24 4 15 12 14 16 17 
15 26 21 22 7 2 19 12 30 10 25 29 11 18 4 28 8 3 17 1 13 24 27 16 5 23 20 9 6 14 
14 9 29 16 8 2 19 3 12 15 11 26 23 18 4 24 21 22 10 20 1 27 5 17 6 7 30 28 25 13 
9 5 11 15 4 2 13 1 7 17 29 22 25 16 26 18 30 6 19 24 14 21 28 23 8 3 20 27 12 10 
19 18 16 15 28 21 5 13 17 1 23 7 3 2 14 20 25 27 9 24 26 22 8 6 10 30 4 29 11 12 
27 19 13 10 8 7 4 6 14 15 18 25 9 21 20 2 5 11 26 29 1 24 23 22 28 30 3 16 12 17 
25 4 1 21 24 23 20 19 22 6 16 7 28 9 8 29 15 3 12 11 5 2 14 10 27 26 18 17 30 13 
30 21 2 1 5 25 26 17 20 4 19 8 18 6 11 27 3 10 13 14 24 29 12 22 28 16 23 15 7 9 
5 17 27 8 28 18 23 19 15 2 26 1 9 14 22 10 3 7 20 11 4 25 21 12 24 13 16 6 30 29 
16 15 25 14 30 17 12 29 27 19 22 11 21 1 9 2 5 18 10 3 7 20 6 26 28 24 23 4 8 13 
27 16 4 3 23 14 30 25 28 13 8 19 29 20 24 7 11 17 2 6 5 22 18 15 1 12 26 9 10 21 
26 14 13 30 16 5 20 1 3 11 15 7 29 25 17 23 9 4 24 8 6 22 12 2 18 27 21 28 19 10 
5 3 2 14 19 27 9 4 15 26 23 18 11 25 20 13 17 28 10 1 21 30 22 12 16 6 8 24 29 7 
5 3 9 6 11 30 4 15 2 19 10 22 17 1 28 29 27 12 20 23 18 21 16 8 7 25 13 14 26 24 
1 4 6 12 29 5 3 23 27 18 13 16 26 19 9 21 30 14 22 24 11 8 2 10 7 25 17 20 28 15 
1 5 9 15 29 27 8 11 10 21 12 2 23 22 3 19 26 24 25 20 28 18 17 30 14 4 16 7 13 6 
