9647383708,7043574416
30,30,30
61 30 1 11 12 96 18 66 4 66 49 55 46 22 83 92 1 45 35 10 73 39 25 97 65 86 71 98 98 77 
98 26 57 42 35 62 35 84 5 30 37 41 36 44 68 54 67 49 88 69 45 70 84 15 80 92 92 33 56 4 
53 70 30 23 95 45 4 7 42 37 77 91 65 24 17 25 75 33 55 60 20 23 73 4 99 3 42 31 34 86 
67 58 67 52 85 20 77 83 57 81 92 56 81 8 80 39 97 69 72 38 90 63 4 11 37 96 35 91 41 89 
36 58 55 11 33 29 80 66 32 65 13 22 42 69 40 99 5 63 40 79 29 80 45 86 94 34 83 96 63 48 
89 82 9 83 37 3 25 22 81 96 1 7 56 49 64 3 1 35 76 77 91 48 74 22 22 56 76 98 26 82 
47 48 25 9 13 67 58 18 31 6 57 87 40 64 61 27 78 9 95 2 70 86 17 90 21 39 19 18 26 55 
63 6 5 49 80 13 45 50 88 14 16 47 4 44 53 3 86 95 1 60 96 51 50 47 88 83 7 19 7 60 
16 28 11 33 12 69 1 54 68 60 1 50 33 70 92 73 58 66 69 73 15 85 22 93 42 98 6 25 27 93 
56 27 18 24 13 43 35 51 66 38 32 58 75 54 93 92 54 92 46 82 11 85 86 8 67 80 62 93 62 66 
56 51 89 64 25 27 49 17 63 61 29 36 4 84 97 15 87 50 4 42 40 58 61 23 74 51 88 34 20 2 
90 45 69 24 71 91 75 74 48 20 69 6 2 47 70 2 86 84 77 8 49 38 42 38 77 39 12 69 14 42 
23 86 45 29 23 37 3 64 78 52 73 11 1 59 9 19 66 10 64 30 15 48 19 79 44 24 23 44 84 43 
77 63 12 85 9 15 84 50 14 29 15 36 4 6 6 52 83 16 66 9 73 34 4 40 91 74 1 40 88 90 
40 62 65 85 75 31 74 83 3 48 66 2 75 66 62 73 68 8 26 27 63 13 8 75 8 41 95 30 6 55 
74 81 28 50 96 84 85 27 63 63 48 57 14 77 82 48 39 60 97 57 39 54 12 66 67 75 91 16 48 57 
94 97 72 71 38 12 53 44 34 59 5 82 38 67 67 49 61 8 18 45 29 37 77 52 1 28 22 87 33 95 
44 91 59 59 99 15 42 19 19 2 57 56 92 72 58 81 39 35 23 97 19 70 89 90 22 24 93 16 63 75 
91 47 71 48 86 4 49 45 85 8 97 33 86 68 25 59 1 65 10 66 53 41 17 9 99 27 49 87 67 86 
11 15 18 35 25 68 93 73 64 94 4 19 82 44 51 68 75 83 44 68 57 15 85 3 78 47 69 20 4 45 
99 12 10 24 64 72 38 48 19 97 7 93 12 11 65 15 82 65 96 18 21 50 95 91 62 47 19 5 84 97 
42 54 74 30 82 36 85 46 29 12 83 43 67 52 14 38 64 4 52 68 94 38 83 95 30 81 80 66 71 44 
48 3 57 90 82 69 43 68 56 57 54 19 87 59 68 43 82 2 75 62 39 27 12 3 94 61 83 60 50 46 
22 95 56 32 56 68 57 75 33 34 56 59 70 41 88 80 56 27 60 66 74 75 86 97 72 52 47 37 57 92 
18 4 84 52 75 14 37 69 26 32 55 85 87 80 13 59 11 33 73 77 83 26 50 19 56 16 98 99 45 22 
46 96 22 2 66 75 34 94 85 31 97 68 31 2 30 95 32 75 89 37 29 87 1 60 26 98 24 55 7 96 
12 78 9 83 76 15 97 75 23 67 87 81 18 15 73 44 90 60 13 13 3 8 44 88 83 26 75 82 66 74 
98 87 19 76 55 17 97 80 6 21 18 94 69 90 66 51 96 32 97 8 57 1 71 3 70 23 78 86 15 66 
67 67 36 42 14 89 59 44 63 24 78 65 93 80 92 8 79 92 76 1 97 51 26 46 31 2 17 46 65 15 
30 36 58 61 36 53 12 30 14 1 28 89 84 97 6 21 16 30 15 73 26 77 20 83 80 75 72 4 6 51 
MACHINES
30 11 3 14 4 28 7 18 21 15 8 22 1 6 29 20 25 9 24 12 19 2 5 27 10 26 13 23 16 17 
4 11 8 10 7 20 28 24 13 5 14 21 1 26 23 30 9 25 15 29 3 2 17 22 12 19 6 18 16 27 
12 3 20 27 7 26 29 4 10 24 6 19 28 13 1 5 18 9 23 22 8 2 14 11 21 25 30 16 17 15 
30 23 6 24 22 12 11 7 20 4 13 5 21 10 3 25 29 14 8 15 1 2 16 17 26 27 9 28 18 19 
13 8 1 22 6 26 28 16 4 20 3 24 21 2 29 12 17 14 30 19 18 7 15 11 9 25 23 10 5 27 
6 26 29 22 23 5 27 28 4 2 15 8 11 1 24 16 18 14 12 13 9 19 30 20 7 21 10 3 25 17 
8 29 22 23 18 15 1 24 16 2 4 10 19 25 30 14 13 7 12 6 11 28 21 20 17 27 26 3 9 5 
9 6 5 15 22 1 10 19 4 23 2 28 7 13 17 24 30 14 27 3 25 26 8 21 20 29 11 12 18 16 
23 10 25 5 17 14 21 3 2 8 13 9 29 16 26 28 7 11 12 18 22 15 30 4 1 27 19 6 24 20 
11 23 6 4 3 27 19 2 18 5 20 13 14 16 8 1 7 15 25 21 28 9 29 22 17 30 26 10 12 24 
25 4 22 13 5 23 18 8 30 27 10 9 16 12 19 14 6 1 28 15 24 17 29 20 11 3 21 7 26 2 
6 18 8 22 29 5 11 25 4 7 10 2 23 30 16 21 1 12 9 20 19 14 13 15 27 24 26 3 17 28 
4 25 20 8 2 24 6 29 3 11 7 28 17 19 5 10 30 9 16 23 12 15 27 1 18 21 26 14 13 22 
27 3 12 23 18 25 20 6 4 8 21 22 13 9 7 5 26 1 10 30 16 14 11 29 17 28 15 19 24 2 
28 1 24 11 23 3 18 5 4 20 27 14 30 15 7 19 17 22 21 25 2 12 13 6 10 16 9 8 29 26 
16 29 4 6 22 30 20 7 2 18 17 13 1 3 28 21 14 10 25 11 26 27 5 15 8 24 19 12 9 23 
13 28 16 19 1 3 17 15 23 24 11 9 29 12 5 26 6 7 18 20 27 2 25 14 22 21 30 4 8 10 
18 17 24 19 15 3 20 30 13 6 4 11 27 26 7 2 14 8 23 12 25 10 1 28 21 5 22 29 9 16 
10 19 18 26 22 29 24 6 14 21 11 5 9 28 3 13 16 23 7 1 12 20 15 30 2 8 25 27 17 4 
12 14 19 24 7 6 2 13 26 3 20 30 1 10 16 23 11 21 25 5 8 29 15 28 18 17 22 4 9 27 
20 18 27 1 16 22 2 14 4 7 8 9 5 25 10 19 13 12 28 6 11 24 30 26 23 17 29 3 21 15 
13 30 15 4 24 11 28 17 21 6 19 12 27 8 3 20 5 26 10 16 22 14 18 7 25 23 9 29 1 2 
1 17 3 14 24 8 29 15 23 16 2 12 4 13 6 20 25 11 21 28 7 19 18 30 9 27 5 10 26 22 
2 25 29 10 9 5 30 23 7 18 16 15 24 8 4 1 13 28 27 12 20 21 17 26 22 11 19 14 3 6 
2 26 25 11 29 16 28 13 8 15 17 22 14 12 30 18 9 7 1 10 27 4 3 5 21 23 24 6 19 20 
7 23 26 14 6 1 13 22 28 11 4 21 15 27 16 29 2 17 19 8 24 18 3 20 25 12 9 5 30 10 
9 19 15 13 4 5 20 22 28 24 6 14 2 11 12 26 29 30 18 16 8 21 25 27 3 10 23 1 7 17 
23 5 13 19 10 7 1 21 30 3 28 12 26 15 29 6 2 18 20 24 22 8 25 16 17 14 9 27 11 4 
28 12 5 14 25 19 1 15 26 20 30 29 13 22 8 10 18 4 27 7 2 9 21 17 23 6 11 24 3 16 
6 26 19 1 21 3 10 4 5 7 13 14 11 16 29 30 15 12 28 2 18 22 23 20 24 9 17 27 25 8 
