6092199848,9183480967
30,30,30
32 85 94 4 61 20 60 53 95 86 43 83 26 2 89 71 69 55 16 5 42 62 68 34 89 92 90 23 92 32 
66 54 5 24 25 38 19 97 64 12 3 57 13 95 89 63 78 64 29 58 93 25 13 62 57 88 1 47 49 31 
21 30 53 1 95 68 55 22 71 55 6 97 25 75 31 64 31 18 87 81 4 74 63 13 13 12 60 96 4 89 
69 65 44 40 49 70 22 93 74 93 12 74 11 94 77 1 75 23 96 66 71 38 97 70 30 98 49 26 37 1 
84 82 29 28 9 9 92 46 65 11 72 95 25 3 36 89 27 89 98 84 70 40 76 26 82 85 81 43 64 84 
3 67 57 36 93 22 6 10 13 77 21 55 72 19 17 36 17 36 48 51 82 75 30 22 76 66 82 33 52 82 
47 68 45 71 41 99 97 79 66 44 67 63 41 80 60 69 28 22 94 74 18 67 94 56 21 74 75 33 45 98 
29 45 87 26 1 46 67 38 32 16 32 50 20 21 12 76 49 30 53 58 85 53 95 60 13 20 54 86 27 49 
82 48 91 46 44 24 21 65 54 71 31 24 86 66 69 4 26 18 71 1 62 15 85 22 30 74 58 65 82 93 
35 37 13 30 32 68 44 62 7 15 16 44 12 51 47 62 37 95 18 29 89 56 37 48 17 63 10 96 45 49 
93 71 72 43 92 39 20 57 89 68 72 78 59 40 10 89 21 21 59 74 3 41 36 30 55 55 67 29 13 93 
48 42 58 10 34 53 51 90 79 69 68 98 78 95 73 19 90 62 11 15 77 30 91 20 33 45 21 5 19 19 
93 97 98 54 77 9 30 78 6 13 79 50 77 28 15 54 83 64 93 75 17 76 88 40 27 84 35 53 3 64 
16 5 87 26 33 37 74 19 82 78 12 57 68 48 76 44 49 76 71 26 66 35 58 66 37 5 80 52 62 86 
68 44 8 18 37 39 83 27 66 29 12 59 10 51 66 33 2 79 60 31 79 90 79 95 64 91 81 51 21 54 
32 77 75 1 14 26 37 86 88 97 65 20 86 52 3 33 47 3 97 85 92 69 15 81 64 23 94 59 11 20 
69 36 27 70 39 23 96 93 45 55 50 40 26 61 39 55 31 53 45 51 87 75 54 61 44 41 5 46 6 57 
84 9 73 18 92 80 99 50 69 46 93 77 98 1 69 58 20 66 82 87 38 2 86 31 66 95 31 12 29 27 
63 85 24 75 4 43 82 38 35 11 87 96 18 28 58 20 29 45 89 10 11 50 95 77 72 64 20 24 66 81 
56 2 86 8 65 4 47 64 92 16 62 11 4 42 57 24 4 27 80 68 40 41 74 70 22 88 48 97 87 48 
4 47 78 96 6 41 23 12 31 3 27 5 19 14 81 16 96 47 89 2 33 90 28 66 86 31 21 45 50 24 
42 34 72 66 48 10 97 88 86 74 54 99 54 19 69 3 63 4 73 62 69 49 38 42 53 5 91 53 66 84 
14 37 62 92 47 34 15 33 75 72 89 91 9 73 49 10 32 21 76 84 43 83 85 34 63 26 43 43 18 92 
65 54 19 33 66 5 30 24 60 83 63 34 47 12 66 21 66 43 75 94 96 76 42 72 73 45 27 83 46 51 
74 39 47 71 42 44 76 19 51 99 13 25 99 95 21 18 28 33 28 3 97 75 89 71 64 16 38 14 93 3 
13 50 70 15 14 9 89 87 57 22 19 38 29 71 36 81 53 64 20 59 87 89 10 28 34 65 7 2 17 67 
21 31 91 73 34 51 97 27 93 97 87 58 38 65 94 53 98 8 72 69 65 54 53 80 78 75 1 58 72 28 
20 99 26 21 33 32 82 13 48 42 36 86 35 35 39 47 56 87 92 14 10 67 71 81 45 3 4 29 72 91 
32 83 93 38 7 54 3 86 31 33 11 96 91 81 77 51 15 1 97 44 57 2 97 11 84 23 33 73 36 84 
54 66 50 30 95 99 58 69 54 1 43 19 47 40 56 22 69 52 33 58 34 17 31 26 58 53 41 88 39 15 
MACHINES
25 29 3 30 1 22 5 2 17 6 14 4 18 10 8 20 26 15 21 11 16 13 23 19 24 7 28 12 27 9 
5 17 6 9 15 19 4 20 8 1 2 18 26 7 16 10 25 21 3 12 23 14 28 22 13 11 30 29 27 24 
19 21 14 2 27 10 17 7 20 26 6 11 23 16 9 18 12 30 13 5 28 1 25 22 24 29 15 3 8 4 
29 26 23 25 21 28 24 4 9 6 16 11 30 27 15 2 18 3 13 8 14 17 19 10 1 5 20 12 22 7 
5 1 16 23 24 25 6 17 13 15 9 22 14 29 20 11 19 12 2 10 8 21 4 26 30 3 27 18 7 28 
5 15 2 19 25 10 27 12 30 4 16 11 22 8 26 13 29 21 7 17 1 9 18 14 28 24 3 23 6 20 
9 12 8 30 29 10 18 13 15 21 17 25 5 14 26 27 1 16 19 3 22 28 6 2 11 20 24 4 23 7 
17 26 19 13 23 7 4 28 12 24 2 20 29 11 21 16 25 22 27 18 8 15 30 3 14 1 6 9 10 5 
27 3 18 26 12 30 28 11 17 4 25 9 14 10 29 15 19 22 20 16 2 21 8 6 23 1 13 7 5 24 
15 14 17 13 16 27 6 8 11 24 23 1 3 5 19 7 28 12 29 26 30 21 4 25 20 2 18 9 22 10 
4 13 2 27 10 12 15 30 17 11 14 9 25 21 6 7 20 16 28 29 22 26 8 5 19 3 18 23 1 24 
8 1 23 9 18 24 20 25 6 5 3 15 28 10 14 17 27 2 30 16 11 12 13 29 26 19 22 21 4 7 
15 29 13 1 22 11 28 9 6 5 20 27 8 7 17 30 23 14 10 4 26 21 12 24 25 2 16 3 19 18 
12 19 27 6 3 25 13 14 15 17 2 5 26 21 4 20 18 28 7 23 24 1 11 29 8 16 10 9 22 30 
30 19 8 12 26 9 25 10 18 28 6 29 20 22 7 11 2 17 13 4 5 14 16 1 27 23 3 21 15 24 
13 3 12 22 15 25 16 10 30 8 23 9 26 4 21 29 18 11 7 17 1 27 2 28 20 6 24 14 5 19 
18 16 19 12 14 30 7 20 23 29 26 25 1 8 3 11 21 28 27 22 2 24 15 17 4 5 6 10 13 9 
17 19 18 24 3 13 21 7 15 26 10 5 9 27 14 8 1 2 6 23 22 29 11 20 25 16 28 30 4 12 
19 14 29 18 4 20 26 1 23 6 17 10 15 7 21 5 3 22 25 9 12 11 8 24 30 28 2 16 13 27 
10 20 16 5 13 17 14 18 19 30 11 3 9 12 26 6 29 1 25 22 24 4 28 23 27 21 8 7 2 15 
16 2 28 19 22 6 21 20 25 4 13 24 23 11 10 12 8 1 18 14 17 3 9 15 27 5 7 26 30 29 
26 11 30 10 19 14 20 3 17 13 2 1 25 9 18 24 15 4 12 29 5 7 22 21 8 6 16 27 23 28 
5 9 11 12 25 19 8 29 20 7 17 27 3 22 1 26 23 16 13 21 18 2 15 24 28 30 10 4 14 6 
6 10 9 21 20 27 26 25 22 5 24 13 11 29 28 15 14 3 19 4 7 18 1 8 12 23 2 16 17 30 
14 23 11 15 5 16 7 21 20 12 6 4 9 28 13 19 18 2 30 17 22 26 3 24 29 1 27 25 10 8 
24 26 6 19 16 3 4 10 11 14 8 9 27 13 29 28 21 23 1 20 18 15 30 5 7 25 12 22 2 17 
8 5 13 23 1 25 6 15 29 26 2 10 17 3 18 27 9 24 16 20 14 22 4 11 7 21 28 12 30 19 
14 11 28 9 15 24 1 21 5 26 29 25 23 30 3 19 2 22 12 10 17 7 27 4 8 13 16 6 18 20 
9 30 18 24 27 23 10 26 14 13 28 6 8 1 5 22 21 15 16 11 17 20 4 3 29 25 2 12 19 7 
25 30 23 6 16 29 22 26 7 20 11 28 14 4 9 17 8 3 10 19 24 13 27 5 21 1 18 2 15 12 
