5238870399,2164106450
30,30,30
10 74 42 79 83 42 39 45 33 87 48 3 25 38 23 96 99 43 83 35 11 50 70 56 53 27 26 9 36 12 
83 86 41 26 16 88 29 50 23 75 73 84 48 63 91 12 49 31 6 82 69 2 57 25 97 39 61 61 16 88 
14 69 60 73 46 12 71 4 42 35 40 25 18 32 56 45 40 20 56 45 90 94 67 84 3 22 7 74 43 86 
52 45 32 64 63 81 47 58 96 86 14 24 67 29 89 31 33 5 42 82 70 32 6 68 67 60 6 52 99 68 
44 68 77 30 29 26 5 5 6 16 4 9 8 88 81 89 73 5 56 61 18 70 70 23 91 22 13 48 59 12 
7 19 26 57 44 22 26 65 95 21 72 1 75 28 5 94 48 64 9 76 12 40 10 58 64 70 70 41 84 29 
1 61 51 2 99 49 5 44 48 46 85 84 83 47 14 23 71 76 37 20 98 78 18 90 99 25 23 12 81 91 
9 27 94 93 87 55 26 1 25 27 71 22 54 90 69 81 57 16 25 67 3 18 55 5 71 92 68 55 69 77 
31 40 70 66 50 95 32 1 30 70 28 44 22 26 17 4 18 78 79 88 66 3 14 19 17 61 62 38 67 9 
59 89 36 62 58 46 51 84 33 70 9 41 86 97 66 37 55 14 62 52 28 33 14 90 37 11 93 95 31 3 
11 16 73 55 2 30 64 90 4 4 88 58 18 87 43 50 18 93 78 28 73 52 5 73 76 73 95 31 41 97 
17 45 21 53 18 94 32 89 55 7 61 13 7 30 48 7 10 34 3 55 74 14 23 49 56 99 70 55 42 63 
67 36 37 36 13 81 71 68 47 29 67 3 47 99 48 76 16 92 49 79 27 50 64 92 61 13 11 63 26 62 
90 37 5 67 43 68 50 38 47 29 29 7 67 8 50 55 65 45 31 16 2 81 60 85 73 45 54 79 91 3 
95 4 14 17 27 1 95 89 45 56 72 5 11 51 47 90 25 36 99 80 63 35 32 85 36 95 9 48 27 53 
72 42 48 74 59 45 66 89 70 65 91 48 57 43 38 97 45 83 53 92 26 95 18 43 72 30 95 62 22 89 
71 19 62 45 6 97 54 80 22 45 97 1 7 97 57 76 2 15 2 61 67 92 98 74 15 75 99 75 11 72 
68 28 46 28 29 22 54 99 78 29 77 49 56 36 53 8 50 78 33 51 13 96 70 25 25 93 32 76 23 87 
7 84 78 85 87 22 64 50 78 1 98 64 51 90 91 78 93 72 94 67 44 85 79 85 39 34 1 13 94 35 
49 63 90 43 79 94 95 78 31 39 34 50 90 91 73 25 82 58 72 19 6 54 93 32 73 80 79 28 23 44 
79 79 88 65 57 6 91 27 12 51 48 58 25 75 8 72 49 47 88 97 10 16 14 30 46 40 24 12 52 64 
44 72 96 90 65 67 33 9 65 53 85 80 95 87 17 6 75 97 12 7 21 31 76 47 29 71 92 54 26 89 
60 74 6 50 38 16 34 75 24 67 58 66 5 96 82 44 92 24 78 90 39 81 90 11 17 38 10 98 83 57 
40 15 80 81 39 25 73 95 95 16 92 89 98 9 90 65 58 86 63 57 42 12 71 29 70 64 18 84 46 52 
51 48 27 92 42 2 62 56 88 43 86 99 79 11 94 66 82 2 8 67 57 76 56 2 38 69 33 33 32 79 
91 76 56 82 62 89 24 50 94 37 37 1 76 32 84 11 29 96 31 91 69 71 25 90 47 65 37 80 88 76 
13 60 86 44 73 79 39 13 46 81 15 36 59 78 56 41 55 29 32 78 69 25 6 43 66 95 60 97 98 53 
11 21 51 30 36 84 34 36 89 85 27 19 25 36 71 79 84 22 68 40 7 38 60 39 44 63 22 10 20 95 
76 96 83 59 24 52 1 45 27 91 33 20 80 27 34 14 62 81 66 38 30 16 67 22 25 40 97 35 68 26 
66 75 20 87 94 88 61 38 51 49 51 84 20 99 19 26 99 80 3 93 63 99 4 28 94 42 77 56 35 43 
MACHINES
11 20 24 21 4 27 14 10 3 9 25 19 12 22 2 13 8 29 7 1 26 6 30 5 17 16 23 15 28 18 
14 10 20 27 15 11 3 5 17 24 1 30 8 4 25 13 16 26 23 29 7 9 2 22 6 28 18 19 21 12 
25 27 18 24 6 4 5 12 16 11 20 17 7 29 2 10 19 15 1 21 9 13 3 23 28 30 22 26 14 8 
25 16 17 11 29 15 26 18 20 19 28 12 3 21 1 30 10 23 6 14 4 27 13 7 24 5 8 22 2 9 
9 10 21 20 13 23 8 4 1 7 5 18 22 26 27 24 2 29 28 25 6 12 3 15 14 16 11 30 19 17 
25 18 7 23 16 21 11 1 13 17 15 5 4 14 27 6 9 20 3 10 22 26 19 30 29 8 2 28 24 12 
14 6 16 12 25 9 28 24 7 4 1 22 29 18 13 19 10 5 27 21 17 20 11 8 23 2 30 3 26 15 
2 27 1 13 11 3 6 29 7 15 24 4 20 10 25 12 28 17 23 21 8 19 30 18 9 5 14 16 22 26 
26 29 7 16 28 21 3 12 20 5 19 1 17 22 14 23 30 8 11 27 2 15 4 9 24 18 10 25 6 13 
11 29 3 28 24 13 6 22 23 18 4 9 26 8 20 30 7 2 1 21 17 5 15 10 19 25 12 27 16 14 
1 21 26 2 23 19 14 8 11 27 15 4 16 7 24 25 20 13 17 6 3 22 29 28 9 10 18 5 12 30 
17 10 16 22 9 20 19 15 2 28 23 25 4 27 21 18 30 8 24 12 13 29 11 1 14 26 7 5 3 6 
14 10 8 28 3 4 20 6 2 13 9 1 16 11 7 5 19 21 25 29 22 15 30 24 26 12 23 18 27 17 
18 13 30 5 12 6 7 23 9 25 24 3 10 11 22 29 27 16 19 20 28 15 21 26 14 2 4 8 17 1 
30 23 10 25 19 9 7 5 8 22 14 4 29 21 24 6 1 12 3 13 11 15 20 27 16 17 26 28 2 18 
22 12 28 10 25 1 11 2 20 26 5 23 21 19 13 3 6 27 29 17 8 18 7 14 30 4 9 16 15 24 
9 11 7 13 19 2 16 1 20 5 8 10 15 24 30 22 4 12 18 28 27 26 25 29 17 23 21 14 3 6 
18 25 20 12 3 6 16 17 27 21 14 5 23 30 8 2 1 9 19 29 10 26 4 11 13 15 7 24 28 22 
30 13 16 18 2 27 8 4 19 17 28 22 24 29 6 1 14 11 23 21 25 5 15 7 3 10 12 20 26 9 
10 3 27 20 9 23 4 6 7 14 22 29 12 16 25 17 2 13 18 21 19 1 15 5 11 30 26 8 28 24 
30 25 3 24 11 29 19 14 12 13 22 9 6 8 1 4 5 18 26 17 15 10 20 23 21 2 27 16 28 7 
20 5 10 27 30 13 19 9 14 1 4 2 12 29 8 3 23 11 26 24 21 7 25 16 18 15 28 22 17 6 
17 6 12 5 2 21 28 27 24 20 30 18 4 7 9 8 26 13 10 16 23 22 25 14 3 15 1 29 19 11 
28 15 30 6 14 17 13 1 10 3 11 20 12 4 8 25 7 29 18 2 19 21 16 9 22 24 5 26 27 23 
22 16 19 27 13 25 11 30 28 4 9 14 3 5 7 18 10 20 8 12 17 24 2 1 6 29 21 23 15 26 
2 12 29 20 24 11 14 15 9 13 28 1 27 7 25 8 30 17 16 26 19 22 4 10 21 6 5 23 3 18 
2 4 30 27 9 19 21 17 3 18 14 28 6 25 7 8 22 15 12 5 11 1 24 20 23 26 10 13 29 16 
19 9 25 27 26 10 6 11 24 7 4 28 14 8 23 5 13 15 17 20 2 16 29 18 3 22 12 30 21 1 
23 24 25 10 17 19 27 14 21 8 30 26 9 12 5 6 4 20 18 11 13 3 7 29 28 15 1 16 22 2 
3 15 10 24 22 25 6 18 1 27 4 14 28 19 30 20 29 9 12 8 11 26 16 5 2 17 7 21 13 23 
