8536808650,5305064619
30,30,30
40 94 70 37 36 40 99 55 42 88 60 98 28 36 55 34 53 30 19 32 3 64 44 41 61 70 15 58 56 76 
77 1 84 33 60 78 12 46 11 2 52 78 70 69 55 93 13 98 93 45 76 89 41 2 56 73 15 81 34 25 
62 38 40 46 9 12 81 41 61 59 6 14 28 68 30 39 24 97 19 38 57 54 61 12 23 39 50 16 2 9 
91 18 8 63 48 86 2 87 27 2 43 24 16 71 65 25 41 88 88 81 5 1 60 21 71 15 15 4 53 33 
65 54 90 3 45 98 24 15 60 44 14 44 53 92 17 86 11 99 34 71 45 87 91 62 23 78 77 27 79 50 
71 75 6 72 61 62 69 23 67 91 9 82 41 38 81 35 4 63 5 62 70 57 5 50 4 73 1 51 82 74 
60 6 44 53 13 4 58 93 50 46 44 7 12 92 95 11 73 26 57 40 31 50 72 16 86 84 71 17 3 33 
18 91 70 85 34 99 35 57 17 4 39 86 44 65 68 33 73 33 20 90 77 48 79 10 76 37 59 19 44 42 
43 59 74 56 88 4 61 93 76 58 82 49 77 81 97 9 36 34 8 21 74 49 33 82 75 71 41 4 69 52 
92 24 5 75 44 2 38 29 76 17 47 42 7 24 85 37 90 97 11 15 94 67 55 37 1 55 1 86 64 84 
90 2 51 26 33 19 40 18 2 15 33 41 68 49 4 43 65 35 59 1 6 38 92 94 1 55 22 92 42 34 
1 84 21 19 51 58 1 36 85 24 57 28 82 10 6 37 95 71 83 47 10 9 76 77 23 34 85 40 47 77 
85 55 57 75 44 72 39 62 20 41 34 63 51 48 17 41 6 85 11 12 89 74 80 57 93 67 5 45 1 18 
82 14 20 31 89 80 15 78 79 33 40 45 81 59 38 55 1 51 56 96 67 39 17 58 44 59 7 28 33 76 
26 84 39 7 82 83 24 13 56 99 68 55 69 10 4 58 61 70 83 42 83 88 88 92 56 22 30 82 25 77 
87 99 21 35 29 97 65 63 68 6 61 17 62 78 12 58 4 84 27 63 53 33 53 58 85 95 15 11 34 41 
83 4 20 91 11 38 97 16 91 55 67 67 44 27 59 63 3 26 79 69 4 85 16 29 33 66 9 89 3 96 
65 84 73 87 63 53 27 26 7 90 90 63 60 13 12 27 64 82 75 46 87 4 25 98 57 66 93 91 61 92 
35 72 27 92 74 75 1 62 96 45 92 72 94 28 32 20 3 83 76 96 46 21 68 68 54 2 28 99 66 60 
37 61 71 41 35 61 76 41 76 86 65 66 15 35 3 54 27 53 3 34 91 54 38 68 54 34 26 43 93 77 
35 44 17 21 78 26 11 99 6 8 86 2 51 93 26 75 54 33 4 80 52 43 76 12 76 96 49 14 43 56 
9 38 88 13 5 57 7 61 60 85 46 90 32 22 59 24 99 66 19 93 37 8 54 47 63 46 68 55 25 22 
37 69 50 94 28 61 30 73 97 27 78 79 66 69 34 80 32 18 47 57 13 27 8 2 83 60 1 5 19 34 
80 75 66 92 56 78 3 41 22 35 48 65 7 8 43 70 36 79 21 33 80 64 90 73 20 67 43 40 30 12 
55 62 66 13 27 66 22 83 78 57 56 16 54 16 55 66 10 52 78 95 53 76 72 5 20 26 29 58 47 56 
50 93 52 27 71 43 76 22 92 28 94 49 9 99 77 61 44 46 11 62 62 20 33 55 95 61 57 47 28 87 
31 57 20 18 71 10 92 65 47 36 95 45 52 87 91 18 94 32 38 41 8 99 63 5 86 57 46 63 14 22 
11 58 76 25 83 15 1 28 26 89 86 87 27 60 98 67 59 86 30 30 64 25 27 85 25 70 21 43 9 97 
12 18 57 10 48 78 92 28 96 26 42 60 26 60 56 60 88 9 18 26 83 97 45 70 5 73 36 86 30 13 
63 32 8 52 79 20 14 27 2 56 65 86 65 66 66 32 69 38 27 37 72 34 27 13 54 44 46 83 47 83 
MACHINES
7 20 17 18 25 27 22 11 14 13 19 12 1 3 10 21 23 26 29 24 16 4 15 6 9 28 30 2 5 8 
30 7 17 9 16 27 22 3 15 19 20 10 12 24 14 11 18 1 21 6 8 29 4 25 13 2 26 23 28 5 
28 30 7 24 13 12 16 27 5 14 29 9 21 17 8 11 6 23 25 20 19 3 26 18 22 1 15 4 2 10 
11 13 22 7 17 8 19 29 15 18 5 28 4 21 9 30 10 14 6 1 25 3 2 23 26 24 20 12 16 27 
1 4 13 25 26 3 12 18 7 15 9 24 30 8 6 27 29 28 17 10 5 20 14 21 16 22 19 11 2 23 
28 6 8 15 21 26 23 10 4 27 13 22 7 19 1 24 29 11 14 5 18 2 12 17 3 9 25 20 16 30 
29 9 3 19 7 23 5 14 13 25 26 22 21 4 20 1 28 18 11 17 15 6 8 24 27 10 2 30 12 16 
17 29 16 30 19 23 20 12 13 8 26 24 15 5 9 3 22 27 2 25 21 14 4 10 7 11 28 18 1 6 
26 2 18 17 3 30 20 29 14 24 27 4 1 21 5 11 16 9 19 23 13 28 10 8 22 7 25 6 15 12 
15 25 19 12 23 11 3 27 29 9 4 8 2 30 18 21 22 14 17 13 6 5 24 1 10 7 20 16 28 26 
17 10 27 5 3 7 4 2 29 23 13 20 16 21 9 1 22 28 18 12 11 19 30 15 25 14 26 8 24 6 
22 25 7 21 23 5 26 1 9 6 27 16 15 18 8 17 11 13 3 12 30 29 4 28 19 24 10 20 14 2 
26 2 23 19 1 30 12 4 13 28 5 10 18 11 8 27 7 17 29 22 14 21 20 16 6 24 15 3 25 9 
4 28 19 24 16 17 18 10 13 8 11 25 1 27 26 5 21 7 20 22 3 30 2 29 23 14 15 6 12 9 
22 15 2 28 16 25 19 21 1 3 27 4 18 9 13 7 30 6 26 17 20 5 12 8 24 11 29 10 14 23 
26 29 5 11 24 12 1 9 18 23 7 2 10 27 6 3 17 14 15 30 25 28 19 8 22 16 13 4 20 21 
16 29 11 8 21 18 7 20 4 1 12 14 26 3 22 17 5 28 24 23 27 2 6 30 13 19 25 15 10 9 
9 8 23 30 11 19 5 13 17 12 24 18 28 4 15 29 3 16 25 20 7 14 22 27 26 1 21 6 2 10 
16 25 11 19 27 8 4 17 7 18 10 6 21 24 13 26 3 22 15 9 1 28 14 29 23 30 20 2 12 5 
25 10 21 18 1 3 11 4 5 30 13 8 2 17 14 28 26 15 27 19 20 23 24 16 6 7 9 29 22 12 
28 11 29 17 18 19 1 5 9 16 7 15 25 24 26 30 6 13 21 4 27 8 12 22 14 2 10 20 3 23 
17 14 7 9 6 24 30 3 11 1 12 29 15 16 25 13 8 20 2 26 21 4 18 5 28 22 27 19 10 23 
2 27 9 23 22 1 14 20 26 8 17 24 5 25 18 21 6 30 12 10 29 3 16 13 4 28 19 15 7 11 
6 1 26 11 15 16 14 24 3 13 22 4 29 27 21 12 10 17 2 5 18 28 25 20 19 23 9 7 30 8 
18 15 5 11 25 8 9 28 3 10 27 21 12 7 4 6 16 2 22 29 14 30 13 19 20 17 23 24 1 26 
9 1 24 20 10 28 21 5 17 30 13 3 14 29 18 27 8 7 22 23 19 11 2 26 12 6 25 16 15 4 
30 12 11 29 27 6 14 16 1 20 5 7 9 18 25 2 26 23 4 13 28 19 10 21 8 3 24 17 15 22 
15 14 23 1 10 17 6 30 12 18 22 19 20 28 27 11 26 29 3 21 7 16 25 8 9 5 13 24 2 4 
18 30 28 1 15 19 3 22 21 17 13 20 11 7 27 23 25 14 16 26 29 2 4 9 8 6 24 12 5 10 
6 19 17 9 22 5 4 28 13 23 12 30 20 25 7 8 21 27 10 26 18 16 11 3 24 2 14 29 15 1 
