8652201832,2328432441
30,30,30
18 13 79 24 10 70 57 80 41 28 42 11 24 70 39 17 64 51 60 27 59 6 22 61 36 82 8 60 92 43 
43 7 68 51 30 37 89 20 72 87 42 34 99 79 37 86 49 95 60 54 66 73 2 22 73 11 71 48 49 3 
5 35 18 95 28 41 61 90 3 22 95 41 60 7 2 90 82 45 36 86 14 52 41 47 39 24 97 27 85 44 
2 91 80 41 87 5 46 35 61 72 39 52 25 96 47 60 60 99 21 38 35 74 51 3 70 39 53 4 71 74 
68 19 18 36 41 29 22 79 54 19 60 84 72 67 35 16 14 3 32 81 32 92 7 50 45 24 61 1 20 55 
54 64 36 32 48 95 33 12 29 10 27 19 50 94 85 23 53 48 19 94 56 66 18 38 41 66 75 26 40 96 
46 16 44 14 79 52 33 97 60 12 1 43 89 36 60 54 80 67 67 57 32 23 69 62 86 4 76 43 54 71 
46 71 72 68 4 41 50 98 18 45 11 87 98 68 53 2 63 66 81 94 71 71 15 19 49 15 24 16 30 18 
22 26 1 69 62 25 61 33 5 34 22 97 65 28 64 63 25 22 67 54 59 49 93 88 84 51 61 85 54 98 
67 20 17 89 5 39 53 7 52 20 29 59 5 83 63 5 47 67 18 38 8 74 80 14 26 95 68 23 40 13 
16 68 72 69 83 90 46 99 95 80 47 41 1 75 40 27 32 94 22 19 94 30 17 73 21 65 4 85 27 39 
81 12 42 38 74 31 27 16 37 60 8 37 75 70 80 96 74 75 50 32 57 53 61 2 62 90 44 61 75 23 
99 39 45 98 26 83 90 77 11 16 34 95 57 91 61 5 50 85 68 76 46 61 78 80 70 32 43 90 33 78 
57 18 80 20 67 30 60 76 81 90 67 99 27 79 67 62 38 26 30 34 78 45 22 77 35 51 69 43 22 59 
43 99 77 49 39 70 90 84 53 67 58 78 1 65 21 45 92 68 40 15 46 55 12 13 75 60 56 39 98 18 
25 44 92 71 28 88 29 70 48 80 98 36 73 1 21 11 90 61 11 52 28 4 70 81 16 86 87 69 4 39 
73 59 35 24 11 80 60 79 22 6 24 25 7 86 89 79 48 73 10 37 34 84 20 78 13 60 64 87 68 51 
37 19 90 8 95 23 97 91 24 33 8 57 27 81 33 1 20 7 63 55 21 38 59 40 7 19 15 22 45 14 
44 62 12 78 39 76 71 33 84 1 8 6 93 95 34 48 30 51 22 22 57 40 69 30 83 83 36 62 95 61 
75 56 74 34 3 67 41 87 66 99 70 45 84 15 88 6 52 73 1 90 63 29 69 69 76 54 57 18 81 47 
95 45 38 64 76 64 89 75 63 9 73 52 44 34 49 73 64 45 62 26 96 26 67 54 73 22 74 48 87 17 
25 24 58 92 4 54 32 7 92 49 98 56 12 49 33 13 23 36 6 87 60 9 60 9 94 28 17 71 92 9 
25 82 22 73 50 16 68 76 94 52 96 3 73 71 57 67 69 82 31 6 96 6 54 10 95 87 14 61 98 70 
31 55 93 26 5 25 18 73 1 94 26 53 8 54 90 17 92 40 49 34 62 24 66 60 41 50 90 19 30 58 
76 60 51 58 25 4 14 43 6 98 79 65 45 91 26 47 34 7 73 31 31 54 46 82 7 51 79 39 79 66 
59 70 91 75 86 9 27 28 92 12 74 68 8 24 65 27 55 69 92 73 46 57 76 33 8 56 3 58 46 64 
37 62 22 91 87 94 54 84 37 25 67 59 55 20 60 76 65 4 64 44 90 12 35 95 65 17 51 7 56 61 
42 22 56 61 69 48 5 10 78 61 21 88 1 84 12 75 40 26 28 64 71 30 25 69 16 65 74 79 76 51 
96 63 6 9 69 65 29 58 24 28 65 92 8 35 96 76 4 91 12 42 19 5 11 64 35 73 94 40 70 54 
18 50 21 26 56 47 69 20 16 54 92 52 17 52 83 8 34 82 88 60 12 96 80 43 29 54 57 83 64 10 
MACHINES
10 17 30 22 19 8 21 3 1 4 5 6 12 14 25 18 23 28 29 13 7 9 15 2 26 11 16 24 27 20 
9 11 19 16 13 22 8 14 24 5 6 3 2 1 4 25 18 26 12 15 7 20 28 17 10 23 29 21 30 27 
26 7 21 30 8 25 4 14 1 23 27 28 5 24 18 10 22 9 16 13 29 6 19 17 20 3 12 2 11 15 
12 7 5 27 22 11 28 15 8 2 25 30 4 6 20 24 19 9 26 3 17 18 29 16 21 14 10 23 1 13 
15 7 27 23 19 25 30 22 24 26 2 17 28 29 5 18 13 9 3 14 20 10 6 1 16 12 8 11 21 4 
5 20 29 11 13 8 28 22 21 1 15 18 2 17 10 27 23 9 25 3 14 24 30 4 16 7 6 26 19 12 
7 30 2 9 28 22 25 26 17 19 18 29 20 10 1 12 14 11 6 24 27 5 4 23 15 16 3 21 13 8 
22 16 18 27 11 4 30 25 26 17 9 28 5 6 13 2 20 7 10 24 8 19 3 23 29 15 21 14 12 1 
2 28 17 9 5 19 18 22 29 8 24 4 25 6 27 11 12 14 13 1 15 16 26 20 10 23 3 30 21 7 
12 18 1 4 23 29 5 27 21 17 30 16 25 19 20 26 6 22 14 15 7 10 13 8 11 28 24 9 3 2 
2 13 7 18 4 12 11 9 27 16 15 20 29 10 22 19 5 17 6 23 26 21 24 14 25 30 3 8 1 28 
5 26 3 22 12 9 16 14 2 23 24 19 21 6 8 11 7 10 15 30 27 4 13 25 28 1 29 20 18 17 
28 22 12 8 30 27 24 2 5 14 29 11 13 16 25 17 9 3 1 19 23 26 10 20 15 4 6 7 21 18 
13 20 5 19 12 17 24 30 28 2 4 29 22 8 3 27 10 6 15 14 25 11 9 1 18 21 7 23 26 16 
3 2 12 29 15 4 14 28 24 6 30 26 1 8 23 27 16 7 21 20 9 25 10 5 22 19 18 11 17 13 
15 1 28 7 22 12 29 3 2 19 8 4 6 24 10 27 21 18 16 5 9 17 11 14 20 23 30 25 13 26 
17 1 29 3 24 6 15 16 25 23 22 7 21 11 19 14 28 30 12 10 18 5 13 27 2 8 4 26 9 20 
13 22 4 10 26 25 14 7 2 6 1 30 28 3 29 21 23 5 11 27 24 9 16 12 18 19 15 17 8 20 
17 30 26 23 22 9 3 13 10 8 19 18 14 6 28 4 20 7 29 15 24 1 12 25 16 21 2 11 5 27 
13 3 26 29 16 19 10 11 25 15 21 24 30 4 14 1 23 22 2 27 28 6 9 17 5 20 7 8 18 12 
14 18 1 2 28 7 23 19 3 5 22 21 10 29 15 8 9 13 30 6 20 12 4 26 17 27 24 16 11 25 
10 20 16 4 18 12 15 8 14 26 28 3 7 23 5 17 30 24 27 13 1 6 19 22 11 9 2 25 21 29 
4 1 2 28 29 15 26 27 5 11 21 3 18 9 20 8 7 12 30 10 14 22 19 17 24 23 13 25 6 16 
9 5 10 25 21 8 2 30 28 12 17 29 18 4 20 26 11 19 7 15 24 22 23 6 27 1 13 3 16 14 
19 21 10 5 27 13 9 1 11 18 8 6 3 17 26 15 2 24 30 22 25 16 4 14 7 29 23 12 20 28 
21 18 24 17 9 25 23 12 29 27 22 26 4 16 2 1 6 7 13 30 14 8 19 15 20 28 5 10 3 11 
23 14 21 22 17 28 15 8 24 25 13 4 5 16 10 6 7 3 29 26 1 12 20 27 2 19 30 9 11 18 
3 6 12 15 17 11 27 23 1 28 2 30 7 13 29 26 20 4 8 10 19 22 25 9 5 24 21 16 14 18 
1 7 3 30 6 5 20 19 27 22 8 15 24 23 11 25 4 29 10 17 18 28 14 16 12 2 13 26 9 21 
1 22 27 8 13 7 10 25 15 23 24 16 2 4 5 26 12 28 30 21 3 17 18 6 11 29 20 19 14 9 
