1818678454,3404406256
30,30,30
14 85 94 44 4 74 75 9 71 38 79 54 82 36 80 99 86 30 8 57 24 41 58 46 67 88 43 17 95 38 
29 61 54 41 81 87 31 48 24 18 61 22 37 61 79 63 81 25 92 59 99 47 53 94 12 76 38 68 24 59 
6 17 94 76 59 67 39 95 77 3 92 91 33 33 20 4 58 48 22 37 81 97 48 36 11 30 34 68 84 7 
1 14 36 95 37 70 24 44 48 97 79 61 32 88 65 29 86 19 71 76 94 8 45 2 51 64 28 11 29 28 
34 10 26 40 56 58 52 67 67 73 23 78 30 63 98 31 38 43 37 1 71 80 52 3 7 3 14 56 69 87 
73 82 55 19 4 86 29 93 65 20 47 92 91 96 2 81 14 22 63 16 25 30 44 17 68 28 63 71 12 45 
88 78 88 97 74 58 71 40 30 94 52 64 12 14 44 41 86 58 71 13 85 1 6 57 52 84 94 73 68 27 
60 44 77 31 31 52 46 66 26 3 53 30 89 85 59 49 63 99 32 50 47 84 14 25 63 34 29 16 85 21 
91 47 46 45 81 76 49 23 1 62 35 90 78 30 80 91 7 28 94 60 86 10 56 53 68 99 85 49 6 64 
46 22 6 91 33 67 45 53 25 74 4 32 22 28 63 22 73 51 62 36 26 89 29 88 18 23 87 16 29 59 
69 28 11 85 91 35 76 2 48 5 34 59 92 1 97 66 62 5 88 62 60 53 81 92 56 89 4 24 93 99 
15 52 86 37 7 29 97 97 89 47 59 43 86 38 95 24 29 84 39 97 3 38 73 68 20 78 87 98 74 11 
24 93 74 89 1 64 8 48 89 50 76 15 79 5 81 83 79 17 67 31 27 7 12 5 61 53 69 22 86 35 
57 68 70 79 73 73 70 33 2 46 27 24 21 17 9 62 54 51 32 27 37 60 16 8 72 79 12 95 71 42 
99 17 24 87 33 76 88 78 29 29 38 96 82 9 11 78 8 37 70 9 61 64 81 50 20 94 8 87 93 61 
88 41 53 71 30 13 22 18 44 86 73 80 10 34 33 71 55 17 69 31 90 72 80 86 54 48 27 49 90 82 
80 5 57 13 41 99 67 24 43 10 29 48 91 10 50 51 96 80 9 45 8 23 6 72 46 95 45 20 64 40 
36 37 8 66 46 74 83 76 55 26 79 95 6 45 59 42 93 99 80 20 76 60 55 51 35 61 73 63 54 89 
5 29 20 85 83 39 54 15 53 12 82 35 6 26 9 6 64 23 75 82 18 36 22 58 7 88 17 69 79 39 
39 36 65 67 65 76 53 64 25 60 40 27 26 89 19 77 9 19 3 65 28 24 28 53 35 88 43 21 78 23 
54 2 90 74 18 1 82 5 83 46 8 58 44 27 52 36 52 66 22 90 1 40 26 84 31 73 69 81 17 90 
58 77 70 48 47 17 84 94 56 62 7 63 43 73 44 10 95 15 7 95 93 5 63 72 37 39 21 57 81 30 
25 29 32 75 90 77 41 54 78 63 87 36 78 47 33 63 7 40 71 28 88 49 56 91 82 65 86 71 31 66 
69 81 9 52 70 95 6 8 11 67 53 71 63 56 51 51 24 33 81 98 19 45 54 62 1 50 87 28 83 66 
67 16 58 77 35 12 42 41 32 98 13 82 51 56 91 19 35 43 83 18 36 99 84 15 39 64 59 88 82 7 
49 27 9 99 56 84 59 58 3 26 41 79 71 92 38 57 27 64 95 56 49 47 9 37 87 72 58 94 60 21 
90 38 30 74 27 93 32 78 79 76 51 56 69 76 81 6 30 30 65 41 34 28 33 89 3 60 85 65 59 28 
32 41 44 70 86 32 49 19 52 71 69 7 80 19 79 68 61 44 57 77 82 50 22 8 39 62 84 57 94 4 
13 64 3 25 52 78 45 26 57 27 28 96 37 89 2 9 21 96 34 83 49 23 79 55 63 34 65 1 63 91 
64 74 91 78 14 55 81 91 4 77 99 99 23 28 60 78 22 33 22 31 89 93 3 21 63 83 21 64 51 95 
MACHINES
20 7 8 27 22 18 28 25 12 30 6 5 10 9 4 26 1 23 13 14 16 2 3 29 21 17 11 24 15 19 
20 15 24 2 27 29 21 12 8 28 7 11 9 18 19 4 25 10 5 17 16 6 26 23 1 30 3 22 13 14 
12 8 10 9 29 24 5 30 28 11 1 4 16 6 2 7 26 18 19 23 13 17 22 21 20 15 3 25 14 27 
30 7 20 11 15 27 23 26 16 5 2 18 8 29 19 24 17 14 12 22 1 13 28 6 25 10 21 4 3 9 
24 4 20 3 5 25 18 2 26 7 13 29 9 6 12 11 22 17 19 21 16 14 27 1 15 28 10 8 23 30 
15 23 16 17 14 20 10 26 12 22 27 9 18 7 1 13 28 19 2 21 8 25 29 3 24 6 5 4 11 30 
5 18 29 30 7 2 17 10 25 20 13 27 4 12 23 21 3 26 8 6 1 24 19 16 14 11 28 9 22 15 
28 19 22 7 1 30 15 8 11 2 20 27 6 14 17 4 18 25 29 9 10 24 13 12 26 3 16 5 21 23 
3 16 13 12 18 15 24 5 25 11 29 2 14 17 23 30 20 9 10 4 28 1 26 27 19 22 8 7 6 21 
15 4 17 25 9 27 20 2 11 22 24 28 14 26 19 5 6 30 8 10 16 7 29 3 13 21 12 18 1 23 
26 7 5 12 3 16 13 20 1 27 23 8 2 28 11 10 25 9 30 21 24 22 17 15 29 4 6 18 14 19 
5 28 29 18 13 12 15 23 27 7 4 22 3 20 9 26 2 17 25 1 30 24 8 16 14 6 10 11 19 21 
26 11 27 12 20 21 19 3 7 30 23 10 29 25 18 13 24 22 15 28 16 9 1 14 2 4 8 5 6 17 
21 28 10 12 22 3 23 30 4 2 13 11 7 8 6 9 27 17 18 16 24 29 14 5 19 15 1 20 26 25 
6 8 17 14 21 11 20 26 5 12 18 28 19 7 29 30 24 10 22 23 4 13 3 27 15 9 1 2 16 25 
6 21 18 14 25 24 20 7 23 26 30 29 19 12 10 3 1 11 4 15 8 17 27 22 13 5 28 2 16 9 
11 26 5 16 10 7 3 19 8 1 27 29 30 23 28 4 12 13 9 2 22 20 6 17 14 25 24 15 21 18 
21 27 12 14 30 22 16 19 4 17 8 6 10 2 15 1 23 13 11 7 18 5 20 9 28 26 24 25 3 29 
25 30 20 13 12 7 23 29 22 18 27 3 28 24 17 9 5 16 4 19 21 1 26 15 8 11 6 10 14 2 
8 20 10 23 2 27 14 1 11 12 28 5 15 29 25 17 6 21 13 19 3 30 24 4 7 18 9 16 22 26 
30 20 15 10 23 27 8 22 24 13 4 21 26 7 9 17 6 1 28 12 29 5 19 3 18 25 14 2 16 11 
14 29 11 27 10 7 16 15 3 5 24 20 21 17 26 9 30 1 6 4 2 19 22 8 28 23 13 18 12 25 
21 8 13 24 20 30 9 22 3 28 10 7 11 1 5 6 14 2 16 12 26 4 29 19 17 15 18 25 27 23 
19 29 5 25 21 18 14 11 12 30 23 13 15 1 28 2 7 16 22 8 24 10 3 17 4 26 6 20 9 27 
21 8 17 24 20 19 23 1 7 12 11 18 9 5 2 4 10 26 28 6 30 27 25 15 13 14 22 29 3 16 
26 14 8 24 20 4 5 12 18 13 30 28 11 25 1 27 10 15 23 2 17 7 29 3 22 16 21 6 9 19 
4 18 17 6 16 14 3 22 1 23 26 12 8 2 25 27 20 11 30 10 13 24 9 21 19 15 7 29 28 5 
29 21 2 19 6 25 4 11 30 12 1 9 23 13 27 20 10 5 18 28 3 16 7 24 14 15 22 17 8 26 
23 1 5 8 21 19 7 9 11 12 29 28 2 26 25 16 13 20 15 30 4 6 24 14 3 17 18 22 27 10 
18 15 30 25 3 17 29 20 12 14 11 4 10 2 1 16 28 6 9 8 22 5 26 23 13 19 21 7 24 27 
