7179013491,8573545802
30,30,30
73 34 8 14 76 75 85 43 57 16 52 24 77 8 70 88 37 8 95 87 70 98 84 40 91 3 9 7 56 40 
72 44 6 24 51 51 89 42 37 71 57 62 34 44 50 62 77 20 71 86 12 34 69 62 14 13 72 22 99 20 
7 25 49 40 57 82 62 1 53 19 57 54 67 50 33 76 90 31 72 51 42 69 64 40 56 64 98 99 70 15 
5 7 22 14 99 25 44 22 86 54 13 38 90 42 19 64 26 10 92 1 95 88 99 4 68 98 27 95 29 52 
84 61 19 37 22 59 87 16 66 49 85 73 88 71 39 42 17 18 9 47 28 20 95 75 19 14 12 41 28 59 
96 41 9 1 41 46 54 80 97 53 46 14 39 76 23 98 17 70 92 47 23 38 11 64 44 84 3 48 31 36 
59 32 28 63 26 30 12 73 17 37 55 44 51 81 11 95 45 85 39 2 26 51 65 41 58 66 53 35 49 79 
41 2 58 43 62 92 91 31 88 68 63 76 86 57 26 20 68 93 95 25 24 33 60 95 24 71 47 51 6 29 
64 85 68 13 69 8 96 6 67 75 97 26 31 50 81 41 9 29 97 58 81 72 89 80 95 90 43 20 93 17 
95 75 2 21 72 56 30 94 45 57 60 78 18 92 18 47 22 26 96 49 81 45 91 93 81 76 88 71 23 62 
55 70 48 81 6 56 3 54 13 20 63 21 49 53 11 96 84 74 56 17 27 52 72 36 28 55 23 57 96 73 
44 79 60 70 63 16 99 3 36 7 30 81 77 45 44 16 91 82 50 87 6 30 51 50 83 73 71 61 96 27 
29 33 37 63 13 16 34 10 28 29 66 60 14 96 50 54 23 89 95 16 32 25 86 77 17 36 4 28 48 21 
54 25 98 40 71 9 49 19 31 64 32 15 1 83 40 82 35 73 14 64 47 52 91 33 34 73 22 4 11 21 
91 29 52 97 88 45 43 90 52 84 34 53 8 89 75 96 39 32 22 3 64 55 96 68 77 74 68 26 29 28 
69 1 66 15 92 59 95 83 3 16 15 72 76 94 83 89 18 29 9 22 78 46 50 54 55 58 97 6 71 65 
53 37 54 54 58 45 47 78 82 31 7 61 77 40 52 87 72 77 43 2 65 38 32 5 66 12 5 27 14 1 
55 63 1 95 11 11 23 24 85 12 76 26 50 12 93 70 93 93 84 23 23 72 26 47 34 45 32 95 77 31 
22 20 32 95 70 60 38 85 94 40 14 38 20 53 38 93 34 95 85 49 3 71 14 42 18 70 98 59 39 74 
23 55 70 31 88 36 88 26 33 21 7 98 5 25 93 19 93 93 51 42 8 41 55 37 6 58 25 94 15 90 
70 29 46 60 62 72 93 12 9 29 11 37 79 87 70 40 74 66 6 65 41 23 91 18 4 61 23 58 97 42 
78 2 7 93 12 62 29 98 26 35 18 52 49 2 37 99 56 49 16 56 83 19 43 90 13 88 84 62 48 68 
68 51 40 9 11 31 96 12 81 97 57 72 23 69 22 50 42 19 6 30 2 63 18 57 32 65 78 45 21 4 
13 74 83 26 2 77 75 92 91 46 8 37 76 96 91 15 74 95 93 59 77 61 4 24 77 43 96 62 12 74 
24 73 20 74 53 84 14 50 46 96 70 10 44 93 47 91 57 22 60 92 29 93 94 44 23 35 21 90 73 68 
2 16 73 1 40 14 25 83 38 87 99 70 17 93 71 65 77 26 69 17 11 83 93 32 53 31 95 29 75 42 
33 78 29 91 96 2 52 33 57 20 73 1 71 19 19 91 41 93 82 23 63 85 10 66 73 72 24 35 78 38 
94 47 17 15 21 74 78 2 91 74 39 77 65 79 84 64 8 38 99 38 74 96 25 46 13 78 22 70 30 96 
37 63 29 47 39 6 83 25 82 20 72 60 66 27 31 68 41 66 94 93 85 8 92 5 94 33 1 12 40 60 
43 32 69 40 70 83 60 44 13 20 15 40 73 78 23 41 42 18 53 36 29 73 38 8 47 45 30 17 26 84 
MACHINES
19 21 28 23 29 2 18 30 3 9 13 6 7 5 11 15 27 26 24 8 20 1 12 25 10 16 22 14 17 4 
7 22 10 3 28 20 25 16 27 29 21 18 23 5 9 6 1 26 17 14 2 11 24 12 13 19 8 4 30 15 
17 27 10 22 30 24 28 1 25 7 21 14 19 13 8 18 11 2 3 5 16 12 15 9 23 6 29 26 20 4 
10 2 8 30 22 1 6 18 26 16 3 14 9 19 12 11 5 25 29 13 20 17 21 28 27 23 4 24 15 7 
12 11 23 16 1 15 18 2 28 25 29 21 27 24 30 4 20 19 14 6 26 5 3 22 8 13 9 17 7 10 
14 21 27 7 28 18 3 20 1 24 8 26 23 4 30 12 6 25 29 5 13 9 15 10 19 17 22 2 16 11 
10 2 26 5 6 23 12 20 17 29 19 4 30 24 22 3 8 15 21 18 7 1 27 11 9 14 28 25 13 16 
26 7 3 12 15 30 27 21 6 23 4 11 10 18 1 19 29 28 13 25 14 16 22 5 20 17 8 24 9 2 
19 23 6 29 5 21 17 11 25 30 8 20 13 10 18 22 15 12 4 26 14 24 28 9 16 7 27 2 3 1 
9 29 8 27 15 3 22 18 21 20 19 28 12 7 10 4 6 11 25 23 13 30 26 14 5 16 1 24 2 17 
30 18 12 11 14 9 5 17 28 20 10 8 19 4 25 6 15 21 29 1 23 7 13 2 22 26 16 27 24 3 
17 24 14 7 6 16 27 3 30 12 26 15 28 18 23 10 19 20 9 11 1 22 8 13 25 29 5 21 4 2 
21 4 3 26 11 16 1 18 2 9 12 29 23 22 5 25 8 28 30 19 20 6 13 15 10 24 27 14 17 7 
3 20 1 17 2 8 15 19 29 5 4 21 10 30 28 16 25 6 23 22 11 26 14 27 13 12 9 18 24 7 
30 13 1 16 3 14 7 8 5 29 27 24 18 11 15 25 2 19 10 20 26 6 28 9 23 17 12 4 22 21 
26 5 15 16 25 21 8 27 1 10 30 17 2 22 24 12 29 11 13 3 4 9 14 7 19 23 28 6 20 18 
16 12 10 25 15 6 4 3 28 8 23 11 1 21 22 18 5 24 20 26 13 19 9 30 29 27 7 14 2 17 
28 2 21 10 22 14 6 26 11 24 29 9 8 16 17 18 13 25 30 1 5 27 3 7 4 23 12 15 19 20 
13 21 19 26 4 22 18 7 8 16 25 29 10 1 11 30 9 24 20 17 27 12 3 23 28 2 15 6 5 14 
15 21 7 2 27 28 18 25 4 10 23 8 1 30 24 16 29 6 17 19 11 13 9 14 20 5 26 12 3 22 
21 2 27 18 1 29 17 14 3 30 20 19 24 13 23 25 5 12 22 6 10 15 9 28 8 26 4 7 11 16 
25 2 19 14 4 13 5 27 23 26 16 3 22 8 1 15 20 11 29 6 12 10 18 21 30 7 17 24 28 9 
4 25 15 9 14 7 28 27 21 19 18 12 3 23 22 20 26 6 5 8 10 11 2 16 1 13 30 17 24 29 
16 9 10 19 13 6 7 24 8 5 15 25 12 11 22 23 21 29 1 4 2 3 18 14 27 20 30 26 17 28 
24 28 23 20 6 19 14 4 17 22 12 2 15 26 30 25 10 11 3 18 29 1 21 7 9 16 8 27 5 13 
2 1 4 24 26 15 30 21 13 6 20 19 22 9 5 16 10 8 14 25 29 7 17 23 11 12 3 28 18 27 
9 15 4 29 16 13 30 26 14 25 12 10 3 5 2 11 8 17 27 1 23 21 6 18 28 7 19 20 24 22 
25 12 9 10 19 22 29 27 3 8 6 26 20 11 4 16 17 7 15 2 18 24 13 28 23 30 21 5 1 14 
11 20 7 26 15 18 10 21 30 16 9 28 13 23 25 29 17 19 2 27 22 6 14 1 4 12 3 24 8 5 
13 20 6 17 14 18 8 16 21 3 9 1 5 26 28 10 27 7 25 19 2 29 15 23 24 4 12 11 30 22 
