5605124524,5328487254
30,30,30
71 54 37 99 90 50 86 3 19 43 78 9 28 29 91 63 58 11 4 65 62 21 37 81 83 14 22 76 65 13 
32 49 51 31 91 26 38 19 6 36 17 51 50 44 32 83 59 14 94 51 17 66 19 59 5 12 23 37 84 39 
80 99 61 59 15 70 46 88 71 27 58 46 15 9 14 43 24 84 79 35 5 97 98 35 88 8 58 62 12 71 
43 62 11 21 17 17 50 43 44 47 34 97 70 43 56 23 87 90 44 69 42 64 65 11 59 64 52 11 24 48 
10 50 46 91 99 23 35 36 45 11 66 4 75 59 15 91 90 68 30 74 4 10 92 59 61 84 51 87 59 48 
42 44 62 69 20 39 34 90 56 58 13 5 11 78 33 60 27 43 7 10 79 11 34 98 98 45 27 93 65 7 
7 83 24 94 82 38 56 50 99 19 94 85 51 13 13 54 27 88 32 28 76 53 45 7 60 67 69 58 17 37 
53 80 61 41 59 20 31 10 90 44 84 24 73 94 30 49 77 90 21 8 48 16 45 75 39 9 54 12 50 5 
66 94 1 14 84 37 32 59 38 23 28 98 77 81 12 22 65 29 18 76 46 38 44 3 57 4 90 77 17 30 
29 37 29 40 79 2 96 82 87 49 78 27 79 45 40 46 11 32 49 46 14 52 32 92 64 76 47 78 69 8 
16 49 13 76 37 11 41 12 67 62 2 88 95 19 53 83 57 54 4 49 1 66 76 48 10 71 25 45 18 91 
44 77 9 6 6 66 14 91 93 16 55 85 88 85 62 91 55 32 45 5 12 49 24 50 22 51 11 58 4 2 
41 27 6 51 69 83 89 71 60 42 35 95 76 92 24 7 15 88 34 25 21 60 33 52 50 77 20 47 5 10 
83 27 52 40 5 65 82 21 38 43 3 52 42 45 15 69 31 36 71 80 26 29 71 33 11 53 86 79 2 24 
36 96 61 58 20 2 38 48 47 26 34 65 98 14 79 63 83 40 16 54 80 43 3 71 31 46 23 10 94 67 
50 41 37 58 76 76 52 52 79 37 40 61 40 4 42 2 88 37 32 4 25 28 40 40 18 2 72 77 92 43 
91 88 83 81 60 27 82 79 93 39 91 79 24 4 24 10 13 92 22 71 3 45 50 95 64 78 81 16 63 35 
75 27 99 16 27 47 57 11 4 3 19 97 70 13 54 59 82 82 26 98 40 69 77 11 23 61 84 53 73 40 
51 79 75 41 64 38 28 8 4 28 63 30 64 95 83 81 11 37 4 48 79 7 76 81 46 82 36 34 63 57 
6 93 23 75 6 15 7 32 51 42 55 55 10 14 81 44 85 28 58 54 88 6 57 33 84 48 19 52 4 34 
40 27 5 12 36 93 49 83 66 74 53 57 87 63 43 4 13 47 8 66 50 1 79 73 6 83 84 64 72 16 
58 20 68 62 7 44 47 69 18 24 14 69 77 66 51 32 36 76 15 6 72 65 81 18 56 22 71 59 47 76 
25 29 99 37 74 7 76 19 96 59 54 15 11 55 14 69 4 77 56 84 91 31 64 63 36 98 35 91 32 77 
38 80 34 16 60 36 91 47 9 6 93 31 18 87 8 8 38 43 92 12 19 60 36 77 57 83 17 64 29 80 
17 40 46 13 12 66 3 30 48 7 47 5 19 55 65 31 67 48 14 62 44 1 38 95 36 56 70 40 94 74 
74 85 58 13 74 71 53 37 79 3 20 30 77 67 99 96 23 90 79 75 5 45 13 83 37 8 27 70 29 52 
15 1 27 98 48 40 50 53 73 4 24 47 30 76 27 23 4 36 60 60 97 14 2 40 14 35 51 80 51 94 
54 42 73 34 36 55 40 10 89 5 23 55 17 93 81 68 40 7 30 60 33 7 62 64 18 37 48 96 27 13 
45 20 30 75 87 79 22 29 86 75 95 89 68 23 27 87 56 88 70 54 40 97 57 67 37 49 39 30 47 92 
69 36 2 1 4 90 75 48 21 37 84 91 51 14 60 50 24 74 70 47 87 36 33 34 99 64 62 59 99 24 
MACHINES
24 6 28 14 5 7 8 30 18 19 21 16 4 23 25 12 2 22 17 3 29 26 10 20 27 11 9 1 15 13 
21 13 8 25 29 18 23 3 27 9 12 6 5 30 11 16 4 14 26 24 15 1 19 7 17 28 22 10 20 2 
17 9 29 16 1 13 15 6 18 12 2 22 30 10 3 23 28 14 4 25 21 24 27 26 20 5 11 7 19 8 
30 22 4 29 28 16 5 17 8 7 6 19 14 24 20 23 25 21 13 1 15 10 26 9 3 27 18 12 11 2 
13 4 27 10 23 20 25 18 26 22 30 3 16 15 5 9 28 11 12 17 8 19 1 14 24 7 21 2 29 6 
2 13 23 30 16 28 8 7 18 26 21 19 5 22 15 27 20 9 14 11 4 6 12 3 24 10 25 17 29 1 
8 27 13 19 18 24 2 4 20 11 30 29 17 28 21 26 6 23 14 10 7 12 15 25 22 5 3 1 9 16 
11 9 3 17 29 30 21 27 6 5 16 28 13 2 22 20 25 23 26 4 15 14 18 1 10 19 24 12 8 7 
18 6 21 5 24 13 28 19 11 25 15 14 17 7 26 10 29 16 23 2 30 20 1 8 27 9 12 22 3 4 
16 15 29 22 20 11 7 19 5 17 3 18 4 8 30 12 26 2 1 28 27 10 23 6 24 9 13 25 21 14 
28 25 23 27 10 12 26 3 8 7 2 4 21 30 18 24 1 14 5 11 19 20 16 29 9 22 15 6 13 17 
8 30 4 16 9 11 20 12 7 28 3 24 10 22 25 26 23 5 29 27 21 18 1 19 15 13 6 17 14 2 
16 25 29 9 3 8 11 5 17 18 22 2 7 21 4 24 26 1 19 13 12 20 6 28 14 10 15 27 23 30 
12 4 7 11 23 3 5 13 30 10 27 25 21 20 1 19 18 2 28 8 22 16 9 26 6 17 29 14 15 24 
28 1 17 27 23 12 3 13 22 19 9 15 14 30 2 26 16 20 5 8 29 25 18 6 11 10 7 21 24 4 
2 8 7 6 10 12 9 20 26 17 19 29 28 25 22 3 24 15 1 18 21 4 11 23 16 27 5 13 30 14 
17 9 6 30 25 12 28 15 22 18 7 1 24 23 8 29 16 14 3 20 26 21 2 13 27 11 5 4 10 19 
14 13 18 25 9 17 30 24 12 27 5 2 20 23 11 21 6 7 22 8 26 10 15 4 3 19 1 28 16 29 
15 10 28 22 4 14 16 18 2 12 19 20 27 5 21 25 24 7 26 17 13 6 3 1 23 8 30 9 11 29 
3 2 21 12 25 19 7 6 4 1 29 17 8 13 10 26 22 24 30 20 14 16 5 18 9 28 23 15 11 27 
12 1 22 8 25 28 24 6 16 13 5 26 11 3 14 21 17 10 15 23 4 7 27 18 20 30 19 29 9 2 
30 26 15 22 2 7 9 8 4 5 1 12 13 29 3 20 25 21 10 11 16 6 17 28 18 23 19 24 27 14 
10 24 15 25 8 12 17 7 22 30 18 1 5 26 13 29 3 21 16 20 2 4 23 19 14 11 6 9 27 28 
30 8 14 15 6 21 9 3 5 27 26 24 20 2 18 13 4 19 23 12 17 22 10 25 16 29 11 7 28 1 
2 9 30 16 15 21 24 25 26 1 22 14 10 20 11 7 27 3 5 29 18 12 23 8 17 28 6 19 4 13 
18 12 17 20 8 6 23 5 1 30 4 21 27 25 9 22 15 29 10 11 28 3 13 26 14 24 16 7 2 19 
22 20 16 28 7 19 23 2 12 4 5 29 30 11 8 13 24 17 18 25 1 6 14 3 27 15 9 26 10 21 
26 6 3 18 23 20 12 2 15 29 4 22 28 13 17 30 11 8 25 9 14 10 16 5 24 1 27 19 7 21 
18 26 20 7 19 28 30 14 8 23 1 16 12 22 9 4 3 13 21 25 17 27 24 6 11 10 5 15 2 29 
28 3 26 27 29 16 15 1 13 20 7 6 12 18 14 9 8 25 5 23 24 17 11 4 30 2 19 10 22 21 
