7298441830,7767919931
30,30,30
61 20 25 13 8 55 93 61 95 74 32 8 4 42 41 27 25 11 36 6 90 41 94 92 73 63 86 50 37 2 
76 84 44 5 12 20 61 84 46 89 19 49 53 70 25 86 85 16 21 8 8 6 46 96 27 76 28 50 19 7 
60 73 59 30 71 73 19 54 16 24 22 95 97 86 87 51 2 31 96 68 87 77 98 73 80 28 40 91 42 57 
99 8 29 70 21 4 74 35 83 56 82 83 96 62 76 75 54 43 15 92 59 23 21 78 10 74 75 50 4 7 
62 89 5 27 4 83 15 10 56 78 10 91 57 79 66 99 59 88 36 32 33 23 63 45 89 55 22 75 42 30 
15 52 20 29 81 22 21 3 44 74 6 81 32 84 1 1 31 99 45 81 31 98 20 90 89 54 10 95 61 2 
8 51 75 39 52 34 7 25 57 25 64 82 6 4 17 87 59 58 25 41 3 49 58 13 54 53 57 36 13 42 
12 19 37 83 67 66 7 47 77 22 8 2 56 90 79 58 22 81 4 74 80 35 4 68 59 19 65 89 11 48 
10 43 8 1 34 80 33 41 17 61 36 17 72 64 37 90 74 31 98 36 17 11 86 86 45 95 68 77 37 45 
85 4 48 19 89 53 5 37 86 57 34 71 7 89 3 35 90 63 45 49 31 43 34 55 46 65 57 60 17 98 
75 70 12 57 8 83 55 6 66 95 58 17 8 9 83 73 52 35 28 90 1 24 93 33 18 84 73 65 88 91 
43 87 27 52 93 77 68 67 42 91 99 9 25 87 56 20 56 28 83 23 1 23 17 57 15 63 14 36 37 81 
59 32 56 59 51 9 36 26 9 69 38 80 99 77 92 52 9 68 44 74 29 29 54 9 67 59 6 44 4 43 
8 98 39 70 98 23 26 47 80 29 80 57 87 62 6 93 64 59 35 50 16 81 54 70 94 84 88 10 15 14 
71 95 75 77 95 40 62 3 53 84 37 64 66 44 56 66 58 27 58 28 93 12 54 76 38 13 77 38 39 48 
3 30 59 45 81 41 5 67 98 41 44 22 39 16 24 27 49 57 98 97 65 28 62 42 10 18 98 92 39 21 
35 72 59 9 88 74 33 82 93 28 90 19 35 39 39 18 23 20 43 23 41 81 45 20 26 9 36 27 44 84 
98 84 58 53 41 64 64 94 60 45 53 1 98 7 68 21 49 3 37 82 37 94 43 4 74 6 73 85 68 33 
15 29 31 73 89 17 85 3 12 32 68 88 64 43 32 25 64 79 84 32 12 17 3 6 93 34 8 65 41 59 
43 6 14 30 84 73 34 78 55 84 60 16 43 98 24 85 24 99 84 46 73 53 17 59 87 63 96 46 61 28 
56 20 89 61 86 10 32 79 66 46 23 23 55 38 3 74 89 50 21 55 12 91 90 39 57 41 5 3 39 73 
5 92 16 42 28 60 27 64 48 12 19 30 90 49 56 3 17 25 57 29 33 6 28 15 5 70 65 88 78 12 
18 58 53 78 33 47 69 43 47 13 30 48 71 79 71 88 43 87 36 42 32 91 23 62 57 68 86 69 88 48 
19 57 74 21 49 83 7 92 27 12 33 16 80 76 57 34 81 24 60 84 93 57 49 97 72 14 61 39 89 23 
60 82 53 47 40 23 83 69 71 64 6 9 94 47 80 58 24 88 67 50 77 20 49 39 74 64 13 12 2 71 
5 84 38 39 41 98 19 10 21 15 9 29 48 90 37 92 52 99 61 51 36 9 90 65 39 87 68 2 61 20 
66 25 12 35 72 50 28 36 83 49 19 90 53 53 41 86 10 59 82 62 23 64 90 66 94 96 26 78 74 14 
98 69 17 4 50 9 39 58 25 34 20 42 22 92 74 80 95 12 20 5 62 7 99 90 22 63 91 49 67 63 
54 20 30 14 52 82 92 4 38 62 27 28 68 30 47 6 76 65 16 60 17 81 39 17 17 29 56 5 97 92 
29 49 15 26 11 14 59 68 1 45 85 37 12 58 75 30 71 6 63 90 87 66 99 44 44 42 49 36 79 63 
MACHINES
10 8 16 2 9 19 27 6 3 29 15 13 4 24 23 21 1 5 7 11 25 12 20 18 30 17 26 14 22 28 
29 18 13 11 24 6 10 15 23 21 17 30 1 3 8 5 14 16 4 7 2 20 19 28 25 22 27 12 9 26 
23 7 29 28 20 24 15 16 4 19 14 26 22 1 13 6 10 27 2 18 9 8 21 12 17 30 3 5 11 25 
10 17 9 22 5 23 3 16 15 7 25 8 12 27 28 26 11 2 13 4 6 19 18 14 24 1 29 20 30 21 
5 22 1 24 6 14 9 7 26 13 19 17 18 12 10 16 8 3 25 11 28 21 27 15 4 2 23 30 20 29 
23 29 22 21 9 4 18 12 7 24 11 10 17 25 26 30 27 8 6 20 13 15 3 2 1 14 5 28 19 16 
11 30 8 3 5 23 28 21 6 15 22 19 29 9 10 27 25 4 26 14 24 12 2 18 1 20 16 7 13 17 
8 3 1 21 24 14 19 5 23 25 10 28 15 18 22 11 16 13 9 4 27 29 6 30 20 7 2 26 17 12 
11 10 8 23 21 15 28 3 5 18 29 1 27 26 9 30 25 17 22 2 16 14 24 4 12 6 20 19 13 7 
29 25 14 13 1 2 15 22 5 7 21 12 10 6 26 24 27 28 23 30 18 11 4 19 20 8 16 9 17 3 
17 15 18 28 30 2 3 11 23 22 14 7 12 24 4 25 10 27 8 29 26 21 16 1 6 20 13 9 19 5 
5 29 3 15 19 23 24 13 26 18 14 20 16 2 8 11 10 17 6 12 1 27 4 22 7 9 21 30 25 28 
4 21 29 9 13 3 23 22 20 15 25 16 1 12 5 14 24 11 18 28 2 30 19 27 26 6 8 10 17 7 
2 29 21 4 20 1 28 17 9 16 30 26 11 14 6 24 15 5 13 23 25 8 7 12 19 10 3 27 22 18 
24 13 28 22 17 9 12 21 7 19 8 11 6 30 29 5 23 4 25 26 16 18 15 20 3 10 1 14 27 2 
5 11 26 1 6 14 15 22 9 25 18 16 27 8 3 30 19 20 29 7 23 28 2 17 12 10 4 13 24 21 
23 21 30 27 10 5 24 7 28 17 19 22 29 11 26 1 25 18 12 6 15 4 16 2 8 14 13 20 3 9 
12 19 7 3 20 2 14 13 23 9 16 10 1 24 8 6 4 17 21 25 26 15 27 5 11 22 29 30 28 18 
11 7 19 5 1 4 9 17 25 2 3 30 29 8 22 16 21 15 28 20 24 13 6 27 10 18 26 23 14 12 
26 21 2 28 17 25 12 9 11 30 24 1 13 4 23 5 20 10 19 22 18 16 7 14 15 27 3 29 6 8 
5 8 27 13 26 17 19 10 21 29 14 2 15 7 24 12 11 1 28 22 9 23 6 4 20 25 30 3 16 18 
4 2 24 9 8 7 10 30 23 27 5 3 1 20 18 22 25 15 14 13 29 11 6 28 12 26 17 16 21 19 
17 8 23 1 14 10 18 30 7 29 15 27 2 22 11 5 16 6 25 19 26 24 13 28 21 12 20 9 3 4 
9 29 10 30 22 12 3 20 17 14 1 5 23 6 11 28 21 24 8 18 25 2 27 4 15 26 7 16 19 13 
15 18 20 11 22 6 8 16 28 3 12 19 23 27 7 4 1 24 10 25 13 14 29 17 9 30 26 2 21 5 
6 25 26 30 12 21 9 5 19 7 20 1 18 16 17 28 29 3 15 4 24 14 8 10 23 27 13 22 2 11 
28 5 16 17 25 3 9 1 12 29 14 20 21 22 13 19 30 7 8 24 26 15 11 23 27 6 2 18 4 10 
30 12 22 2 3 24 18 16 9 7 26 1 8 27 14 13 4 23 28 17 10 21 29 19 25 5 20 15 6 11 
3 22 19 26 24 14 17 25 18 4 7 13 1 12 9 6 30 15 27 28 21 23 20 2 29 11 10 16 8 5 
26 12 1 25 6 3 29 11 17 30 27 8 9 20 5 2 16 28 21 7 19 13 14 23 24 4 22 18 10 15 
