5248288625,1516436850
30,30,30
20 11 63 31 29 79 62 82 88 83 36 10 91 39 44 62 87 25 67 11 3 60 2 19 2 66 25 35 31 29 
68 38 98 65 40 93 8 62 15 2 51 99 77 33 22 38 27 23 96 29 50 86 22 95 53 50 76 56 65 9 
68 26 3 34 43 15 18 31 75 31 60 89 42 20 99 78 10 50 97 73 18 28 93 31 50 57 37 87 72 67 
88 63 3 22 9 17 64 33 97 35 21 35 91 62 82 63 8 17 59 51 45 43 89 42 9 58 63 1 10 16 
50 85 43 18 77 47 31 8 15 54 68 76 18 16 98 89 12 81 21 47 75 25 57 24 2 27 48 91 72 36 
18 81 52 17 84 38 2 37 7 20 26 68 18 30 67 53 57 58 22 15 42 13 6 28 84 5 27 88 30 71 
1 91 40 83 14 62 18 58 1 87 3 56 44 85 99 37 66 5 40 53 59 48 19 64 40 70 31 66 2 83 
65 68 46 69 47 85 37 1 48 72 43 35 60 31 64 38 47 62 4 19 12 95 17 75 76 51 4 20 29 72 
26 12 85 46 67 44 64 16 80 94 35 90 27 19 34 1 74 95 97 87 15 26 50 26 34 24 38 11 39 12 
9 74 45 35 63 70 52 63 19 21 53 33 79 8 26 23 41 22 56 95 96 27 15 43 45 21 98 74 69 32 
58 7 35 30 63 70 36 67 7 17 45 42 41 57 54 32 74 12 46 11 80 99 90 44 79 47 97 80 80 76 
91 48 99 28 35 65 43 8 37 61 82 79 43 85 73 5 34 38 11 91 65 14 17 74 15 83 67 79 5 3 
92 45 42 47 41 79 72 44 85 76 63 9 74 73 49 79 2 98 73 54 65 24 92 50 36 25 10 88 23 39 
25 82 83 71 22 7 8 69 35 5 89 1 95 77 73 78 24 54 21 90 37 10 7 69 35 21 2 51 94 85 
87 93 73 23 88 28 17 20 8 35 69 16 21 89 53 87 86 45 41 16 32 93 79 5 66 38 75 41 6 76 
67 93 81 63 99 93 78 66 7 35 10 57 61 3 77 67 6 23 10 8 95 30 93 94 73 63 33 75 70 30 
10 17 88 15 52 43 88 80 67 82 60 82 65 69 63 54 64 41 58 69 33 48 66 52 68 62 37 7 43 5 
68 13 50 83 3 21 73 42 68 43 81 80 66 64 61 20 25 91 77 17 70 21 16 27 16 5 97 11 69 24 
35 74 36 92 93 41 49 76 60 70 66 18 67 72 60 47 88 63 51 54 92 88 58 69 54 29 22 34 60 94 
69 78 15 54 51 92 40 96 2 21 71 87 96 58 53 91 13 75 42 37 8 77 5 71 21 24 6 51 52 68 
15 75 48 28 39 92 28 22 69 91 16 88 76 97 6 36 31 94 83 21 84 44 80 80 94 77 51 73 82 35 
4 30 98 88 6 76 63 1 35 90 30 99 59 11 35 37 75 95 39 4 43 6 68 33 90 33 49 16 15 58 
84 22 68 67 99 55 57 94 9 29 20 21 67 35 33 62 70 40 24 92 94 8 11 63 45 8 45 54 12 20 
47 90 97 4 45 24 58 52 34 12 58 51 34 18 63 73 74 30 43 24 79 11 48 10 34 32 34 2 88 88 
91 88 63 64 42 66 51 53 86 70 34 93 34 13 9 10 58 32 36 60 16 91 41 10 45 97 91 95 59 52 
53 51 70 64 1 52 2 5 89 38 5 22 44 26 39 78 66 90 50 98 87 13 54 20 88 4 34 47 13 99 
79 43 16 78 65 13 9 5 62 32 33 82 47 44 55 72 2 45 87 57 41 80 69 29 9 97 58 26 22 19 
56 64 39 51 12 39 2 7 43 76 30 25 31 89 46 79 39 49 16 61 81 98 69 45 70 34 40 77 43 48 
21 10 10 72 85 90 53 86 24 90 71 17 34 47 30 93 32 43 90 80 48 11 8 51 77 81 15 26 95 7 
82 94 48 69 89 48 27 28 6 86 3 53 27 10 24 79 83 38 35 46 39 3 86 41 22 8 70 28 81 83 
MACHINES
2 9 16 10 27 29 4 18 25 23 30 15 26 21 3 14 8 19 1 6 20 24 7 5 13 28 22 12 11 17 
23 21 9 14 29 4 20 13 18 27 15 1 11 19 28 26 6 22 24 2 5 3 10 30 16 17 12 25 8 7 
3 17 30 6 16 26 27 10 14 21 11 28 24 15 22 5 2 18 19 7 4 12 23 13 8 25 1 20 29 9 
27 23 15 30 11 28 22 1 18 8 13 7 17 3 5 9 26 19 29 14 2 4 25 20 21 24 10 6 12 16 
26 16 19 9 13 7 1 24 21 23 10 3 14 20 28 22 5 12 17 4 6 2 11 18 30 15 8 27 29 25 
7 25 24 8 6 2 29 3 1 16 9 4 21 12 5 18 23 22 10 13 15 30 27 17 14 20 11 19 26 28 
26 12 14 13 20 7 16 17 15 22 6 18 27 9 11 30 2 1 3 25 10 21 28 8 24 19 4 29 5 23 
21 28 14 29 19 8 27 24 26 7 30 13 6 9 5 22 18 25 15 23 3 12 11 2 10 1 17 20 16 4 
27 21 6 22 3 30 17 29 20 8 24 19 12 1 7 10 16 2 28 18 11 15 23 4 9 5 13 14 25 26 
10 16 8 3 21 17 1 13 24 2 18 19 4 22 5 9 12 20 28 7 25 23 15 26 6 27 29 14 11 30 
6 20 18 22 2 1 15 11 9 3 23 19 5 4 17 28 16 30 8 13 29 24 10 25 12 27 26 7 14 21 
5 2 1 7 14 21 20 28 27 16 23 8 4 3 24 9 25 18 19 26 10 17 15 12 6 29 22 30 13 11 
30 6 15 14 2 9 8 17 22 29 28 24 16 21 1 19 20 10 5 12 7 25 18 23 13 3 11 26 27 4 
9 12 20 18 13 30 2 19 3 26 4 7 29 11 8 1 16 22 14 21 5 25 10 28 17 27 23 24 15 6 
20 24 11 27 12 8 6 13 25 1 5 17 7 21 28 18 9 10 22 19 23 4 14 2 16 15 3 26 29 30 
26 5 17 9 28 14 27 3 15 30 23 7 12 2 8 6 11 1 22 24 25 20 21 4 18 10 16 13 19 29 
1 26 4 2 9 15 18 29 14 19 3 20 8 5 23 13 7 30 22 25 21 16 10 12 6 17 11 27 24 28 
1 11 21 17 4 20 6 3 16 19 27 24 14 15 25 26 30 12 22 5 7 29 18 23 10 28 13 8 9 2 
17 30 27 5 21 29 23 3 12 1 10 11 8 25 22 15 28 7 19 2 26 24 9 18 14 13 16 4 6 20 
27 26 28 4 17 15 5 14 24 23 29 22 1 13 21 16 19 9 25 10 3 6 20 7 8 2 12 18 11 30 
4 26 13 15 3 30 12 17 29 5 19 6 25 11 7 9 1 14 10 21 16 23 24 22 28 2 8 18 20 27 
19 1 23 24 18 29 25 10 16 6 27 30 22 21 3 15 5 17 12 14 7 11 8 13 26 2 28 4 20 9 
27 17 5 12 13 6 1 8 20 23 24 30 11 4 21 29 28 15 14 26 16 18 19 9 3 25 10 7 2 22 
13 30 3 4 7 26 29 27 6 17 18 5 9 20 23 19 11 28 25 15 10 1 12 22 21 8 16 24 2 14 
23 10 4 29 14 12 25 7 5 11 19 26 6 1 21 28 2 20 17 15 27 22 24 3 30 18 8 16 13 9 
16 19 9 8 6 7 10 27 24 18 25 20 17 28 5 29 3 2 23 11 21 12 15 26 14 30 13 22 4 1 
9 22 19 8 1 18 24 27 16 12 14 15 26 17 21 10 30 29 5 28 23 3 6 11 2 25 7 13 20 4 
3 13 6 15 29 21 28 8 19 2 12 1 25 24 20 16 10 18 5 30 11 9 26 14 22 23 4 17 7 27 
14 15 29 5 8 16 26 1 9 25 13 6 20 24 27 12 17 30 22 2 11 18 19 10 21 4 7 3 28 23 
28 4 23 19 2 5 9 10 30 27 24 12 20 29 25 6 22 7 15 14 21 13 17 3 11 16 8 26 1 18 
