2856121431,4695434971
30,30,30
21 46 11 88 94 70 17 16 64 74 10 91 82 79 79 93 76 75 98 58 37 74 97 64 99 50 17 78 8 49 
31 37 69 54 40 5 66 17 60 78 64 65 95 19 16 69 27 60 88 83 13 16 11 73 69 75 20 82 38 56 
38 65 34 83 63 53 55 64 52 83 11 65 90 20 15 61 22 61 58 65 22 74 47 19 91 14 99 88 6 25 
26 12 97 21 24 17 91 95 39 74 93 59 22 34 13 15 50 23 36 31 24 62 41 97 18 56 61 92 50 58 
75 67 23 75 74 44 75 67 39 55 99 24 8 46 15 8 38 12 94 8 24 32 20 93 2 23 42 40 34 75 
86 40 13 59 29 29 90 2 29 13 21 42 17 39 97 55 25 81 81 19 45 82 47 34 84 19 53 86 23 39 
29 9 59 81 92 38 75 96 62 71 97 98 70 87 50 8 83 32 90 74 77 40 16 97 59 78 20 72 88 86 
5 21 70 35 80 37 27 10 54 61 27 70 7 84 47 21 23 56 99 81 3 12 89 88 67 95 20 57 85 44 
74 60 42 49 14 50 50 12 78 14 28 7 40 86 27 16 77 71 33 28 24 44 63 65 87 77 73 76 26 85 
50 75 83 35 23 43 95 76 81 2 27 6 57 90 28 48 6 93 69 31 31 12 64 22 19 63 48 59 48 66 
53 10 20 25 5 71 95 21 56 65 55 43 91 23 73 72 5 23 65 1 80 29 32 62 3 4 78 59 60 47 
82 64 78 93 19 23 27 23 88 19 66 97 12 83 58 40 83 72 30 66 8 43 14 30 7 51 81 7 92 49 
72 55 70 82 80 87 33 90 59 40 24 59 23 11 4 63 42 57 68 72 24 4 37 83 91 83 77 17 49 61 
57 51 77 94 71 50 63 96 84 67 71 83 15 21 21 96 1 22 70 24 30 39 66 88 48 89 63 20 93 41 
44 4 56 19 49 62 10 82 47 93 23 7 34 1 45 58 39 83 52 6 32 97 60 26 34 97 86 3 18 31 
87 84 89 41 71 59 88 84 78 6 10 75 77 72 37 37 22 73 81 84 24 21 25 44 21 63 33 39 55 18 
98 86 55 98 44 80 66 70 86 74 10 98 88 54 87 88 8 63 27 29 77 58 52 45 70 6 58 40 51 67 
17 3 36 65 97 20 79 6 47 11 99 86 18 68 33 56 32 33 92 65 98 5 76 23 71 1 55 66 25 10 
29 82 14 12 17 51 17 92 2 71 5 22 47 73 99 64 92 69 51 2 48 86 97 91 84 72 40 95 38 7 
89 18 7 13 14 27 1 76 84 35 2 28 27 31 56 73 60 88 57 78 68 16 14 59 48 62 75 18 61 62 
37 91 22 25 34 53 86 24 28 12 20 26 27 45 27 29 64 11 1 22 99 67 57 47 11 46 90 52 11 69 
25 56 47 29 18 43 92 6 68 25 42 66 7 83 5 83 96 26 84 90 92 35 63 69 4 38 66 76 88 28 
13 60 74 62 56 88 27 21 83 96 51 42 28 45 97 43 30 18 81 92 49 97 87 83 84 83 61 59 55 62 
22 33 22 69 77 59 87 98 82 24 67 48 57 13 98 34 77 78 46 58 39 74 21 52 39 13 51 47 10 2 
28 35 97 53 45 11 30 94 55 12 90 36 20 58 14 98 93 94 61 1 38 69 90 41 42 77 6 35 1 97 
64 93 59 71 40 32 23 42 6 88 24 84 38 84 17 42 84 21 4 50 49 27 30 28 8 10 36 45 22 4 
45 38 89 20 28 90 27 71 86 16 11 42 93 85 58 97 66 34 22 33 3 76 30 65 4 85 32 24 40 4 
62 91 21 70 34 89 60 28 58 94 67 52 9 69 59 22 68 51 78 16 80 14 85 81 2 53 38 78 45 75 
67 34 14 57 48 25 67 84 38 94 45 64 21 46 18 62 26 13 29 56 51 56 69 88 65 58 6 40 75 70 
1 76 8 88 21 81 54 56 97 92 68 81 16 14 80 31 59 92 41 63 41 46 71 46 50 64 62 82 47 34 
MACHINES
2 22 5 7 18 20 21 4 24 6 3 28 8 27 9 11 10 26 17 19 12 30 23 29 16 14 13 15 25 1 
2 25 26 1 18 21 3 20 4 10 8 6 30 12 15 16 13 19 9 24 29 11 14 22 23 28 27 17 5 7 
20 5 3 16 27 15 26 1 2 14 12 21 29 6 17 18 8 11 4 22 23 30 28 24 9 19 7 25 10 13 
27 18 17 29 10 7 8 25 30 28 22 14 21 4 12 13 20 16 3 9 15 19 6 11 23 26 1 5 24 2 
16 17 19 4 9 14 27 5 30 20 1 11 21 6 25 26 28 24 18 15 2 7 3 13 8 10 29 23 22 12 
17 24 6 3 16 19 1 13 21 14 18 10 22 27 25 4 26 2 9 8 23 5 29 12 7 20 28 15 11 30 
11 20 18 16 4 29 5 21 24 19 14 15 3 23 25 28 7 2 17 27 12 26 22 10 13 1 9 30 8 6 
20 19 15 6 28 12 9 26 11 25 1 23 24 13 7 30 2 27 18 10 5 29 22 21 8 17 3 16 4 14 
12 10 17 24 21 11 23 8 16 15 22 6 30 7 27 1 9 19 29 5 28 20 26 2 14 13 4 25 3 18 
11 26 4 9 21 3 15 10 6 19 13 28 14 29 25 22 1 27 17 24 16 18 8 2 5 7 23 30 20 12 
12 23 5 13 7 19 26 2 28 21 10 29 24 8 1 16 6 9 30 27 3 17 11 15 20 25 18 4 14 22 
4 21 24 11 14 16 27 19 29 7 22 8 30 17 28 13 15 18 26 20 6 10 1 5 9 3 25 2 12 23 
25 29 13 28 17 22 7 10 18 12 6 15 14 20 9 26 21 5 1 19 30 2 23 24 11 8 16 4 27 3 
15 7 6 11 27 18 13 20 19 29 14 8 12 17 2 22 28 9 4 21 1 5 30 10 25 24 3 16 26 23 
12 20 3 21 6 30 26 18 16 19 4 11 27 8 10 7 24 2 14 28 25 22 23 5 9 13 1 29 15 17 
25 21 16 30 13 17 20 11 7 10 2 18 1 23 5 19 3 27 14 9 15 6 26 12 28 24 29 4 22 8 
24 14 21 1 27 12 16 23 13 30 11 22 10 2 20 29 8 4 26 6 18 25 9 5 7 15 3 19 17 28 
14 24 17 7 25 26 23 1 29 3 27 18 30 5 2 15 8 13 11 10 22 28 16 20 21 19 4 9 12 6 
17 21 16 12 1 23 11 19 3 24 30 15 8 18 9 22 2 6 13 14 26 28 4 5 7 29 20 10 25 27 
28 30 20 24 22 9 19 12 1 11 7 23 16 26 8 21 29 4 10 18 13 6 5 25 14 3 27 15 17 2 
24 30 10 15 13 9 2 22 12 1 17 3 14 25 19 18 27 4 28 23 6 16 7 21 11 5 20 29 26 8 
11 20 1 30 5 18 26 9 24 17 3 29 19 16 4 23 15 14 2 7 27 8 6 28 25 12 10 21 22 13 
7 16 3 27 14 20 1 6 10 12 11 2 13 28 22 26 19 8 24 15 9 5 4 18 25 29 23 30 21 17 
14 27 1 6 30 9 25 15 26 2 4 3 21 22 11 19 17 8 29 18 28 7 13 23 20 5 16 12 10 24 
12 19 9 1 29 15 4 26 18 27 28 14 3 24 21 23 6 30 5 2 20 25 17 10 16 8 7 22 13 11 
9 27 16 1 26 11 15 20 17 4 23 18 22 2 25 12 10 8 19 30 21 6 7 29 13 24 14 5 28 3 
18 27 25 26 24 20 14 12 5 19 11 6 21 10 22 13 3 17 30 9 1 8 16 28 23 29 2 7 4 15 
29 18 6 26 16 22 28 2 23 24 27 8 12 4 25 13 20 19 14 30 11 21 15 3 5 7 1 9 17 10 
18 30 25 26 8 12 29 16 14 19 20 24 27 4 17 9 11 23 3 13 5 22 21 6 15 10 1 2 7 28 
3 24 11 9 1 21 27 17 14 29 22 16 23 7 26 12 25 30 6 15 28 5 19 20 10 18 4 13 2 8 
