8433079781,1464760599
30,30,30
75 35 35 96 80 92 23 32 31 14 74 28 12 33 57 48 84 84 27 86 3 53 19 35 40 88 47 91 13 14 
95 17 21 53 18 68 65 49 47 17 5 78 51 12 81 45 4 59 27 95 97 27 90 8 29 62 37 98 58 69 
42 51 92 99 99 98 82 45 48 58 9 83 76 69 70 76 81 98 82 26 58 66 62 36 79 88 58 37 51 92 
81 80 96 55 22 73 31 31 2 93 10 96 31 43 71 15 33 7 45 76 3 57 75 75 28 21 4 32 41 23 
3 81 29 51 82 3 6 12 76 75 59 44 90 20 52 6 9 30 88 46 11 92 12 92 1 1 37 90 26 89 
11 8 95 99 56 51 69 56 11 49 35 25 43 99 68 47 21 8 55 73 93 60 42 20 22 69 43 26 58 21 
57 84 87 67 4 10 41 10 3 91 65 76 91 45 91 79 50 18 48 37 98 44 57 57 35 97 80 73 39 2 
82 57 25 40 37 93 77 49 58 86 2 42 69 36 73 95 51 12 84 92 97 28 92 5 60 65 23 65 88 42 
16 57 17 87 9 71 64 52 72 74 78 48 38 68 18 42 49 7 54 22 71 13 80 3 77 1 57 9 27 87 
8 30 70 77 72 84 33 67 61 84 72 15 3 20 74 86 78 92 38 63 68 24 73 42 92 56 40 2 52 98 
28 30 60 45 78 64 35 91 87 62 42 91 67 90 51 2 97 49 86 15 69 33 65 91 25 51 34 44 32 12 
61 53 66 66 64 25 76 87 57 6 38 91 46 18 94 3 6 1 18 2 40 49 10 40 50 46 54 33 40 41 
36 11 44 17 36 68 82 97 90 76 48 14 23 90 41 67 43 86 91 10 78 75 94 99 8 43 62 89 66 70 
71 80 5 93 6 95 77 44 14 8 84 49 64 34 74 4 84 23 94 98 49 57 78 8 26 54 69 22 73 74 
50 11 83 69 46 74 65 95 21 96 79 4 66 85 2 82 16 30 93 84 76 25 57 88 64 41 28 7 48 26 
96 6 96 63 26 26 52 26 79 17 3 8 66 83 1 11 96 63 48 75 53 35 87 1 63 81 66 10 75 27 
12 47 10 13 15 30 73 18 48 77 41 28 16 73 2 34 5 48 93 55 8 33 66 1 44 60 52 15 5 19 
98 13 36 60 42 69 34 58 55 59 52 21 92 74 6 54 27 13 4 77 68 56 18 46 78 41 9 80 34 56 
30 64 50 26 31 6 15 63 31 15 3 52 70 95 14 13 88 48 68 14 76 72 88 14 75 31 19 43 26 26 
17 80 53 45 96 65 83 77 43 92 31 98 93 21 72 58 38 89 63 22 4 11 32 20 8 72 31 54 5 18 
90 76 34 95 11 60 53 19 90 70 96 77 48 51 41 88 25 71 10 20 73 50 90 80 3 63 62 38 30 91 
20 79 6 35 96 86 72 9 45 89 10 51 58 89 12 60 43 35 45 68 25 41 70 24 30 24 60 76 52 25 
85 84 77 25 88 78 82 24 3 95 58 37 40 51 74 32 49 39 49 7 67 35 70 94 82 47 47 77 67 91 
67 67 85 96 44 91 60 93 83 14 61 85 1 87 39 23 76 35 30 47 67 49 74 19 63 96 24 8 19 98 
44 64 44 26 93 44 80 84 61 95 2 94 62 54 40 76 7 34 88 95 93 74 48 19 94 58 67 90 19 79 
92 92 21 7 35 17 91 82 29 1 80 45 17 6 6 61 69 68 72 42 60 84 31 9 50 8 87 70 66 33 
54 56 63 52 5 7 53 27 9 14 51 69 41 25 70 85 5 96 37 15 4 47 50 53 20 38 49 75 50 45 
76 21 96 16 31 95 59 23 6 48 33 32 38 61 9 46 28 79 26 19 61 33 95 60 56 30 97 8 6 42 
4 60 13 89 4 99 65 20 67 33 76 38 42 70 13 34 19 37 63 16 75 5 37 24 2 7 84 87 61 84 
47 46 72 23 20 78 29 3 83 14 95 1 78 94 1 98 2 90 40 99 86 27 22 65 64 63 86 99 19 48 
MACHINES
12 20 3 6 25 8 26 27 17 14 24 15 13 18 23 22 29 11 2 28 21 19 5 1 9 4 30 10 16 7 
25 19 12 27 6 26 2 3 8 16 10 21 18 29 5 28 7 17 11 22 15 23 20 13 1 4 30 14 9 24 
24 22 2 19 29 16 23 14 4 10 6 21 25 3 27 15 30 7 18 13 8 9 5 28 12 20 17 11 26 1 
11 10 3 17 7 22 13 9 14 25 23 20 29 21 2 30 24 27 6 8 4 18 19 15 12 26 1 28 16 5 
10 4 7 3 20 24 9 8 11 15 28 6 17 16 14 13 2 21 25 18 29 30 5 26 23 12 27 19 1 22 
30 7 9 5 4 28 25 3 27 14 8 21 13 1 12 15 2 23 10 19 18 6 16 11 26 17 24 22 20 29 
23 9 28 24 25 12 15 10 13 22 19 3 2 20 5 30 11 8 1 26 29 27 4 6 18 21 7 16 14 17 
23 11 3 15 9 1 22 20 5 24 13 28 30 10 14 17 18 2 26 7 21 29 25 19 8 4 6 27 12 16 
18 23 21 28 29 25 8 7 11 17 6 24 26 22 15 1 5 14 2 3 12 19 4 20 9 13 30 27 10 16 
30 8 4 20 13 2 18 29 27 10 3 11 5 25 7 9 17 21 14 1 28 24 26 22 15 6 23 16 12 19 
4 26 28 10 24 29 22 1 6 13 7 30 2 11 19 23 21 25 14 18 8 9 27 12 16 3 20 15 5 17 
7 29 20 26 22 6 4 21 25 8 10 16 5 1 9 3 30 11 12 27 17 23 24 13 18 28 2 14 19 15 
20 14 11 29 28 10 30 4 3 18 27 2 6 21 24 8 19 12 1 15 26 16 9 13 17 22 7 25 23 5 
21 16 24 15 18 7 26 17 25 8 11 9 14 20 1 2 12 29 10 13 23 30 22 5 3 4 6 28 27 19 
25 2 3 13 22 16 12 23 29 8 14 17 20 18 19 4 9 7 6 26 24 1 10 27 30 5 11 28 21 15 
17 8 12 16 1 2 27 28 13 15 10 23 22 5 20 24 29 30 11 18 14 7 9 6 26 21 25 4 19 3 
17 6 30 27 18 16 5 9 26 10 11 20 21 23 29 7 24 4 22 2 14 19 3 1 15 12 13 28 25 8 
23 25 27 15 9 2 16 28 5 1 13 8 14 18 19 4 11 10 12 24 3 17 29 6 21 30 7 22 26 20 
16 1 6 21 10 24 17 25 18 23 2 3 15 14 8 26 4 28 29 13 11 5 27 12 22 20 19 9 30 7 
6 30 14 2 28 19 21 22 3 9 27 23 13 11 17 20 8 4 18 25 7 26 15 24 5 10 16 12 29 1 
21 3 28 2 13 5 8 22 24 30 4 16 19 29 7 15 17 1 25 23 10 9 12 6 14 11 26 18 27 20 
11 28 23 18 15 7 19 17 4 1 21 20 8 27 13 29 24 5 30 16 2 6 25 9 12 3 10 22 14 26 
28 10 6 15 17 30 29 16 12 11 1 27 20 14 4 22 19 7 25 13 26 24 21 23 8 3 9 5 18 2 
8 23 27 28 22 1 10 12 17 30 14 13 20 6 29 26 15 5 4 21 19 18 11 9 24 2 25 7 16 3 
25 9 18 24 2 17 29 6 27 22 19 1 21 12 20 10 30 8 28 16 11 3 5 4 15 14 13 26 7 23 
19 21 30 12 15 2 9 18 6 14 26 27 23 20 28 8 29 10 17 4 13 7 1 5 25 16 3 11 24 22 
10 3 1 7 23 18 29 4 17 9 28 15 19 21 5 27 26 12 2 11 25 8 16 30 13 20 24 6 14 22 
13 15 2 21 22 24 18 25 28 16 17 19 30 23 1 4 29 5 20 14 9 3 26 8 6 12 11 7 10 27 
15 26 25 21 4 8 12 30 18 9 13 20 2 19 11 14 7 29 17 28 23 24 3 22 5 27 6 1 16 10 
11 27 15 20 5 21 25 26 10 28 4 8 14 7 30 1 24 9 6 2 18 23 16 17 3 19 22 29 13 12 
