8805607896,1463836171
30,30,30
52 14 63 94 84 92 86 76 69 85 68 25 49 89 14 79 56 43 11 3 30 61 69 80 3 17 55 91 67 91 
88 95 31 1 47 77 84 46 76 87 39 78 1 88 80 58 22 55 54 3 74 65 56 49 68 70 8 38 16 34 
77 42 18 2 40 11 39 43 67 87 43 8 59 27 38 4 60 94 72 61 10 39 8 1 83 33 3 21 66 89 
94 33 64 96 28 69 31 31 59 52 26 5 16 31 66 43 1 25 6 78 78 89 91 9 10 22 46 86 50 62 
1 83 38 22 62 92 53 84 52 31 59 14 97 68 60 89 49 66 13 64 19 25 6 47 24 63 21 75 54 37 
30 82 55 84 23 48 43 36 21 32 49 35 51 69 86 25 6 85 25 87 58 45 53 31 7 7 12 37 85 41 
67 89 84 77 18 46 20 26 91 98 55 98 13 72 98 59 79 80 23 2 74 95 63 71 82 97 40 92 17 49 
81 68 20 21 63 13 48 32 64 31 5 36 19 32 17 21 29 81 84 88 79 9 87 29 82 25 43 11 99 80 
7 94 70 11 75 66 24 24 71 21 71 90 12 85 48 91 71 51 71 27 65 29 25 49 29 18 63 45 40 79 
2 11 14 13 34 90 81 73 92 5 76 11 70 50 17 11 2 74 81 47 39 12 11 51 29 12 6 45 87 52 
92 10 97 12 46 43 6 72 32 63 69 82 51 48 66 92 93 84 68 42 10 74 49 88 36 69 63 65 35 35 
12 99 19 28 85 21 45 18 71 20 30 57 29 20 99 7 54 89 3 77 79 94 50 10 80 14 81 74 35 32 
87 38 29 48 39 55 1 69 87 31 57 60 87 12 61 35 97 6 53 24 88 46 46 17 48 98 91 49 96 79 
97 69 93 50 40 98 97 61 50 57 77 28 29 22 17 11 30 50 38 14 38 46 70 58 73 28 84 52 28 19 
5 41 58 78 99 56 50 84 51 65 29 63 91 58 60 66 73 27 77 10 34 12 86 86 38 60 7 65 59 43 
91 24 72 97 81 63 38 29 63 21 68 1 31 91 28 18 3 60 94 49 56 50 93 47 11 70 31 89 62 51 
27 98 41 49 57 84 80 63 71 21 70 11 77 79 47 9 94 1 84 57 13 99 15 4 23 54 74 65 59 85 
41 68 38 62 13 28 12 23 25 99 97 43 14 58 27 79 6 45 98 52 43 71 47 98 28 58 26 52 90 21 
25 83 4 10 9 74 74 88 12 53 56 3 54 44 19 88 66 82 19 23 1 61 63 90 34 89 69 96 99 72 
55 71 14 53 20 8 8 55 13 15 31 2 38 18 92 5 13 80 94 65 18 9 71 86 67 89 95 26 80 52 
68 55 56 58 89 17 44 45 22 40 2 19 81 12 99 57 82 73 52 64 95 4 90 52 76 84 69 68 78 97 
70 5 34 69 33 51 44 64 89 65 3 27 20 83 56 76 64 96 62 86 38 46 4 41 26 55 7 91 25 97 
53 30 66 95 35 62 95 71 43 24 78 93 82 11 10 18 84 36 55 30 41 42 6 61 35 17 84 10 97 59 
69 5 29 24 46 64 87 89 46 94 61 89 28 90 79 93 64 52 12 27 73 41 3 20 20 29 42 50 89 27 
76 23 60 57 64 6 50 52 90 3 83 74 18 80 97 35 77 48 25 20 65 69 1 87 60 78 3 40 54 52 
25 54 14 79 96 34 36 63 74 79 12 67 72 49 13 46 26 48 97 14 69 51 31 8 98 62 65 35 59 80 
79 52 94 36 98 10 21 35 54 18 94 31 2 8 60 75 54 14 3 61 77 63 21 79 53 73 11 93 21 93 
80 8 31 68 35 93 10 95 24 29 45 75 98 89 24 24 3 83 35 92 54 31 33 73 4 16 35 79 79 16 
58 42 69 38 48 26 17 65 17 6 75 54 79 96 64 75 13 77 77 93 59 43 42 90 87 13 57 22 39 59 
73 82 36 14 94 82 15 4 96 28 51 58 14 69 44 79 84 87 80 12 17 65 42 87 60 37 19 87 29 68 
MACHINES
29 27 13 8 17 6 7 11 30 2 24 15 3 21 25 9 28 14 10 12 22 5 16 18 19 4 20 23 1 26 
26 18 12 22 5 14 23 24 15 7 8 21 16 6 2 28 9 17 1 25 11 4 13 10 3 29 20 30 27 19 
1 21 22 25 7 24 13 2 30 10 20 27 8 6 12 3 16 23 19 14 26 11 15 4 17 28 5 29 9 18 
26 20 22 11 24 2 29 15 9 28 27 25 17 4 30 13 5 12 21 3 18 19 23 6 10 7 14 8 16 1 
28 6 27 19 4 22 9 1 10 15 16 3 23 12 21 11 25 29 24 14 7 2 26 20 17 13 5 8 18 30 
4 11 26 30 2 20 18 3 25 22 28 12 27 14 7 19 29 5 6 13 8 1 15 9 21 10 17 16 24 23 
16 22 5 28 14 7 6 24 15 21 17 11 8 2 29 27 19 13 25 12 1 9 26 20 10 4 23 18 3 30 
15 10 11 2 27 23 6 29 14 28 3 19 26 18 8 24 13 1 16 25 17 9 4 30 5 21 22 12 7 20 
10 22 27 4 25 12 3 13 26 15 9 7 23 19 14 5 6 2 17 24 8 16 20 28 18 21 29 30 1 11 
13 29 15 30 16 6 22 14 17 8 21 1 23 3 26 19 2 28 5 7 11 24 12 9 20 18 25 4 10 27 
13 19 20 1 15 27 4 30 26 16 14 21 18 11 23 8 5 7 2 24 9 3 25 10 28 6 12 29 17 22 
24 19 22 5 26 28 3 8 6 18 16 27 7 14 11 1 29 20 23 13 15 9 30 4 12 17 21 10 25 2 
3 20 7 12 4 25 28 9 23 8 27 6 16 5 21 10 1 17 29 24 22 15 2 26 19 14 11 30 18 13 
16 21 11 12 5 19 4 9 23 7 26 20 28 3 17 6 2 22 10 30 1 13 14 24 15 29 18 8 27 25 
28 22 15 30 29 2 14 26 12 17 23 7 1 27 8 6 24 11 9 3 20 10 19 16 18 4 25 21 13 5 
5 11 6 19 22 30 2 1 10 27 7 28 4 12 26 23 29 15 13 14 9 25 17 18 3 24 20 8 21 16 
14 15 16 29 19 27 26 8 5 28 13 20 24 6 23 7 18 25 10 11 9 17 3 1 21 4 22 12 2 30 
23 26 7 4 15 30 18 22 28 6 1 19 2 21 11 27 25 8 17 5 24 16 13 20 29 12 3 10 14 9 
28 2 9 30 3 21 23 25 4 8 16 5 17 14 24 22 12 20 29 19 26 7 18 13 6 11 27 15 1 10 
1 6 24 30 13 15 10 25 19 27 5 11 2 3 16 17 23 28 22 14 8 7 29 4 9 20 12 26 21 18 
9 3 5 18 29 16 25 4 22 11 6 2 1 17 10 30 13 26 8 23 14 20 15 27 21 7 19 28 12 24 
9 20 17 4 25 13 18 30 22 16 15 3 21 2 27 28 26 23 1 19 8 12 6 10 5 7 14 11 29 24 
30 11 8 12 22 25 15 6 23 3 14 28 19 7 5 9 1 4 26 24 10 13 29 2 16 21 17 18 20 27 
10 1 21 28 7 26 4 11 23 25 29 6 5 27 30 17 15 3 2 12 8 24 14 16 18 22 13 20 9 19 
22 12 15 5 10 1 11 2 20 8 14 13 17 27 28 4 6 18 3 9 29 7 24 16 25 21 23 19 30 26 
8 12 27 9 26 21 5 22 23 18 3 6 24 29 15 1 11 25 19 17 4 14 28 7 20 16 13 10 2 30 
5 21 26 27 12 10 11 2 6 24 29 20 3 13 14 16 25 17 8 23 18 22 7 15 1 30 4 19 28 9 
9 29 8 26 20 3 24 5 1 2 19 10 23 14 28 15 17 22 7 30 16 12 21 6 11 27 4 25 18 13 
3 27 10 5 20 15 29 17 26 4 12 9 2 28 13 30 16 8 6 24 7 22 18 23 25 14 1 19 21 11 
28 2 27 21 17 26 1 6 3 18 20 15 5 4 14 23 22 8 13 7 9 25 16 10 19 12 30 24 29 11 
