9166969706,3445051732
30,30,30
25 86 93 37 99 10 57 64 47 5 28 22 85 25 41 49 5 74 71 14 39 21 58 68 71 86 19 65 83 85 
75 74 39 16 39 23 4 73 51 35 71 30 34 13 39 94 59 61 34 90 10 46 57 33 21 19 99 73 32 52 
61 37 56 52 87 17 57 65 85 30 14 38 98 24 17 67 71 83 88 79 3 34 75 77 6 18 17 66 9 65 
84 77 20 90 30 89 31 94 21 85 64 78 86 29 29 18 58 77 90 48 78 7 94 93 38 50 28 69 13 42 
88 7 47 29 20 81 69 53 99 34 89 46 36 81 27 20 52 58 17 18 7 33 6 79 79 86 25 33 50 27 
45 30 65 64 99 26 30 26 53 38 70 34 65 56 77 37 50 67 81 79 55 91 50 52 11 1 63 30 45 74 
12 46 68 46 84 62 97 8 13 75 19 2 40 77 58 62 73 22 71 96 3 49 77 59 40 63 2 61 92 5 
93 34 54 14 70 86 30 32 97 87 5 29 96 85 40 94 5 12 99 51 71 72 99 24 55 7 29 64 6 84 
42 28 26 30 98 47 48 41 84 61 14 27 59 18 80 19 1 6 76 75 54 27 68 58 61 95 40 81 75 23 
41 29 62 25 96 95 56 81 63 1 30 74 40 30 66 48 64 34 53 14 4 77 93 32 57 82 99 61 48 94 
20 76 30 92 51 29 67 70 43 18 32 61 24 28 25 93 31 93 66 49 61 96 75 60 88 83 16 89 93 59 
24 72 45 31 60 78 87 33 79 47 20 98 35 14 9 43 89 38 31 11 62 35 45 73 84 1 33 32 41 47 
21 92 85 77 10 8 41 12 4 10 2 77 37 55 82 10 71 78 20 84 35 35 95 22 65 28 43 4 99 92 
44 4 5 81 85 2 28 44 73 57 50 3 52 96 59 32 79 75 83 41 83 64 15 35 60 56 7 70 6 46 
53 9 12 42 70 59 27 98 52 66 33 67 58 92 83 25 64 81 61 63 88 86 40 59 29 93 47 26 50 69 
20 72 47 3 91 19 17 31 38 48 14 38 47 30 27 4 1 88 32 98 59 32 69 36 95 22 85 59 1 45 
72 78 13 38 51 52 84 35 5 4 70 5 39 21 57 69 97 43 14 4 43 31 65 90 69 65 98 90 32 78 
82 43 48 21 10 30 63 2 36 34 21 44 54 6 58 8 21 94 51 84 2 34 80 83 67 67 76 98 60 23 
28 11 8 47 99 19 49 54 6 22 99 81 20 35 7 39 96 21 54 43 53 29 1 46 84 93 93 64 33 19 
2 2 84 90 54 38 82 13 82 93 26 22 93 55 66 50 14 21 94 83 90 50 31 79 67 61 63 67 21 20 
54 47 55 46 50 40 30 85 8 61 40 34 40 78 57 47 93 67 46 67 27 26 85 92 1 49 18 83 86 97 
19 66 86 85 50 24 26 62 73 42 66 50 45 30 35 28 44 89 86 23 92 16 10 97 42 49 83 3 86 96 
24 11 82 41 33 92 33 93 70 26 71 66 48 3 99 76 84 52 90 97 8 34 3 59 51 59 92 2 66 37 
53 79 99 56 19 35 12 3 17 17 71 91 73 72 27 23 72 75 25 48 97 45 27 99 79 68 46 98 9 44 
24 93 24 87 96 8 97 64 84 94 38 40 86 94 36 40 81 98 52 95 99 40 61 67 77 23 29 87 43 53 
20 8 1 85 94 79 83 75 93 89 35 99 17 8 34 2 14 53 57 18 43 96 20 43 86 59 20 13 36 63 
33 37 19 51 41 47 66 2 94 75 15 69 89 68 83 52 7 86 11 84 16 30 57 10 45 82 42 88 7 14 
66 99 41 1 41 92 7 36 56 91 46 26 26 16 93 15 6 20 58 48 2 99 53 70 91 82 98 28 62 1 
58 60 27 11 87 96 57 28 62 85 2 31 10 72 34 86 79 66 53 88 77 90 5 68 46 76 35 77 77 69 
46 2 89 7 71 54 62 51 54 66 36 28 26 86 19 42 15 73 89 80 13 80 22 9 7 15 40 18 15 45 
MACHINES
3 4 10 30 23 29 5 8 24 20 21 22 12 28 6 9 17 14 13 16 26 7 27 19 18 1 15 11 2 25 
26 24 7 11 8 16 23 5 2 30 21 18 9 6 25 14 12 22 29 10 1 15 4 13 19 3 17 28 27 20 
27 4 7 26 18 23 10 24 2 16 21 25 5 11 28 22 9 6 20 12 17 8 30 13 19 15 14 1 29 3 
6 29 4 13 26 15 8 11 30 10 2 7 25 3 16 19 22 18 20 23 12 1 14 28 24 5 27 21 9 17 
20 9 5 6 21 19 26 1 11 29 18 27 28 13 16 25 7 30 23 24 15 2 14 3 10 12 8 22 4 17 
26 29 4 6 11 2 19 21 7 3 15 25 28 13 17 10 5 18 30 16 14 12 1 8 20 22 23 24 27 9 
3 17 9 18 13 24 7 15 6 10 4 14 25 27 12 11 30 23 16 2 5 21 20 1 28 22 8 26 19 29 
10 4 23 26 19 8 15 25 20 9 16 1 3 11 30 6 5 21 17 12 22 29 2 28 14 18 13 27 7 24 
8 29 21 7 15 19 5 30 12 1 6 27 28 9 18 14 2 26 3 20 24 17 10 25 22 23 13 4 16 11 
17 1 26 15 21 7 9 23 25 24 22 2 6 10 16 18 20 13 14 8 30 29 28 12 5 27 11 3 19 4 
5 3 21 28 15 1 17 26 8 9 2 12 27 30 20 19 25 11 14 4 10 18 22 6 7 23 13 16 24 29 
5 23 12 27 20 7 9 22 6 2 15 24 16 11 17 4 29 30 25 10 19 8 18 1 26 14 21 13 28 3 
7 8 17 13 26 27 10 19 24 21 29 11 20 23 12 1 3 16 15 22 25 28 6 2 5 14 9 30 18 4 
23 24 20 29 11 26 6 12 7 13 17 28 15 3 2 4 10 16 25 30 1 5 14 22 9 8 27 19 21 18 
2 20 22 19 16 5 18 29 30 10 27 1 8 13 11 12 4 28 3 17 15 26 21 6 14 25 9 23 7 24 
24 6 20 17 22 14 25 29 10 5 7 28 8 12 3 27 16 2 19 30 23 11 21 15 18 1 26 13 4 9 
23 6 9 30 14 27 8 29 12 22 21 20 24 4 10 3 2 25 11 17 15 7 18 26 28 1 5 19 16 13 
23 22 1 19 26 9 24 4 3 17 25 13 7 12 29 10 6 16 18 5 11 2 15 30 14 28 20 21 27 8 
20 17 2 5 24 26 21 22 14 3 4 1 16 15 27 30 28 23 11 6 18 25 8 19 29 10 13 9 7 12 
15 22 1 12 14 29 30 9 8 6 25 18 27 19 28 7 24 23 5 21 2 10 11 3 16 4 20 13 26 17 
20 25 30 11 8 17 19 21 5 29 2 22 14 4 28 18 27 24 7 10 1 9 15 3 16 13 23 6 26 12 
14 3 25 4 5 17 19 9 15 30 27 29 23 10 26 6 11 18 12 16 20 2 24 22 13 28 1 8 7 21 
16 15 17 6 10 1 18 26 23 13 9 4 27 12 14 25 3 22 30 29 8 21 2 24 7 19 11 28 5 20 
29 14 10 25 11 12 3 2 19 27 23 24 26 22 5 15 18 21 1 6 30 7 9 20 16 17 8 28 4 13 
2 22 25 8 19 24 6 26 21 1 28 12 15 17 23 9 5 3 16 20 14 11 7 27 30 13 18 10 4 29 
11 28 19 25 24 12 15 17 1 29 10 26 16 5 13 22 7 21 30 18 27 23 20 2 14 9 3 4 6 8 
19 18 1 6 20 3 25 27 2 28 14 24 5 4 13 8 30 16 9 10 21 23 26 15 22 12 7 11 29 17 
30 25 27 12 20 8 13 19 10 21 22 26 7 5 18 1 24 9 6 4 17 15 11 3 16 23 2 29 14 28 
20 22 11 25 8 10 12 6 29 24 9 23 21 3 28 14 27 2 13 16 30 18 26 1 7 4 15 17 5 19 
7 6 29 3 5 18 15 22 9 8 17 2 10 21 13 30 1 19 24 23 11 28 16 27 12 14 20 26 25 4 
