8933582712,2936494664
30,30,30
10 99 71 4 81 29 48 66 2 41 19 97 82 9 4 25 9 73 54 80 29 23 97 95 83 69 98 48 62 4 
26 45 45 23 35 57 84 79 45 14 37 58 76 52 26 43 30 27 23 1 22 76 73 65 69 54 16 57 94 67 
42 28 30 36 22 59 31 66 73 83 8 88 4 25 85 68 35 92 47 73 96 50 12 35 43 40 77 64 55 97 
20 48 83 80 91 11 85 45 87 10 20 79 33 4 45 67 71 36 70 68 81 51 12 6 83 3 45 10 48 54 
7 73 20 2 54 85 4 7 98 66 41 95 25 5 75 56 28 98 72 3 54 80 42 72 67 65 10 55 43 38 
34 45 45 3 87 9 32 93 96 21 77 47 97 28 72 44 61 98 95 47 63 2 51 47 79 68 78 10 15 29 
88 53 32 11 67 48 9 7 37 63 12 61 15 11 1 24 57 16 2 92 94 8 71 2 77 65 73 12 75 57 
52 39 14 43 85 36 52 10 76 96 90 65 72 98 76 41 28 58 92 16 31 55 86 68 74 5 41 50 1 7 
31 40 32 52 50 67 31 65 95 81 8 64 74 19 42 95 31 97 81 4 21 98 47 49 41 81 4 53 26 38 
23 86 13 39 29 36 5 68 40 17 2 62 7 80 48 76 44 34 32 50 81 50 55 71 87 91 48 52 31 24 
14 97 64 82 61 66 33 54 42 71 83 61 28 49 36 79 21 71 35 92 19 6 3 25 10 40 60 57 92 66 
39 40 22 78 42 31 10 58 47 52 70 2 74 99 77 74 34 56 71 9 10 5 29 67 83 59 49 70 24 62 
64 49 14 73 73 23 58 38 1 8 40 54 80 74 88 80 50 12 69 96 45 42 52 23 59 45 12 47 52 49 
57 25 71 44 77 56 12 77 1 66 70 43 28 52 67 35 89 1 31 52 61 98 88 25 89 85 27 17 24 8 
48 37 61 42 80 86 81 93 17 19 82 36 18 67 21 57 44 4 77 19 8 7 13 84 91 47 3 1 27 95 
84 34 29 53 71 80 58 18 73 14 72 55 2 51 63 41 75 98 19 13 49 13 4 51 4 35 88 76 45 55 
27 59 90 73 39 99 21 63 59 27 33 22 33 60 12 3 30 47 12 86 99 42 82 72 5 24 58 17 27 62 
8 36 71 83 99 88 15 46 80 20 99 67 14 21 47 3 2 79 84 19 99 11 28 7 95 13 37 81 72 62 
27 18 92 8 45 35 86 13 65 38 59 50 68 43 9 11 28 81 12 76 92 82 27 86 26 7 16 44 50 90 
88 10 53 63 16 34 64 94 16 63 51 93 56 41 64 56 13 46 47 88 47 55 29 72 3 31 98 88 8 7 
75 55 39 73 89 52 52 94 37 72 25 22 82 62 88 56 29 69 49 18 77 24 36 69 47 30 92 96 23 87 
9 24 93 68 43 32 55 14 9 26 5 99 35 44 60 58 31 51 8 1 9 22 89 67 34 85 99 29 67 97 
81 98 61 86 64 75 63 27 5 69 66 52 1 18 65 56 82 95 7 63 70 73 22 46 53 24 83 19 26 20 
5 16 44 82 21 2 80 42 19 9 58 97 74 62 51 17 38 44 31 81 72 80 62 66 99 63 40 88 66 71 
44 30 42 97 58 3 21 22 65 26 14 9 13 90 80 53 68 53 71 9 3 6 8 58 51 44 88 74 95 7 
34 31 58 12 57 13 54 56 79 30 22 82 24 54 13 65 33 62 59 94 7 27 32 30 63 86 69 12 67 71 
90 43 15 53 44 17 43 29 24 3 30 81 40 35 27 43 86 72 3 46 88 6 17 3 73 76 90 35 61 74 
73 89 44 17 77 54 17 77 23 79 61 80 90 75 41 17 79 19 32 84 79 16 90 64 96 48 89 73 87 93 
77 13 27 52 20 73 69 4 25 51 31 84 6 42 62 83 64 50 2 72 67 28 53 76 6 12 68 33 86 59 
76 62 59 71 30 88 9 91 55 10 82 65 31 92 68 29 64 71 78 93 37 98 71 12 96 59 33 77 78 91 
MACHINES
16 5 15 3 22 21 9 17 20 14 7 27 18 29 24 26 12 6 11 25 30 23 1 13 28 4 8 10 2 19 
20 15 28 6 24 7 4 18 16 27 22 23 13 1 30 14 2 8 5 29 25 9 12 17 21 26 19 10 11 3 
2 10 23 3 27 8 21 1 19 17 26 7 28 24 15 22 13 18 11 9 4 12 29 6 30 14 5 16 20 25 
16 19 1 27 23 7 24 21 17 9 15 28 6 29 26 20 4 11 22 12 30 3 5 10 14 18 2 8 13 25 
15 26 9 23 28 17 6 30 24 10 12 1 16 13 7 2 21 5 3 20 18 29 19 14 8 11 4 25 27 22 
20 5 4 26 18 8 23 1 3 19 16 2 14 17 28 21 29 11 24 30 15 10 7 22 6 25 12 9 13 27 
19 20 24 26 14 16 11 3 12 23 13 18 28 7 5 30 8 2 17 29 10 4 21 9 15 25 6 27 1 22 
11 27 24 13 25 5 12 14 26 6 15 30 20 16 8 22 19 23 3 9 29 2 17 10 28 7 18 4 21 1 
23 21 19 24 14 28 26 13 11 6 15 4 22 10 2 9 12 18 3 7 16 8 30 25 5 17 29 20 1 27 
23 27 13 5 10 20 12 15 26 25 14 11 28 6 16 19 1 17 8 29 9 30 22 24 2 4 7 21 18 3 
6 13 19 1 26 5 23 20 3 8 11 12 28 30 29 24 21 15 10 25 4 22 9 14 7 18 2 16 27 17 
2 6 9 26 17 24 3 1 15 23 20 19 16 12 18 11 5 8 27 28 10 13 21 7 4 30 14 22 29 25 
2 28 10 29 12 24 21 6 7 14 26 22 27 16 13 5 3 18 9 17 11 15 23 20 4 30 1 25 19 8 
21 6 28 29 14 13 25 22 15 4 30 11 8 24 23 7 17 18 16 3 9 2 26 1 19 10 12 27 5 20 
20 10 30 26 13 17 19 21 6 12 4 14 15 11 9 3 23 25 22 8 5 18 28 7 24 2 1 29 27 16 
27 15 5 24 3 7 22 13 11 16 6 2 8 12 18 23 25 29 20 10 26 21 4 14 9 17 19 1 30 28 
20 22 17 25 2 27 24 30 6 9 7 14 29 11 4 16 26 10 23 15 13 8 19 5 28 21 12 3 1 18 
2 6 27 8 26 20 5 17 11 7 28 14 22 3 1 30 15 10 21 29 18 9 23 16 24 19 13 25 4 12 
21 11 17 5 25 6 3 16 27 14 12 22 7 30 26 28 23 8 24 15 4 1 9 10 2 18 20 29 19 13 
27 12 13 15 24 11 2 28 17 19 10 30 3 8 29 25 4 18 1 7 5 20 21 22 9 14 16 26 6 23 
4 1 7 27 28 29 10 13 22 26 6 20 2 14 25 19 16 8 3 18 11 30 24 9 23 5 15 21 17 12 
21 6 3 13 25 10 15 19 4 1 18 5 8 26 24 28 22 27 23 30 14 9 16 12 2 29 11 7 20 17 
20 26 23 24 17 22 10 4 27 12 1 21 28 7 16 18 5 6 8 13 9 14 3 2 29 25 19 30 11 15 
10 1 29 2 25 4 14 18 16 27 19 28 7 12 26 15 9 20 23 17 30 22 5 21 13 24 3 11 6 8 
27 6 2 30 21 12 28 3 8 9 23 5 26 29 14 24 25 13 16 1 20 7 17 10 22 11 4 15 19 18 
28 6 8 21 1 2 3 19 4 11 5 27 25 13 23 20 18 26 9 29 16 15 17 14 12 7 24 10 22 30 
30 13 29 1 22 16 26 10 5 2 28 19 8 6 4 14 12 20 17 11 27 3 23 24 18 15 9 21 7 25 
6 16 19 25 26 5 22 21 18 12 10 15 9 27 1 20 7 14 4 23 8 2 17 11 29 3 24 28 30 13 
5 11 14 29 24 6 17 18 9 2 20 21 4 22 16 30 1 15 13 7 27 19 10 26 3 12 8 28 23 25 
30 12 20 1 11 9 27 8 14 23 17 7 22 19 26 24 3 25 4 10 28 13 29 2 18 15 16 5 6 21 
