2461439389,8457451234
30,30,30
14 65 61 21 49 61 46 40 79 19 51 90 89 84 28 77 56 47 61 19 85 63 92 49 30 23 82 63 94 26 
16 29 14 3 12 82 65 82 23 56 86 61 30 23 3 44 5 30 93 26 1 46 53 76 57 62 32 42 21 75 
12 73 2 91 80 97 4 77 37 16 71 81 76 34 51 36 67 85 43 38 56 56 71 62 88 51 5 41 1 86 
37 41 63 41 99 49 40 6 48 10 20 63 71 67 86 33 2 76 50 92 24 83 71 93 14 93 75 74 34 89 
2 22 80 93 85 60 7 92 28 17 12 28 9 37 3 90 88 89 74 57 12 23 25 15 73 43 2 12 4 3 
21 24 11 25 44 59 21 2 29 99 60 77 4 95 80 64 25 33 50 86 35 33 36 81 54 12 72 73 51 90 
1 56 90 61 99 13 79 12 38 61 10 68 81 64 76 77 29 82 62 16 79 97 30 58 18 5 26 2 30 89 
25 55 52 73 50 23 47 65 16 31 84 72 19 6 15 34 5 3 80 13 83 20 89 68 17 72 12 47 1 88 
77 62 50 47 44 10 63 36 36 32 77 14 9 4 60 7 3 78 67 96 74 4 42 33 54 55 27 75 67 33 
60 15 40 4 9 65 34 87 42 93 63 32 64 73 82 76 14 48 15 51 77 29 62 92 42 28 79 76 86 55 
8 73 77 45 71 59 65 24 12 93 10 68 9 65 17 89 16 2 96 65 67 90 64 95 17 71 82 17 73 43 
32 24 67 15 14 36 21 67 71 50 43 57 66 23 73 30 46 54 75 47 80 61 95 72 40 12 39 65 93 63 
81 50 90 63 40 72 1 73 35 45 99 75 1 33 10 38 61 72 1 64 24 60 82 90 40 95 68 8 78 53 
62 23 63 61 31 59 74 38 50 92 64 15 36 67 72 37 5 34 30 73 97 62 75 74 44 41 40 60 45 65 
57 48 68 29 39 90 65 63 13 19 95 15 30 63 42 95 11 57 9 9 62 32 81 79 88 88 90 94 51 36 
86 97 7 10 81 82 86 9 23 9 59 24 10 81 92 56 40 16 90 84 6 9 65 5 48 10 88 96 24 43 
1 41 12 23 19 33 24 53 66 13 87 97 37 12 72 86 37 33 70 14 37 1 65 51 30 46 17 28 15 29 
82 61 29 99 18 82 49 54 94 96 39 66 69 46 15 69 67 76 58 66 68 60 82 75 30 17 68 9 57 75 
59 84 12 51 4 76 53 52 97 69 5 64 17 78 78 78 16 20 94 26 7 40 28 90 87 13 37 6 65 42 
57 46 5 27 12 25 30 40 14 29 38 24 92 28 93 93 13 80 67 61 3 31 56 57 39 87 63 56 39 57 
82 34 92 88 73 22 49 58 29 49 94 95 47 78 30 41 77 70 51 82 5 12 9 34 12 74 52 97 8 81 
70 40 4 2 92 22 64 63 60 95 68 48 42 67 59 62 70 76 4 50 32 97 7 40 8 65 78 34 60 98 
51 12 43 58 56 7 75 18 57 4 48 81 41 20 22 86 9 6 63 4 1 30 3 83 88 89 38 40 40 80 
84 44 59 50 30 46 57 65 3 54 49 35 36 5 14 2 20 33 65 23 99 27 27 85 60 47 67 76 19 79 
89 29 86 61 92 57 90 48 13 88 65 23 63 54 4 11 82 28 92 8 41 22 31 87 98 23 79 36 71 2 
1 47 97 74 87 53 75 53 81 43 72 14 73 37 46 92 49 24 53 29 86 70 71 45 5 55 74 52 64 54 
8 67 89 35 53 80 39 33 91 7 85 46 15 36 38 61 69 98 4 39 33 66 17 89 11 55 21 81 34 42 
52 30 70 52 5 26 21 28 12 93 25 91 54 13 13 25 85 25 14 6 63 48 13 13 3 91 38 41 40 87 
49 72 10 47 8 16 68 24 44 62 61 49 3 16 11 5 60 93 92 96 10 95 40 9 90 14 94 33 98 32 
58 74 79 13 61 12 67 62 98 99 84 49 44 34 57 50 7 1 13 96 19 71 73 88 10 99 98 83 32 79 
MACHINES
5 27 19 17 13 26 16 28 11 24 7 21 2 10 3 15 29 1 20 23 4 6 30 14 9 18 12 8 25 22 
24 4 13 20 11 6 30 16 1 19 23 15 10 8 9 2 25 18 7 27 28 21 29 12 17 5 3 26 22 14 
26 24 17 2 14 22 12 15 16 23 20 5 9 7 8 4 25 21 18 30 28 1 11 10 27 13 29 19 6 3 
3 24 21 4 15 16 8 12 9 25 17 23 6 2 22 20 5 30 14 27 7 26 13 18 19 1 11 10 29 28 
20 21 29 27 26 30 1 24 15 5 7 23 16 9 8 3 10 14 6 17 11 22 4 28 12 13 2 25 18 19 
29 3 9 24 11 1 27 23 7 16 13 10 5 4 17 22 2 14 19 25 28 26 12 6 8 30 21 20 18 15 
6 9 4 21 24 2 7 28 19 3 11 15 5 14 30 23 8 18 17 20 1 26 29 12 27 25 10 22 13 16 
18 22 25 16 26 11 4 9 8 27 10 19 6 5 15 21 7 23 13 29 20 30 3 1 28 17 24 2 12 14 
22 10 12 11 24 4 18 16 21 17 6 13 3 1 23 7 8 25 29 20 2 30 28 14 15 5 27 26 9 19 
5 29 24 6 17 25 18 15 20 7 28 19 16 22 1 30 21 11 14 23 2 26 9 4 13 27 3 12 10 8 
20 2 29 13 7 3 23 6 30 4 27 25 5 10 24 22 28 26 18 12 15 21 17 19 16 8 11 1 9 14 
1 5 14 19 2 7 12 22 16 15 26 4 3 21 27 24 11 30 10 9 18 28 13 8 25 17 29 23 6 20 
18 28 6 10 23 22 7 21 25 13 30 12 29 3 9 14 5 17 4 20 11 15 2 8 1 19 26 24 16 27 
26 21 3 5 16 28 30 17 4 12 22 25 18 1 27 6 24 10 15 11 20 14 23 2 8 29 9 19 13 7 
3 30 11 5 12 6 2 4 7 21 16 28 20 14 24 13 18 15 17 8 26 27 22 10 23 1 9 29 25 19 
3 5 7 9 11 1 4 28 22 19 20 23 6 8 29 18 12 16 2 13 10 14 24 15 21 27 30 26 25 17 
16 13 5 14 1 12 9 7 4 19 30 29 18 28 22 27 10 17 24 21 25 15 23 6 2 11 26 3 8 20 
29 18 19 27 25 7 17 8 23 2 28 26 1 22 9 30 10 3 14 4 21 16 6 5 24 20 13 12 11 15 
8 29 7 9 27 15 28 12 13 6 23 5 19 10 21 11 24 17 2 14 1 22 3 26 18 25 20 4 30 16 
12 30 3 7 28 17 27 15 26 8 25 6 20 1 2 19 9 13 21 10 5 14 4 24 23 11 22 29 18 16 
8 19 12 14 10 17 22 25 4 7 26 20 11 6 1 24 2 27 16 3 15 9 5 28 18 21 23 29 30 13 
8 25 24 18 16 5 6 23 29 28 9 3 27 13 17 12 10 26 4 15 14 30 1 20 21 7 22 11 2 19 
22 25 7 2 21 1 26 29 5 23 12 15 13 28 20 17 11 10 6 3 16 27 14 4 8 24 18 19 9 30 
9 12 19 13 15 29 18 1 10 3 17 28 8 26 5 11 30 4 25 23 6 24 21 2 16 14 27 22 7 20 
29 23 6 12 4 5 20 17 16 7 8 14 30 3 19 2 26 21 1 22 9 13 15 27 24 11 25 10 18 28 
1 21 7 22 13 23 16 19 12 20 14 29 28 9 15 6 18 4 30 25 27 17 8 10 26 11 24 3 5 2 
8 30 22 3 16 15 21 14 9 12 6 18 2 24 26 4 11 13 28 29 19 10 1 17 27 23 7 5 20 25 
10 15 22 13 24 5 1 6 20 9 14 7 19 18 29 8 30 4 21 12 11 23 2 16 17 25 28 27 26 3 
18 11 4 16 5 30 3 23 14 15 6 2 28 19 20 25 22 29 21 10 12 24 13 8 27 1 26 7 9 17 
19 8 7 18 23 1 24 14 11 15 29 28 2 20 4 21 26 10 12 16 13 30 6 9 25 5 17 22 27 3 
