2955404100,1714234319
30,30,30
23 68 92 56 41 66 64 61 66 94 64 85 21 35 54 20 36 99 96 51 12 88 28 91 31 21 88 2 20 16 
92 50 86 33 15 11 59 27 69 42 82 77 99 75 31 6 84 7 16 77 57 84 39 18 15 31 75 8 95 79 
67 89 70 63 99 19 10 27 60 72 66 51 23 35 67 45 34 71 64 69 95 27 9 40 63 25 91 15 56 55 
62 53 67 42 60 58 8 95 78 94 65 54 6 11 23 36 99 13 47 40 75 84 43 77 42 73 22 17 77 44 
79 50 90 8 7 39 31 5 7 18 68 49 47 75 88 25 50 46 10 76 26 97 18 26 47 68 33 20 80 78 
29 12 97 61 32 84 33 13 3 20 76 48 59 8 73 49 41 28 24 8 90 36 76 34 17 27 29 97 91 13 
19 62 28 15 53 22 43 1 45 58 84 10 30 92 62 34 44 44 85 34 39 31 58 77 24 42 71 59 19 89 
35 31 54 87 71 38 42 57 76 87 87 40 75 37 99 78 67 23 93 72 51 15 54 24 84 87 58 12 39 84 
87 47 89 45 77 85 5 45 80 28 25 86 70 34 43 77 50 85 36 13 71 70 49 56 66 1 82 58 96 46 
56 73 98 93 85 12 80 74 88 22 73 34 34 32 57 81 79 54 71 18 45 40 40 66 59 32 32 82 96 71 
60 6 77 62 84 29 15 57 6 72 18 92 66 43 77 72 16 73 82 46 43 42 76 11 52 11 17 61 6 58 
23 79 29 69 89 12 50 59 66 21 73 28 9 8 29 28 81 99 6 96 60 49 80 30 66 50 28 71 38 51 
39 12 54 73 75 53 82 31 54 61 17 59 9 74 26 80 81 17 53 36 93 78 23 71 20 53 36 41 26 25 
68 28 2 98 37 79 66 33 6 26 37 50 59 14 40 38 50 23 96 87 50 26 18 96 3 9 68 12 4 45 
97 59 71 73 5 15 40 39 7 1 97 13 38 28 63 58 97 7 88 70 75 91 34 67 4 80 18 51 38 24 
6 49 30 40 23 96 5 31 29 39 77 9 9 61 97 31 82 27 85 78 64 59 96 84 10 78 8 75 98 24 
76 60 64 34 70 57 36 48 74 66 72 4 96 74 29 52 86 73 74 69 37 96 15 41 99 36 32 48 45 8 
30 62 67 2 91 82 59 91 68 11 11 93 6 96 41 92 62 33 80 1 89 34 25 57 35 92 20 7 36 55 
43 52 72 43 20 92 4 12 46 20 74 9 93 47 51 29 12 97 69 21 67 94 47 97 34 4 14 80 29 61 
31 45 86 96 20 8 89 50 63 88 62 42 47 13 30 90 97 6 31 18 22 25 99 25 5 28 58 95 97 23 
10 72 33 10 11 68 99 52 47 46 97 81 72 50 64 15 42 41 26 1 4 63 7 20 50 71 36 55 27 79 
67 96 17 38 76 79 33 33 81 16 72 76 64 91 4 11 25 25 3 55 53 10 68 52 45 61 94 9 78 88 
77 4 12 54 65 62 68 21 39 4 40 88 70 58 99 13 43 60 13 28 71 17 25 53 94 77 39 23 33 8 
99 73 88 2 66 28 22 96 58 39 29 63 35 31 76 84 91 36 17 48 60 97 97 94 23 54 29 86 30 75 
32 1 29 79 74 53 63 20 33 89 51 39 69 74 75 97 6 29 94 73 33 47 20 89 72 66 26 32 91 86 
75 70 72 39 65 98 95 73 90 48 30 10 72 66 35 35 98 96 57 67 90 39 9 44 4 16 80 91 67 57 
58 26 22 84 26 62 15 90 72 60 69 27 48 97 20 79 15 86 44 4 71 83 33 96 76 78 72 73 96 98 
92 77 35 88 3 43 76 29 15 31 55 33 31 39 27 96 15 19 32 18 53 56 65 20 19 73 84 85 43 54 
49 57 90 8 97 97 23 4 52 83 44 33 39 22 7 89 65 48 5 20 63 52 95 87 47 44 22 87 56 78 
11 91 14 18 92 65 80 35 58 57 14 6 50 53 92 26 83 66 43 24 95 44 85 67 73 20 44 25 77 40 
MACHINES
3 13 8 2 25 6 22 21 29 28 14 23 10 17 1 18 7 19 15 4 27 9 12 26 16 11 5 20 30 24 
23 16 17 15 21 22 4 18 19 3 8 11 9 5 7 1 25 13 29 26 6 30 24 14 12 10 28 2 20 27 
6 21 7 13 3 8 27 20 12 15 5 16 23 25 19 1 24 28 11 4 9 22 26 29 14 10 2 17 18 30 
25 17 8 4 14 12 26 3 22 30 2 18 6 19 23 7 15 20 28 16 10 13 21 27 5 9 24 1 11 29 
1 23 29 3 6 5 30 9 22 14 8 7 20 25 18 16 21 4 26 15 19 13 24 10 27 2 12 28 17 11 
28 16 1 30 8 29 25 3 26 23 10 15 19 22 21 27 13 7 9 17 5 11 6 12 14 18 4 24 2 20 
10 20 8 18 6 5 4 14 15 22 30 28 9 24 29 17 23 19 26 3 25 12 21 27 16 11 1 13 7 2 
28 23 30 17 27 13 14 4 10 21 2 19 18 12 22 5 1 16 26 9 11 29 6 8 15 3 25 7 24 20 
1 24 20 17 4 27 2 7 3 22 30 12 16 8 14 28 21 5 18 10 9 11 23 13 26 25 6 15 29 19 
17 18 2 12 4 23 20 7 15 27 21 13 24 1 25 29 22 30 5 9 19 6 14 3 11 28 10 26 8 16 
1 17 13 6 23 27 14 18 30 29 12 11 20 2 28 7 22 19 4 8 16 3 5 10 9 26 15 24 21 25 
29 15 2 23 20 28 9 24 3 4 13 27 25 17 26 12 19 1 7 14 8 5 30 10 21 16 6 11 18 22 
28 11 17 26 4 29 9 14 22 16 20 10 15 8 3 25 12 30 13 6 2 21 18 1 24 7 23 27 5 19 
25 24 5 9 28 8 18 7 13 21 4 19 11 26 3 27 30 23 10 22 17 20 12 15 2 29 6 14 1 16 
1 17 9 15 27 10 8 28 6 18 24 30 4 20 26 21 12 25 2 7 29 16 22 19 13 23 5 14 11 3 
1 27 19 12 24 8 25 18 7 14 11 6 22 23 9 20 30 17 29 21 10 3 26 2 28 5 16 15 13 4 
9 11 18 1 3 27 22 24 14 16 8 25 13 4 20 5 12 23 17 10 19 15 28 21 2 6 30 7 29 26 
28 22 8 19 30 21 25 5 17 27 20 2 7 11 3 13 6 4 14 24 18 1 15 10 23 9 12 26 29 16 
23 6 10 11 4 28 21 15 24 13 26 22 8 9 27 19 12 16 5 18 29 25 2 17 1 20 14 3 7 30 
27 15 24 13 26 6 29 4 25 11 3 28 21 30 8 18 1 12 23 5 14 22 10 20 7 2 9 17 19 16 
4 21 2 19 17 5 7 15 26 9 8 20 12 27 1 29 11 23 24 16 25 13 22 10 18 6 14 28 30 3 
29 7 2 15 4 18 11 28 6 14 26 8 20 9 10 25 17 12 19 16 21 22 27 1 24 3 23 30 13 5 
17 8 6 25 10 13 5 4 27 22 28 15 24 16 7 18 21 29 20 14 26 2 11 23 3 30 19 9 12 1 
25 9 11 1 20 17 23 14 22 4 19 24 12 5 18 15 7 21 10 6 27 26 16 3 2 29 8 28 13 30 
28 23 30 6 19 18 8 29 27 15 10 11 21 13 24 4 16 20 2 26 17 12 1 7 3 5 9 25 22 14 
24 4 17 16 3 7 6 8 13 29 26 10 23 28 1 27 22 19 20 14 2 30 18 25 21 9 12 11 5 15 
19 15 7 3 13 17 4 11 1 21 16 29 23 14 22 5 6 2 30 10 8 26 20 9 18 12 24 28 27 25 
23 26 1 15 24 17 30 9 21 18 11 10 7 16 25 20 8 22 6 13 12 28 3 2 27 5 4 29 14 19 
8 9 11 3 6 1 27 25 4 12 20 15 28 7 14 24 22 29 10 2 5 17 26 18 21 13 30 19 23 16 
20 16 18 21 12 26 5 11 1 30 6 23 14 2 25 22 13 28 24 3 29 10 8 17 19 27 15 4 9 7 
