1716656581,5127239627
30,30,30
67 81 33 33 63 83 49 70 48 15 74 78 25 9 72 70 68 40 17 96 95 56 63 18 8 5 19 35 26 91 
37 70 34 56 36 16 84 84 94 82 66 99 72 36 21 38 44 92 27 73 2 61 64 34 49 15 41 84 93 19 
71 66 9 25 41 6 94 11 45 88 93 74 36 38 25 29 48 97 60 2 78 63 76 69 96 14 14 33 68 30 
52 2 40 63 40 71 29 14 49 82 28 93 49 19 95 9 43 27 16 63 55 34 23 70 48 78 73 61 24 53 
77 36 88 79 25 56 48 21 7 89 73 82 76 90 57 89 1 86 77 83 59 95 27 27 20 75 5 89 57 67 
67 4 97 35 90 90 7 84 99 85 40 26 30 24 41 60 97 73 95 36 15 6 4 29 14 85 36 18 85 58 
36 8 72 74 58 85 26 96 73 3 63 61 39 76 89 36 48 99 83 18 94 80 12 72 90 34 56 77 60 62 
32 95 63 43 11 54 61 51 59 48 6 69 93 72 22 93 31 8 90 76 8 89 46 52 50 78 59 90 68 49 
55 92 45 49 73 13 60 58 23 74 40 33 69 4 91 63 96 2 87 77 77 56 14 6 80 96 66 11 4 35 
52 21 30 41 23 84 85 91 7 9 16 48 71 36 37 33 63 35 50 2 99 90 33 20 38 64 74 25 26 25 
44 11 70 18 95 60 12 16 29 8 81 93 5 68 17 89 41 78 13 57 18 80 84 56 84 5 87 75 69 15 
71 31 96 53 34 22 92 96 30 57 18 16 54 65 21 17 47 40 38 34 11 18 59 29 62 17 14 76 4 32 
39 77 4 50 79 44 71 54 58 20 52 43 72 67 32 3 77 7 67 84 30 6 36 72 31 77 40 7 60 44 
26 77 80 30 65 44 98 26 73 78 5 26 65 55 92 3 16 48 91 97 69 11 6 33 80 8 73 83 70 43 
31 92 86 64 46 60 73 21 53 13 3 75 5 51 63 57 90 73 14 25 62 9 6 1 74 89 5 74 45 13 
54 74 14 75 96 66 76 98 62 51 63 11 82 61 78 25 60 26 3 26 54 38 58 51 50 5 37 18 63 74 
77 26 63 79 36 60 64 90 53 53 90 13 78 33 89 8 46 33 10 97 58 46 38 48 14 82 72 44 90 11 
46 65 73 40 75 43 41 41 67 22 63 54 2 35 13 75 84 86 72 58 25 77 64 68 77 16 5 74 36 88 
74 70 8 29 27 9 42 87 82 9 84 52 12 90 44 28 51 37 37 19 21 5 42 45 52 67 38 67 6 95 
34 49 74 65 53 80 70 61 61 94 50 52 12 71 8 23 25 72 9 50 17 42 80 38 54 93 14 74 83 69 
81 25 84 80 63 4 19 11 49 45 25 63 12 85 53 10 68 99 72 88 58 20 6 24 24 7 49 7 21 54 
85 23 95 61 1 34 88 22 58 62 94 49 97 81 15 40 78 47 75 75 61 17 38 54 60 63 50 74 29 47 
69 57 69 1 5 70 66 79 73 44 47 66 66 27 84 10 83 71 5 38 74 47 29 1 76 81 53 30 96 46 
64 49 50 46 88 18 24 58 19 90 77 88 51 43 16 64 6 19 47 77 57 30 29 9 89 89 34 8 18 93 
30 79 43 11 36 34 30 89 37 90 57 85 46 82 22 58 56 93 14 9 49 40 57 62 91 85 33 6 59 31 
91 79 3 24 46 2 68 62 77 67 31 51 38 14 31 7 56 20 14 49 88 57 7 80 81 86 42 98 52 11 
56 65 97 5 1 13 75 97 7 48 33 2 78 10 11 84 96 92 95 15 79 5 12 27 53 1 86 98 35 3 
46 2 98 71 80 92 49 19 95 76 90 99 40 5 3 22 90 47 24 98 19 57 80 54 23 21 61 59 20 68 
44 52 75 24 30 40 92 13 27 24 18 97 73 19 86 51 99 11 31 41 41 21 26 28 59 15 63 99 40 34 
30 32 58 84 33 55 76 53 73 27 3 92 38 59 52 65 71 22 48 42 44 40 61 7 67 91 24 42 42 54 
MACHINES
6 21 30 13 11 10 7 26 20 1 14 19 3 5 25 28 17 18 9 4 8 24 23 12 2 29 22 16 27 15 
15 26 24 2 13 1 30 22 28 18 25 7 27 12 14 20 11 3 16 17 9 19 8 5 23 10 21 6 29 4 
15 17 5 4 22 9 26 10 29 16 19 20 6 24 25 13 21 2 27 8 14 3 12 11 28 18 23 1 7 30 
22 9 18 25 19 20 23 12 26 21 24 30 4 1 5 17 29 8 15 16 6 28 10 2 13 27 11 14 3 7 
7 29 23 28 17 16 14 4 6 12 20 11 19 27 5 24 13 18 30 26 15 10 2 25 9 3 21 1 22 8 
25 12 19 27 22 21 16 15 20 18 3 14 5 24 28 30 29 23 2 8 17 9 26 6 11 10 1 13 4 7 
8 5 3 21 2 10 11 29 12 23 24 26 17 14 25 27 9 22 30 15 16 1 4 18 6 13 7 28 20 19 
5 6 16 29 11 21 27 2 30 24 18 20 7 14 13 19 8 4 28 17 22 15 1 9 26 25 23 10 12 3 
25 30 13 28 11 10 15 24 21 17 22 12 29 18 6 16 9 7 23 5 20 26 14 27 4 2 19 8 3 1 
23 5 17 19 3 15 6 22 14 24 26 7 29 9 13 18 8 12 11 28 27 21 20 2 25 16 1 30 4 10 
4 2 8 25 28 23 14 10 18 1 16 9 7 24 17 19 20 27 3 11 21 12 13 5 6 15 22 26 29 30 
7 26 28 6 11 29 17 21 23 20 30 1 24 8 27 18 9 12 4 14 10 3 2 16 22 5 15 13 19 25 
24 11 12 5 22 10 6 17 28 2 8 19 23 18 14 9 1 29 3 21 16 30 4 15 27 7 25 20 26 13 
15 25 12 9 4 1 14 28 23 3 11 30 20 24 17 7 10 6 29 5 27 26 18 22 16 13 2 19 8 21 
22 26 19 6 25 7 5 29 11 27 2 24 1 21 30 20 28 10 8 12 18 14 15 9 3 17 4 23 13 16 
7 24 10 14 6 23 18 20 9 11 12 5 30 13 19 21 1 4 2 26 29 17 16 28 27 22 3 8 25 15 
27 5 2 18 22 4 28 9 14 6 21 26 16 7 29 3 13 10 17 30 24 11 1 23 12 19 15 25 20 8 
19 28 20 10 2 9 23 11 17 30 4 21 13 8 24 22 27 7 5 16 15 14 1 18 3 29 12 6 25 26 
29 24 13 17 30 26 2 16 19 12 28 21 6 25 23 3 27 14 15 20 10 5 8 18 7 22 11 1 4 9 
13 30 18 29 25 2 24 28 15 27 4 11 5 7 14 8 12 17 20 21 9 23 22 19 10 3 1 16 26 6 
6 27 22 18 3 9 12 29 19 10 28 14 20 25 26 1 17 30 15 24 2 4 23 5 13 16 8 11 7 21 
19 2 24 17 30 13 12 9 6 22 28 26 4 23 1 5 8 27 21 3 16 20 18 25 7 29 10 15 14 11 
19 21 26 16 8 20 23 11 3 24 4 29 28 1 22 27 5 6 2 18 25 15 12 17 30 13 10 9 14 7 
12 26 17 6 16 5 9 10 24 19 29 11 7 4 1 3 28 22 30 8 15 2 27 25 18 20 14 23 13 21 
15 20 13 5 17 27 26 14 11 9 22 6 12 2 28 7 18 10 4 3 19 29 24 8 16 23 30 1 21 25 
13 24 29 16 23 12 5 1 19 14 18 25 27 9 20 3 15 4 2 17 8 21 7 11 22 30 10 28 6 26 
22 12 10 25 19 1 15 18 14 4 24 13 23 16 11 27 6 5 28 17 29 26 2 9 20 7 30 8 21 3 
6 21 28 22 24 25 4 20 18 14 1 5 8 16 15 30 7 9 19 26 17 12 13 11 3 27 2 23 29 10 
19 2 3 9 22 10 26 8 11 28 12 20 23 21 13 7 24 14 6 18 25 29 16 30 4 1 15 5 17 27 
18 13 2 10 14 1 17 23 25 29 27 22 5 9 28 21 26 20 4 15 3 7 6 16 11 30 24 12 19 8 
