5948659669,4279971722
10,15,15
64 63 98 92 53 75 7 26 83 38 98 40 32 43 21 
61 9 30 1 42 2 35 35 55 47 58 86 12 69 95 
44 42 24 47 11 3 80 10 53 66 60 44 92 34 30 
61 11 55 6 35 37 92 36 68 14 29 55 52 45 27 
42 61 68 56 17 6 88 34 95 43 71 76 91 75 81 
19 35 2 6 27 8 48 74 96 62 35 29 15 42 39 
41 92 57 24 71 60 14 62 45 14 55 41 21 8 2 
13 15 5 92 48 93 67 97 96 46 37 61 34 22 60 
85 66 27 54 64 19 52 26 38 2 66 3 79 79 83 
79 37 23 71 32 85 16 54 58 62 61 41 16 32 90 
MACHINES
7 5 13 15 6 14 8 4 3 1 12 10 11 9 2 
12 15 13 5 10 1 14 4 7 9 8 11 2 6 3 
3 8 2 1 15 5 14 6 7 10 13 11 9 4 12 
7 3 11 2 14 12 1 15 13 8 5 4 6 10 9 
13 2 10 6 3 9 4 11 12 7 14 5 8 15 1 
5 11 15 13 6 9 4 12 1 8 3 14 10 2 7 
6 7 5 12 2 9 8 15 4 1 13 11 3 14 10 
13 7 10 5 15 2 6 9 8 1 14 4 12 3 11 
14 5 2 10 6 9 11 12 3 8 1 4 15 7 13 
9 14 11 1 10 2 4 6 13 12 7 8 15 5 3 
