7349494166,2902095233
10,15,15
87 93 57 47 99 86 45 67 18 63 92 32 74 16 21 
99 16 51 32 86 32 69 58 95 27 56 8 26 45 56 
66 57 80 96 35 95 8 47 29 74 27 80 17 46 1 
41 40 44 54 96 99 87 51 76 83 59 2 8 58 27 
78 77 52 71 96 70 70 71 81 61 92 57 76 21 93 
58 35 38 15 57 86 91 23 72 14 4 40 65 21 42 
7 79 3 50 2 80 82 28 94 67 17 56 18 49 70 
45 27 2 27 22 28 10 30 52 75 47 58 4 26 94 
26 69 63 49 43 74 59 89 65 29 33 19 73 98 47 
58 12 61 99 47 13 80 70 29 83 98 65 37 50 85 
MACHINES
13 9 6 1 7 11 10 2 4 14 3 12 5 15 8 
10 13 11 8 12 5 14 6 7 3 9 4 1 2 15 
14 2 13 11 10 6 1 12 5 9 3 4 7 8 15 
11 12 4 2 13 8 14 9 6 3 1 10 5 15 7 
6 9 12 13 7 10 8 3 14 1 11 15 5 4 2 
14 15 4 7 2 13 12 5 6 3 11 8 1 10 9 
9 1 10 6 7 11 5 3 8 14 15 4 12 13 2 
4 7 15 10 13 5 9 2 14 12 8 3 6 11 1 
7 3 12 11 10 2 8 1 6 4 14 13 9 5 15 
3 12 4 8 6 13 1 9 14 2 11 15 5 10 7 
