4999613820,2675371158
10,15,15
44 58 83 56 90 88 36 69 90 39 15 82 29 38 46 
63 87 36 55 39 93 75 4 35 72 87 28 40 7 64 
42 6 58 1 94 66 96 72 75 56 44 3 27 63 79 
83 20 7 58 70 49 36 97 68 71 59 38 84 76 13 
23 15 64 24 76 73 48 5 92 75 1 39 89 95 12 
53 72 50 46 15 20 9 33 38 32 93 40 31 9 21 
95 98 61 14 80 12 30 94 51 70 31 2 91 77 10 
25 4 13 40 33 68 98 29 99 16 22 81 63 94 64 
34 87 88 59 26 14 94 60 6 59 92 76 41 91 65 
17 78 90 99 24 37 38 86 40 26 48 16 52 20 53 
MACHINES
13 8 7 5 4 15 10 3 12 2 14 9 11 6 1 
1 14 5 7 10 11 15 3 13 2 9 4 6 12 8 
12 13 5 1 14 7 6 9 3 10 2 15 4 11 8 
14 13 11 12 1 10 4 2 15 8 7 9 3 5 6 
12 2 10 1 4 15 3 9 7 13 6 5 11 8 14 
2 9 4 8 6 13 10 12 11 7 3 5 14 1 15 
15 3 4 6 9 5 10 13 7 14 2 12 1 11 8 
8 15 5 14 6 11 2 1 4 12 9 3 7 13 10 
10 7 8 12 15 2 13 9 14 11 3 5 1 4 6 
13 8 6 5 15 3 11 12 1 9 14 10 4 7 2 
