5125591746,4922297131
10,15,15
71 20 61 50 21 67 42 18 55 6 76 3 13 46 80 
94 71 90 69 96 31 70 36 58 50 16 92 3 72 32 
21 99 73 65 67 58 67 85 53 75 83 89 43 17 30 
11 75 76 99 97 7 27 72 32 90 89 58 92 21 73 
95 32 40 97 31 27 34 16 44 33 16 11 61 92 14 
66 6 34 97 77 4 64 45 87 64 73 56 74 32 95 
8 37 34 96 38 21 62 28 50 48 41 51 20 44 17 
30 92 35 73 82 82 72 13 99 9 86 88 13 54 93 
7 98 18 34 13 49 94 6 99 70 50 19 42 22 20 
54 45 91 60 62 15 37 48 34 28 29 11 28 51 60 
MACHINES
12 4 11 9 3 7 1 5 14 6 15 13 10 2 8 
13 7 12 1 15 4 14 9 3 2 11 5 8 6 10 
15 2 3 12 5 8 13 11 10 9 1 4 14 6 7 
11 10 14 12 4 3 1 13 8 9 7 6 2 5 15 
2 15 7 1 11 8 5 6 14 3 12 10 9 4 13 
13 8 9 12 11 3 10 1 7 6 2 14 15 4 5 
2 3 1 11 4 13 8 6 7 15 12 10 5 14 9 
15 5 11 9 12 13 7 8 3 4 14 1 10 6 2 
8 12 14 13 1 9 10 4 6 5 3 11 2 7 15 
11 5 3 2 13 14 15 12 9 8 7 1 4 6 10 
