3918407691,8859799231
10,15,15
6 24 52 12 33 65 56 46 6 68 23 81 47 27 6 
57 93 28 71 56 46 84 46 48 82 45 41 31 92 45 
93 87 44 5 1 26 27 75 25 94 67 22 7 46 58 
85 70 41 82 19 59 22 66 32 38 20 88 31 76 63 
80 87 45 77 33 74 43 29 96 85 38 64 12 75 28 
74 31 39 50 5 21 33 54 8 25 72 72 98 71 22 
62 59 60 42 92 70 4 30 53 64 55 60 10 16 73 
45 6 62 58 37 42 10 22 42 93 42 44 60 29 46 
72 47 24 60 62 3 87 68 85 67 39 50 18 73 28 
68 33 27 44 47 38 87 15 43 98 84 99 79 69 45 
MACHINES
14 12 1 8 11 13 15 6 9 5 7 2 4 10 3 
8 7 3 13 11 1 2 9 15 4 14 12 10 5 6 
8 12 14 10 13 7 6 5 2 11 9 1 3 15 4 
12 6 14 2 8 13 9 4 11 10 3 5 1 7 15 
11 2 4 7 15 12 3 8 1 13 9 6 10 5 14 
9 4 15 13 12 6 3 2 1 14 8 5 7 11 10 
3 14 10 9 5 11 12 13 15 7 1 8 2 4 6 
6 15 7 2 3 11 1 10 13 4 8 12 9 14 5 
15 3 8 6 11 1 9 12 5 7 2 10 14 13 4 
15 4 13 7 9 6 12 14 3 10 11 2 5 8 1 
