5840616828,4372281572
10,15,15
9 12 93 80 30 40 54 44 17 40 24 78 77 76 71 
1 6 71 21 34 69 41 90 81 21 99 13 44 92 55 
76 13 71 61 46 21 12 59 93 55 8 97 13 46 21 
56 19 88 19 74 34 49 67 87 49 98 21 69 93 26 
67 34 41 50 53 75 42 26 70 50 52 82 34 75 27 
62 74 4 37 45 88 50 86 55 12 82 77 91 31 15 
66 21 47 70 85 52 26 52 46 79 93 51 14 68 5 
96 45 16 59 50 39 4 81 26 82 69 65 76 14 58 
19 39 98 53 2 33 54 65 58 1 64 52 59 58 26 
50 12 63 82 60 13 61 17 7 63 79 24 64 9 67 
MACHINES
13 15 4 12 7 9 8 10 6 5 3 1 2 11 14 
15 12 1 3 7 14 6 2 8 10 13 5 9 11 4 
7 13 1 9 14 12 6 8 4 10 2 3 15 5 11 
2 11 3 4 13 8 15 12 5 7 14 9 6 10 1 
10 4 3 14 12 15 5 13 11 2 1 7 9 8 6 
14 3 4 9 13 2 10 8 12 5 7 11 1 15 6 
3 8 10 12 9 7 15 13 11 6 2 14 5 4 1 
15 2 3 14 12 10 8 5 1 9 4 6 7 13 11 
7 11 13 8 4 15 3 12 10 14 9 5 6 1 2 
10 15 13 9 5 7 1 2 4 6 3 14 12 8 11 
