6535618052,4435418632
10,15,15
23 34 50 70 34 69 30 80 10 85 91 44 69 18 18 
89 99 55 16 69 71 35 54 61 94 84 95 20 28 19 
65 49 13 46 57 24 33 83 80 13 3 35 21 2 56 
51 29 94 72 84 13 60 35 55 4 9 41 51 40 84 
25 62 10 45 76 35 14 49 2 29 41 67 59 41 25 
54 55 52 3 13 44 74 87 21 37 37 11 78 38 32 
69 4 25 24 58 5 59 25 24 56 28 48 86 62 46 
6 97 3 28 68 1 4 52 7 2 23 31 92 25 44 
53 75 96 16 1 56 60 53 43 77 29 89 27 37 36 
38 66 71 88 75 84 2 29 13 55 5 65 54 15 9 
MACHINES
3 11 15 13 8 14 1 2 4 6 10 7 5 12 9 
11 4 13 9 6 7 1 10 8 3 15 12 14 2 5 
13 7 5 11 12 4 1 2 9 3 10 14 15 8 6 
11 14 6 12 2 3 10 8 9 1 15 4 7 5 13 
2 9 11 1 6 12 14 13 4 3 8 5 15 7 10 
11 13 3 2 10 9 14 15 12 8 4 6 1 7 5 
2 1 10 15 13 4 6 9 3 11 8 5 7 12 14 
4 8 13 12 11 15 5 6 14 7 10 9 2 3 1 
12 8 5 9 4 13 14 1 10 11 6 15 3 7 2 
8 5 12 7 1 9 2 4 6 10 15 13 3 11 14 
