1596996423,4360946721
10,15,15
38 89 20 89 5 65 82 3 62 69 33 60 39 5 5 
24 79 91 94 53 38 5 41 78 58 81 79 44 20 64 
78 91 14 42 97 17 21 44 83 16 12 88 16 32 24 
90 77 41 35 48 25 12 89 80 48 67 16 43 57 63 
66 50 92 65 21 63 9 42 15 72 21 81 42 21 49 
40 18 55 67 67 14 65 83 29 25 98 60 99 17 50 
46 89 93 77 47 59 12 80 31 71 43 85 70 72 1 
86 9 77 28 62 52 34 53 63 21 15 59 5 14 1 
28 65 95 13 27 2 40 43 41 67 64 47 9 77 8 
58 97 3 93 50 95 92 55 18 87 22 26 27 83 5 
MACHINES
11 4 12 5 9 2 14 3 10 8 15 6 7 1 13 
1 11 13 3 7 14 5 6 15 12 9 8 2 4 10 
2 15 4 11 12 6 1 3 14 8 9 10 13 7 5 
2 8 12 9 13 11 14 1 5 15 4 6 10 7 3 
8 5 2 14 12 15 7 3 9 11 1 13 6 4 10 
2 7 13 3 6 10 5 9 11 14 4 15 12 8 1 
11 9 2 10 14 4 12 8 1 3 6 15 7 5 13 
2 13 9 10 5 3 14 15 12 11 6 4 1 8 7 
3 13 15 10 8 2 9 5 11 4 14 12 7 6 1 
8 6 10 14 3 5 2 1 4 9 13 7 12 11 15 
