2400693897,5102113676
10,15,15
3 79 3 58 13 5 77 9 28 24 34 47 68 93 30 
59 14 15 31 18 82 4 37 40 24 40 84 54 79 40 
79 10 28 51 99 7 19 5 16 28 72 65 90 57 42 
45 46 95 1 14 78 69 87 54 23 39 48 97 72 85 
44 13 51 20 5 8 10 83 35 24 1 94 62 11 20 
25 27 25 56 31 85 34 67 53 8 7 7 1 98 40 
43 70 48 74 49 48 5 5 90 7 91 6 52 4 34 
32 45 26 64 58 90 86 63 40 80 74 79 47 61 54 
3 2 6 56 88 26 88 8 32 7 82 23 42 33 23 
7 31 84 45 25 57 60 64 38 51 84 42 32 83 5 
MACHINES
11 5 9 10 3 2 7 13 14 15 4 8 12 1 6 
6 1 11 13 12 15 8 2 5 7 4 10 9 14 3 
2 4 1 8 5 10 15 6 3 9 7 14 11 12 13 
9 14 5 2 6 1 12 4 8 11 15 7 10 13 3 
11 6 5 13 14 3 8 15 4 2 10 9 7 12 1 
7 6 3 12 14 11 1 4 15 2 8 13 5 10 9 
8 1 12 9 5 4 15 11 14 3 7 2 6 13 10 
9 12 8 14 11 4 3 6 5 1 7 13 2 15 10 
14 9 12 13 8 11 3 1 6 7 10 15 4 5 2 
9 12 11 3 6 2 14 7 1 5 8 15 13 4 10 
