4607697547,5025883760
10,15,15
42 26 79 56 37 67 63 74 32 30 19 6 15 85 35 
35 96 6 46 3 6 86 35 56 26 94 94 97 77 29 
35 56 62 62 77 58 30 24 51 10 23 86 26 55 20 
69 95 86 15 34 26 37 77 20 4 49 24 65 51 26 
21 25 49 89 72 87 66 87 18 43 23 28 26 27 87 
3 43 38 33 41 59 29 14 74 16 20 18 30 83 19 
43 25 60 53 74 22 52 69 86 41 98 37 56 15 40 
11 28 34 15 98 43 93 46 2 81 81 96 37 81 32 
31 57 73 90 50 32 54 58 39 86 15 37 46 68 77 
19 38 40 49 75 80 2 21 24 56 13 16 34 5 98 
MACHINES
9 12 10 13 15 4 6 7 5 14 3 8 1 2 11 
8 11 12 9 14 10 7 3 2 5 15 6 1 13 4 
10 13 4 8 15 11 1 2 6 5 9 14 7 3 12 
9 4 2 14 8 3 13 6 5 15 10 7 1 11 12 
7 9 8 3 4 12 1 2 13 15 5 6 14 10 11 
6 2 14 3 13 5 12 9 7 11 8 4 15 10 1 
5 12 7 13 3 9 2 6 4 11 1 10 14 15 8 
10 2 15 4 13 7 6 9 3 8 11 14 5 12 1 
1 14 15 4 7 2 13 5 11 8 9 3 10 12 6 
12 9 8 6 15 5 7 13 1 14 3 2 11 4 10 
