7600519177,5210743949
10,15,15
21 63 46 63 57 24 27 61 29 69 71 76 9 73 31 
21 95 22 13 69 20 27 86 83 56 36 4 93 50 10 
13 23 63 59 8 66 52 63 90 82 31 48 52 59 6 
75 33 86 15 27 76 74 52 65 1 3 61 44 3 30 
83 92 47 69 3 22 57 97 56 41 40 36 23 30 20 
1 54 8 76 49 18 32 40 84 4 42 5 43 24 55 
73 83 70 14 33 31 64 54 71 56 46 54 84 20 42 
48 63 62 79 1 8 81 46 17 90 72 38 61 52 60 
14 47 53 85 69 41 57 30 28 60 60 30 98 54 81 
29 10 28 63 97 98 25 50 3 65 37 90 22 21 90 
MACHINES
8 5 10 6 14 12 13 9 11 1 4 15 2 7 3 
8 6 15 7 2 3 11 14 10 4 5 9 13 1 12 
6 1 8 11 4 3 10 9 15 2 13 14 12 7 5 
4 13 12 5 3 9 10 15 2 8 7 14 6 1 11 
13 12 10 8 7 4 5 2 9 6 11 14 15 3 1 
4 5 11 7 14 12 10 2 1 3 13 8 6 15 9 
8 10 4 15 13 6 7 14 11 1 9 2 12 3 5 
6 13 3 2 1 5 9 14 8 4 7 12 11 15 10 
10 14 1 11 12 13 7 4 9 15 6 5 8 3 2 
4 15 14 3 8 6 9 13 10 11 2 1 7 5 12 
