9102695960,1359871288
10,15,15
85 38 71 64 35 73 84 90 34 29 7 89 50 47 51 
17 37 40 83 63 80 92 92 49 26 46 45 51 21 80 
25 93 53 39 46 85 16 78 92 71 55 24 98 64 41 
27 65 44 75 30 83 59 38 1 15 9 27 58 24 11 
86 70 58 61 66 85 83 62 32 89 90 60 64 82 58 
19 79 44 55 2 33 78 37 17 36 54 53 66 21 66 
69 99 45 56 82 77 21 14 88 91 30 58 55 43 23 
90 48 54 85 53 16 99 2 6 62 42 67 51 33 60 
30 18 22 57 20 99 53 10 52 55 18 14 9 29 7 
58 51 24 55 14 58 39 82 64 87 16 26 50 19 40 
MACHINES
1 12 2 14 11 13 15 3 9 4 6 10 7 5 8 
14 15 9 5 3 6 4 11 13 1 2 10 7 8 12 
1 9 4 6 5 7 3 12 8 10 15 11 14 2 13 
1 11 3 12 6 15 9 14 13 8 7 5 2 4 10 
13 12 11 3 5 1 6 7 9 15 10 4 8 14 2 
7 4 5 14 6 12 15 10 2 13 9 3 11 8 1 
13 7 5 1 11 10 9 8 2 6 14 15 3 4 12 
2 8 1 13 4 6 10 15 9 3 7 12 14 11 5 
13 7 9 5 1 3 2 11 8 12 15 4 14 10 6 
13 8 5 10 2 11 1 3 4 14 9 6 12 7 15 
