7448803796,6406297090
10,15,15
5 41 76 47 68 21 95 18 95 31 4 87 69 7 2 
14 17 92 69 70 29 68 21 60 32 49 5 27 24 72 
33 64 57 5 22 69 48 99 3 14 93 35 55 39 52 
42 52 30 50 7 1 95 55 6 47 49 3 37 76 33 
89 44 28 58 10 53 14 44 52 92 30 2 87 36 66 
84 95 12 83 58 67 89 49 62 57 8 61 69 76 58 
12 16 3 5 61 72 22 72 47 96 13 18 71 76 85 
15 90 49 8 5 43 99 19 82 82 31 79 43 32 21 
92 2 87 9 59 21 78 51 27 91 76 43 65 51 69 
93 18 78 32 60 24 64 37 50 4 86 12 27 47 77 
MACHINES
2 10 6 12 9 8 14 15 11 4 13 3 7 5 1 
13 1 11 2 3 9 14 8 15 10 7 4 5 12 6 
11 6 9 14 5 1 15 8 2 3 7 4 12 13 10 
13 14 11 3 5 6 12 9 1 8 10 4 15 7 2 
4 9 11 6 8 5 13 14 1 12 10 7 15 3 2 
14 2 15 1 11 5 12 6 3 9 10 8 7 13 4 
11 5 3 1 9 8 15 12 14 6 7 2 13 4 10 
15 5 4 9 1 3 12 8 11 6 10 13 14 7 2 
2 8 15 7 3 14 5 10 11 9 12 13 6 1 4 
15 13 4 11 5 10 8 3 12 14 7 1 2 6 9 
