3415230783,9756631206
10,15,15
99 57 94 76 7 17 63 25 31 56 80 62 98 43 80 
12 57 81 3 45 46 84 30 66 42 73 3 76 73 12 
23 15 10 62 32 54 57 78 2 56 35 94 55 82 73 
81 42 83 91 3 7 54 62 84 32 60 36 65 25 13 
29 1 88 48 27 74 48 60 9 63 10 92 31 3 62 
22 73 41 25 86 53 72 41 54 21 54 93 25 26 52 
1 36 74 51 59 8 35 6 69 13 14 33 47 8 38 
47 95 45 16 3 61 10 15 4 97 15 23 84 18 33 
5 35 29 16 59 39 23 56 3 37 72 65 57 29 99 
53 48 1 39 16 58 62 3 51 23 1 71 28 80 54 
MACHINES
13 4 5 6 9 3 11 12 15 2 8 7 14 1 10 
1 8 9 5 6 10 2 3 11 4 14 15 7 13 12 
11 14 3 7 5 4 12 9 10 6 2 13 1 8 15 
15 14 8 7 11 10 2 6 12 13 3 1 4 9 5 
14 1 6 9 13 12 2 5 3 15 4 10 11 8 7 
7 8 14 3 2 11 4 1 6 13 9 10 5 15 12 
4 2 8 1 3 15 12 5 7 11 10 6 14 9 13 
4 6 8 9 7 3 5 10 15 13 11 12 14 1 2 
11 14 9 4 12 15 8 13 1 10 7 2 3 5 6 
11 1 8 13 2 3 10 5 4 9 6 12 14 15 7 
