8003364923,3523240270
10,15,15
18 22 39 63 39 75 34 35 31 7 5 96 40 3 49 
19 17 66 88 96 37 53 21 90 78 61 54 29 35 29 
60 14 26 9 79 49 73 75 79 88 1 69 55 46 23 
86 74 55 93 68 16 72 91 26 69 75 88 40 52 74 
30 90 38 76 14 97 49 6 92 66 84 32 86 2 39 
70 59 30 71 26 46 77 12 26 91 63 58 27 43 94 
45 90 26 27 11 26 30 55 97 54 95 73 29 75 56 
8 26 50 61 21 87 43 24 34 94 74 29 60 60 35 
28 89 88 85 8 3 33 60 63 46 98 80 87 14 88 
45 23 42 76 75 54 66 54 84 74 2 83 29 62 67 
MACHINES
5 11 6 13 1 10 9 2 14 3 15 7 4 8 12 
1 10 9 6 4 14 8 15 7 13 2 3 5 12 11 
7 4 8 5 11 15 3 13 14 2 9 6 12 10 1 
15 2 1 5 3 4 12 8 14 7 10 9 6 11 13 
11 1 13 10 14 9 12 6 2 3 8 15 4 5 7 
1 11 8 3 5 2 12 14 13 4 7 9 6 15 10 
5 4 10 9 15 12 11 8 14 6 7 1 2 13 3 
2 9 7 12 11 6 10 15 8 13 3 1 5 4 14 
11 4 3 8 6 2 9 12 1 5 13 10 14 15 7 
14 15 11 5 12 8 13 1 6 7 10 4 3 9 2 
