8251893697,1892371527
10,15,15
40 1 37 51 60 78 23 88 80 76 98 16 90 59 94 
71 79 40 49 9 98 39 2 31 69 46 75 22 16 92 
6 24 39 29 93 71 75 34 58 20 18 48 12 82 18 
31 99 85 24 12 25 64 15 17 49 11 1 70 67 1 
75 73 62 3 13 66 54 83 93 8 55 24 51 9 33 
97 11 73 17 25 56 26 9 59 53 3 36 21 64 80 
19 27 92 68 80 72 2 76 72 98 71 14 2 40 76 
30 88 65 99 6 17 45 75 76 60 33 61 2 95 72 
32 50 44 30 47 84 61 98 20 65 76 26 25 95 1 
27 75 75 72 89 46 81 55 89 8 21 45 98 92 67 
MACHINES
6 14 11 12 9 3 7 5 2 13 1 15 10 4 8 
11 4 6 13 10 8 5 14 1 12 2 9 3 15 7 
6 9 5 2 14 13 3 10 8 11 15 4 1 7 12 
6 3 15 14 11 9 5 12 4 7 1 13 8 10 2 
10 3 1 7 8 5 12 2 4 15 13 9 14 6 11 
8 15 9 7 13 1 5 6 12 2 11 3 10 14 4 
8 5 13 1 14 12 4 3 11 10 6 15 7 2 9 
7 3 8 10 9 4 12 14 6 2 11 13 5 15 1 
8 14 5 3 12 9 6 2 1 10 4 15 7 11 13 
9 3 4 12 2 5 7 14 15 1 8 6 11 10 13 
