8910421656,8351454483
10,15,15
57 47 43 38 28 26 98 5 81 4 29 6 1 45 66 
28 42 74 35 18 97 45 37 5 11 79 20 21 70 41 
76 47 51 78 87 29 90 88 24 45 62 58 74 37 88 
1 11 9 49 16 89 52 9 86 2 36 42 53 45 80 
55 9 30 69 53 30 97 70 16 80 46 21 18 49 92 
89 81 31 79 82 32 7 93 48 85 60 52 44 8 19 
90 56 79 59 77 71 57 35 64 46 49 83 49 44 72 
69 97 19 76 87 65 4 64 91 39 79 45 40 85 89 
96 69 85 7 35 96 56 9 67 98 75 11 21 40 94 
89 10 88 45 94 72 75 47 90 20 98 2 32 10 98 
MACHINES
4 2 6 1 14 12 8 13 11 5 3 9 10 7 15 
14 6 4 12 3 1 15 11 10 2 7 5 8 9 13 
14 15 8 13 2 4 6 1 5 12 11 7 10 9 3 
8 13 11 3 14 15 12 1 10 6 2 5 7 9 4 
2 5 11 14 12 10 4 3 13 15 7 8 6 9 1 
11 8 4 5 15 9 12 2 3 13 1 6 14 10 7 
13 9 11 14 15 1 5 12 7 8 4 6 2 10 3 
4 13 2 10 3 14 5 11 6 8 7 15 1 9 12 
4 7 2 6 12 3 5 11 1 10 14 13 8 9 15 
8 5 11 6 14 1 3 10 2 13 7 9 15 4 12 
