3456787316,5983153248
10,15,15
37 36 70 51 95 85 31 68 93 23 55 60 57 39 36 
22 24 83 15 51 8 60 70 49 30 8 83 21 11 62 
66 76 49 36 55 18 27 84 15 37 76 29 11 98 67 
65 16 86 41 19 82 46 16 46 83 98 38 48 46 8 
72 38 19 14 14 19 82 70 49 89 49 63 36 8 21 
8 5 82 19 54 76 21 41 43 43 52 5 64 92 21 
32 66 37 68 25 12 75 66 18 38 58 14 37 98 16 
19 73 87 93 32 96 75 92 74 2 56 48 5 67 52 
29 21 20 94 63 55 12 84 41 43 17 83 96 88 66 
15 68 93 62 35 79 14 57 29 40 64 16 18 14 50 
MACHINES
2 10 11 1 12 6 5 7 8 4 3 14 9 13 15 
10 2 8 7 14 4 6 11 3 9 5 15 1 13 12 
5 14 10 15 6 11 7 12 4 3 8 2 13 9 1 
4 14 8 1 11 15 13 5 7 9 10 2 12 3 6 
15 4 6 8 7 3 14 9 5 2 12 1 11 13 10 
10 2 11 9 15 1 4 3 14 8 5 6 13 12 7 
14 6 4 10 9 11 1 13 8 2 5 3 15 7 12 
4 7 14 3 13 8 9 10 12 1 11 5 15 2 6 
10 6 9 12 2 8 3 15 7 11 4 5 13 1 14 
7 1 9 5 8 4 14 2 15 12 6 10 13 11 3 
