8937800545,6106933578
10,15,15
12 19 83 20 41 20 43 36 22 34 26 54 33 64 19 
95 48 86 92 73 76 57 92 85 24 6 37 16 78 79 
47 64 65 52 14 1 97 41 77 60 54 95 98 84 85 
23 1 20 9 99 37 98 3 87 52 20 60 85 32 53 
3 78 82 87 35 27 76 37 11 76 92 48 4 60 41 
56 26 85 86 50 37 76 71 80 92 53 38 20 2 4 
32 1 61 92 56 80 52 32 1 97 98 42 50 3 65 
32 42 49 64 95 11 2 67 13 50 67 14 76 33 4 
19 75 79 79 78 99 35 43 69 6 4 17 25 7 1 
32 60 77 60 52 28 96 14 54 80 87 27 29 93 62 
MACHINES
8 9 2 4 14 5 10 11 1 6 3 13 7 12 15 
11 12 14 7 15 6 3 2 13 10 9 4 8 1 5 
14 8 13 9 7 5 1 12 2 11 4 6 15 10 3 
4 11 15 10 7 1 12 3 9 8 14 5 13 2 6 
11 10 3 8 2 4 13 5 14 7 9 15 1 12 6 
6 4 15 11 13 9 10 8 7 12 5 1 2 3 14 
9 14 5 11 3 6 12 15 13 7 2 10 4 1 8 
13 3 14 9 12 6 8 7 11 2 10 5 1 15 4 
9 13 3 10 11 15 12 2 7 14 8 6 4 1 5 
7 9 8 11 15 2 13 1 5 3 4 14 10 6 12 
