7599962486,1033628205
10,15,15
56 84 87 58 29 73 22 73 63 26 96 31 12 55 86 
3 15 40 86 98 39 92 15 91 17 54 95 22 50 50 
99 61 74 11 10 97 34 83 89 44 88 66 87 44 94 
72 88 26 43 86 40 73 8 88 68 68 31 18 8 17 
97 8 63 31 23 21 27 27 45 23 62 92 87 26 65 
37 61 19 90 15 13 15 58 20 30 1 21 84 44 21 
61 43 75 52 26 44 18 74 68 86 80 69 1 52 98 
1 29 80 96 67 45 57 58 98 41 22 55 40 2 57 
35 30 16 9 23 65 4 50 53 18 96 14 77 91 66 
25 38 39 31 9 35 33 96 26 47 79 79 33 2 73 
MACHINES
2 7 14 13 6 5 10 1 8 9 12 4 3 11 15 
3 8 2 7 11 9 10 14 12 1 13 15 4 5 6 
15 9 5 11 10 8 6 2 3 4 7 1 13 14 12 
11 7 6 15 9 1 10 8 12 3 4 14 13 5 2 
9 7 1 11 3 14 13 10 8 15 5 2 4 6 12 
7 4 1 5 14 3 12 11 8 15 6 9 13 10 2 
1 15 3 5 7 12 10 11 2 8 9 6 4 14 13 
5 12 6 8 13 4 11 3 10 1 15 7 14 2 9 
3 4 12 7 14 1 2 10 15 13 5 6 8 9 11 
1 10 2 8 5 15 14 9 13 3 11 6 7 4 12 
