1337495004,6028129253
10,15,15
37 58 45 14 88 32 20 58 48 59 90 95 13 81 13 
76 29 49 37 32 35 54 14 92 59 42 23 72 26 30 
89 61 64 56 8 37 66 64 55 26 91 87 90 78 35 
29 40 11 24 75 78 71 28 88 34 66 63 12 58 58 
73 61 13 29 69 5 52 83 13 67 29 80 79 91 63 
82 16 33 46 9 80 96 23 50 77 43 48 31 49 53 
34 86 92 28 69 99 55 39 16 69 87 4 43 69 62 
82 72 69 66 64 29 75 85 16 86 38 37 25 75 70 
13 11 27 82 82 11 74 40 70 22 62 55 35 60 70 
84 85 4 12 44 59 30 8 69 36 50 90 7 66 31 
MACHINES
11 8 2 4 3 13 5 9 7 6 14 1 15 12 10 
4 3 10 8 13 6 12 2 1 5 9 15 11 14 7 
13 3 1 15 6 11 14 4 8 9 12 10 7 5 2 
5 13 9 1 2 6 15 8 12 7 14 3 11 10 4 
6 3 15 14 11 8 13 12 5 7 4 2 9 10 1 
8 3 15 5 1 9 11 6 14 2 12 4 10 13 7 
13 11 10 9 4 7 14 8 5 3 15 6 2 12 1 
8 2 7 9 13 10 1 6 3 12 15 4 5 14 11 
11 13 6 14 12 7 8 4 1 3 5 15 2 9 10 
5 1 14 3 2 13 8 15 10 4 6 7 11 9 12 
