4325928480,6327039254
10,15,15
74 96 6 53 35 92 48 78 83 6 27 25 57 40 51 
9 36 34 92 60 39 68 5 50 68 85 81 40 44 59 
24 41 25 40 93 23 62 75 46 68 46 90 2 18 18 
63 61 79 67 45 61 7 48 79 66 11 8 62 16 78 
46 59 49 6 39 45 44 54 4 81 50 65 99 41 61 
82 10 94 33 92 85 51 82 27 79 11 79 49 10 80 
68 71 7 14 23 97 9 47 27 64 75 13 68 85 12 
90 39 45 22 53 99 79 49 60 17 80 69 76 91 67 
74 63 99 57 93 32 45 29 99 40 33 3 16 4 18 
75 38 20 24 65 80 56 92 28 91 30 92 28 9 74 
MACHINES
5 14 2 4 10 6 8 3 11 13 9 15 7 12 1 
4 14 15 7 3 5 13 11 8 12 6 10 2 1 9 
9 5 15 11 6 3 10 13 14 8 2 12 7 1 4 
3 15 2 4 12 9 7 11 14 1 13 5 8 6 10 
10 4 9 6 15 2 12 8 1 5 13 11 7 3 14 
9 7 1 12 2 10 13 14 5 15 6 4 11 8 3 
1 4 7 10 11 2 6 5 3 15 12 14 8 13 9 
14 15 8 2 12 7 4 13 1 10 11 6 3 9 5 
12 1 5 13 14 10 4 8 15 7 9 6 11 2 3 
5 2 12 7 4 10 6 8 9 1 14 13 3 15 11 
