4794624455,8881637013
10,15,15
97 78 82 71 12 63 63 16 87 38 99 32 55 48 59 
91 87 59 11 77 16 62 98 82 91 23 65 6 19 78 
78 51 70 75 73 73 40 5 62 20 99 18 36 95 19 
32 98 82 63 33 46 35 90 96 68 14 43 60 8 22 
82 86 80 59 68 90 16 46 5 9 76 13 7 83 38 
42 41 50 95 4 94 8 94 86 83 64 17 8 98 51 
54 96 7 63 47 59 7 19 41 69 63 10 26 68 9 
58 40 31 70 54 43 88 40 35 54 91 76 80 75 57 
85 58 87 57 21 55 63 54 28 84 10 93 44 82 67 
8 5 83 90 39 56 54 29 94 34 79 25 4 19 68 
MACHINES
8 13 4 2 1 10 6 9 3 14 12 15 11 5 7 
12 13 14 10 11 2 6 4 1 5 8 9 7 15 3 
12 10 1 6 3 11 13 15 5 2 9 14 7 8 4 
14 2 5 13 15 12 10 11 8 4 9 7 3 6 1 
13 5 1 11 4 6 15 3 12 8 10 9 7 2 14 
6 1 4 7 3 2 12 5 10 15 9 14 11 8 13 
14 8 6 1 10 11 15 2 13 3 5 7 9 4 12 
13 9 3 7 6 5 11 2 8 15 12 14 10 4 1 
5 7 4 13 6 11 15 12 10 8 1 2 3 9 14 
3 9 10 5 2 13 14 6 15 11 7 8 12 1 4 
