9884910258,3892200598
10,15,15
80 67 90 74 5 96 36 95 2 53 34 97 6 27 89 
26 6 97 15 84 44 74 54 18 25 23 80 11 50 1 
80 85 88 64 36 23 25 75 61 67 27 57 5 43 27 
8 51 89 72 5 81 44 95 23 30 3 10 32 92 89 
97 63 63 37 41 69 17 71 46 64 76 25 77 15 53 
61 99 36 66 46 9 87 39 99 43 59 85 15 29 35 
29 18 31 80 41 16 56 10 9 15 2 49 9 88 72 
59 48 56 31 43 23 35 78 63 43 37 81 30 71 66 
74 96 63 17 15 82 54 82 48 2 62 46 76 65 52 
2 49 70 85 42 85 64 26 80 88 37 23 80 27 2 
MACHINES
15 6 7 14 3 2 10 12 5 9 4 13 1 8 11 
12 6 14 2 8 10 9 13 4 15 3 1 5 7 11 
6 3 7 9 12 14 4 1 11 15 5 2 10 8 13 
15 5 10 1 9 11 6 12 13 7 2 8 3 4 14 
6 11 9 12 5 4 1 10 13 8 3 14 15 7 2 
6 4 7 14 15 1 9 8 5 11 12 2 3 10 13 
15 8 3 9 11 12 1 4 2 13 14 7 10 6 5 
11 15 12 5 6 8 2 1 14 9 3 10 4 13 7 
3 10 6 1 12 14 5 9 4 2 15 8 7 11 13 
4 7 13 3 6 12 8 11 5 15 10 14 9 1 2 
