9240982411,5073102846
10,15,15
97 39 48 58 37 32 41 20 73 53 76 40 29 31 89 
34 45 38 5 39 19 63 11 43 43 21 4 69 18 27 
93 35 10 57 58 73 24 3 5 21 61 33 86 51 80 
65 4 85 52 4 9 67 21 92 98 31 39 5 6 45 
37 20 13 77 46 44 4 24 81 35 59 40 62 64 61 
37 79 31 76 15 88 74 49 82 14 98 83 83 37 96 
45 13 79 62 83 26 86 94 30 49 62 82 24 34 22 
78 31 41 16 59 31 97 88 75 24 69 35 44 24 42 
84 93 15 13 38 71 78 51 86 55 51 54 56 15 45 
23 17 96 15 53 1 55 56 59 50 78 14 72 52 50 
MACHINES
6 10 3 14 5 11 15 8 2 9 4 13 1 12 7 
11 7 2 12 3 14 9 5 1 15 13 10 4 8 6 
14 8 5 7 10 9 3 6 11 2 1 15 12 4 13 
13 4 3 6 11 10 12 5 15 1 7 8 2 14 9 
6 5 15 13 1 9 7 4 8 3 11 12 10 14 2 
4 7 10 3 9 2 14 1 5 15 6 13 11 12 8 
15 5 3 9 2 6 12 14 8 10 13 7 11 4 1 
2 12 13 10 8 15 4 5 9 14 7 11 1 6 3 
9 13 11 5 3 12 15 1 2 7 14 10 8 4 6 
10 5 11 12 8 14 3 6 9 2 7 13 4 1 15 
