7448437677,8889082174
10,15,15
24 79 11 78 97 3 38 27 98 47 71 83 34 41 7 
14 10 82 36 99 45 4 92 33 65 81 7 2 38 65 
92 62 49 69 87 39 40 89 52 42 28 25 39 44 87 
42 16 83 24 50 48 26 84 65 30 6 67 18 78 38 
74 5 59 21 6 85 86 47 47 82 70 26 68 81 2 
36 66 82 24 88 2 48 53 42 52 74 21 19 81 70 
95 31 10 98 27 51 74 39 86 49 24 24 60 15 7 
69 23 83 81 28 11 14 44 31 12 40 69 9 53 54 
56 55 39 61 52 70 3 11 44 81 39 83 17 8 26 
63 49 79 85 31 17 8 82 18 10 63 28 66 88 16 
MACHINES
4 1 13 6 7 5 15 3 9 8 11 2 10 12 14 
9 5 2 4 8 13 1 12 11 7 10 6 14 3 15 
15 3 8 6 10 13 1 14 2 7 11 4 5 9 12 
3 7 10 8 1 13 15 11 2 9 4 12 5 6 14 
9 3 7 5 14 15 8 4 11 12 6 2 1 13 10 
8 7 6 4 5 14 2 1 11 10 9 12 3 13 15 
10 2 11 8 1 9 5 3 13 12 14 6 7 15 4 
5 1 9 6 15 12 11 10 4 8 3 14 2 13 7 
12 9 13 1 5 2 15 11 7 6 8 4 10 3 14 
6 3 8 9 12 10 14 13 5 1 15 11 4 2 7 
