4100781726,5797808083
10,15,15
78 32 58 14 43 34 15 72 51 21 72 42 38 86 79 
49 90 24 10 97 25 90 65 85 36 85 98 25 67 20 
14 34 8 23 20 38 52 51 41 17 75 37 88 45 93 
68 12 15 62 20 75 65 51 78 96 45 75 93 84 79 
6 21 99 2 9 1 23 33 20 38 39 82 36 51 11 
2 25 60 62 73 66 97 70 4 53 85 96 10 44 65 
10 34 31 65 75 28 35 35 91 81 57 27 98 28 64 
95 86 31 94 40 28 89 7 29 1 64 65 43 77 15 
33 65 67 69 9 99 41 15 34 63 53 10 54 47 74 
56 56 10 6 23 10 56 74 56 93 37 22 99 72 75 
MACHINES
4 14 7 11 9 6 1 10 13 8 12 15 5 2 3 
2 10 7 4 6 15 13 8 14 9 11 3 5 12 1 
8 12 7 9 6 4 10 5 11 14 3 1 2 13 15 
9 8 12 6 2 7 14 3 1 15 4 11 13 5 10 
7 3 13 5 4 14 2 10 6 15 12 8 1 11 9 
11 4 5 9 1 2 6 3 8 13 15 14 10 12 7 
2 5 11 3 7 8 4 1 12 13 9 6 14 15 10 
13 3 15 4 2 7 11 6 10 12 1 5 8 9 14 
12 9 13 8 7 5 4 6 10 14 3 2 11 1 15 
3 12 15 4 8 9 10 6 14 11 13 2 1 7 5 
