7928819596,9584699665
10,15,15
40 95 51 80 94 84 27 35 46 60 64 36 51 19 50 
61 73 80 35 55 53 10 48 32 99 1 63 88 25 67 
4 64 45 63 60 23 70 30 13 91 6 13 23 20 18 
94 98 88 9 55 73 1 82 17 80 5 97 2 24 95 
6 24 96 28 53 8 22 17 9 48 70 46 40 4 88 
82 23 91 66 26 43 51 8 70 87 57 66 49 95 53 
20 89 24 93 44 78 45 6 7 75 63 11 84 14 83 
91 81 52 38 1 94 50 50 24 42 97 87 5 6 21 
25 96 28 96 49 95 25 19 66 52 33 95 11 79 45 
83 66 40 41 99 89 81 40 14 61 46 86 60 21 28 
MACHINES
14 5 9 12 6 8 15 3 2 13 11 10 7 1 4 
14 6 11 5 12 9 13 3 10 15 7 2 1 4 8 
7 3 5 8 13 4 9 2 14 6 11 10 15 1 12 
2 7 13 10 5 6 1 9 12 4 3 8 11 14 15 
2 8 10 11 5 14 9 15 12 6 4 1 7 3 13 
3 6 9 11 7 5 13 14 1 12 10 4 8 2 15 
13 3 4 9 11 12 1 10 14 8 7 2 5 6 15 
5 4 8 10 1 14 7 12 9 6 3 2 15 11 13 
5 14 13 10 7 11 4 9 3 15 8 12 6 2 1 
13 6 12 7 3 15 10 8 4 1 14 2 9 5 11 
