2223612504,2875853915
10,15,15
49 1 3 51 50 23 72 76 17 12 96 13 84 41 45 
78 75 95 30 46 11 56 21 3 81 94 13 82 4 20 
27 44 33 57 54 26 24 37 10 51 31 30 78 43 90 
5 90 34 58 49 78 71 98 94 26 19 65 1 66 49 
31 6 92 85 55 43 6 96 74 68 82 31 14 12 12 
99 16 64 24 14 84 23 83 24 5 1 79 72 18 40 
10 21 28 6 52 66 29 98 76 47 68 10 99 50 90 
77 42 93 3 90 77 68 18 2 79 24 22 88 72 68 
89 78 16 22 14 9 31 18 59 33 30 85 63 32 15 
71 76 16 9 70 44 97 3 3 9 19 93 45 30 22 
MACHINES
13 8 9 7 14 11 5 15 2 4 3 10 1 12 6 
5 8 4 6 3 1 12 7 14 11 13 2 10 15 9 
5 9 8 6 10 1 7 13 11 12 15 4 3 2 14 
3 1 9 4 10 2 6 14 12 11 15 13 7 5 8 
14 6 3 5 7 10 8 12 9 1 15 2 11 4 13 
12 6 8 3 13 14 5 15 10 2 4 11 7 1 9 
9 14 11 7 1 8 4 5 6 3 13 10 2 12 15 
6 13 10 3 12 5 8 11 7 1 4 15 14 9 2 
5 13 1 11 8 3 10 7 14 15 12 2 4 9 6 
12 10 14 9 2 15 6 3 4 5 11 1 7 8 13 
