1520552604,3358981492
10,15,15
63 87 51 43 2 38 17 53 78 17 43 42 9 40 65 
72 48 1 63 71 37 3 58 27 36 51 96 63 35 11 
40 54 24 8 91 61 66 66 89 28 54 35 21 60 29 
55 80 72 5 48 60 79 99 60 22 48 8 71 80 31 
83 73 35 70 50 34 95 62 40 69 32 50 93 68 85 
5 25 34 57 60 31 38 89 77 5 11 52 85 57 96 
69 25 55 16 38 98 49 24 94 59 51 57 13 2 96 
41 9 20 80 99 89 1 3 14 91 96 27 75 68 69 
77 29 10 68 40 10 4 98 70 23 72 86 70 67 12 
38 91 58 59 23 37 34 43 28 10 44 48 30 18 76 
MACHINES
7 5 6 9 3 15 13 2 14 8 1 12 10 11 4 
5 10 4 6 8 11 1 15 7 14 9 12 3 2 13 
5 2 15 14 8 1 4 6 10 9 7 13 12 3 11 
9 7 4 5 8 10 1 6 15 14 11 3 13 2 12 
5 7 12 9 3 1 11 6 10 8 15 13 2 4 14 
9 3 14 8 6 11 1 5 15 10 13 4 12 2 7 
10 15 8 1 6 7 13 3 5 12 11 4 14 2 9 
4 11 6 2 5 9 15 12 14 10 13 1 7 8 3 
6 3 2 7 15 9 14 5 10 1 11 8 13 12 4 
15 5 7 14 4 12 1 10 13 3 9 8 6 11 2 
