2092186050,1344106948
15,15,15
48 96 51 2 47 67 52 69 83 68 92 60 26 96 12 
22 29 57 16 86 96 38 87 24 70 6 64 65 90 86 
17 89 31 66 37 91 67 71 62 69 56 46 72 12 8 
29 20 46 12 52 55 62 37 11 86 97 83 67 60 46 
93 25 53 85 95 44 33 42 44 40 3 18 93 97 55 
29 86 49 80 67 94 38 53 72 38 6 97 28 39 18 
34 50 73 41 34 82 83 31 84 95 75 9 8 87 24 
11 78 91 84 45 31 23 68 55 94 67 13 30 40 89 
70 26 49 71 21 60 62 60 91 33 80 31 10 91 90 
54 96 80 97 94 82 81 1 5 99 2 17 63 79 94 
65 39 7 57 83 32 11 91 30 51 34 75 46 5 45 
81 18 3 26 94 64 13 44 70 63 2 60 68 47 6 
40 7 98 73 32 68 7 17 88 71 13 18 34 62 18 
38 17 89 31 67 35 51 94 99 87 77 96 6 33 89 
63 24 42 45 71 44 89 96 52 64 82 23 22 57 5 
MACHINES
4 7 8 14 5 2 13 11 9 15 1 10 6 3 12 
3 13 2 14 4 5 9 15 1 11 8 6 10 12 7 
9 15 4 1 11 6 10 14 3 12 7 5 8 2 13 
6 14 12 5 15 3 10 9 11 4 7 8 2 1 13 
14 6 3 15 2 9 5 4 12 7 8 13 10 1 11 
15 12 3 6 9 11 1 5 10 8 14 4 2 7 13 
9 13 6 11 8 12 3 14 1 15 7 10 2 5 4 
10 8 13 4 7 3 11 14 2 9 15 5 1 6 12 
1 5 6 2 12 8 7 3 15 14 9 10 4 11 13 
9 12 8 2 15 14 13 5 7 10 11 1 6 3 4 
13 5 6 14 7 1 2 8 10 9 12 11 15 3 4 
4 15 5 14 6 10 9 1 8 13 7 2 11 12 3 
11 9 5 2 3 1 8 15 13 14 10 7 4 12 6 
7 3 1 15 2 5 13 4 11 8 9 10 6 14 12 
11 3 10 14 6 1 7 8 2 15 12 5 13 4 9 
