344628625,938376228
15,15,15
8 48 10 76 64 35 51 34 1 4 90 98 9 67 44 
39 46 93 12 71 95 32 50 32 97 73 30 26 33 13 
19 47 22 34 36 2 3 63 64 78 64 40 1 77 65 
67 25 20 95 69 45 64 19 85 14 66 73 22 88 24 
44 91 39 93 46 38 79 65 91 2 94 87 60 29 9 
33 69 72 91 37 68 28 67 68 47 84 70 84 53 16 
41 42 42 64 89 34 10 67 7 50 88 27 79 17 26 
11 43 36 98 84 31 20 63 90 8 42 17 99 61 3 
89 36 23 70 39 12 6 5 58 54 81 18 14 4 38 
35 5 15 58 81 59 76 76 7 97 10 19 19 34 12 
16 93 39 26 78 41 66 46 40 68 30 26 8 41 67 
86 70 41 78 60 32 83 20 42 19 80 29 40 44 85 
51 74 25 49 20 80 47 24 51 67 26 66 56 51 66 
11 54 58 4 12 41 33 58 34 41 38 98 57 24 32 
12 95 34 68 48 69 11 29 32 88 68 24 67 57 23 
MACHINES
3 2 5 7 10 9 1 15 11 13 14 12 6 8 4 
5 7 2 10 9 1 11 12 14 15 3 4 8 6 13 
2 7 1 5 13 6 4 3 12 14 8 9 11 15 10 
14 7 6 1 12 9 3 2 11 4 13 10 15 8 5 
5 8 9 14 3 13 12 4 11 7 2 6 15 10 1 
1 10 8 5 15 4 7 3 14 11 13 12 9 6 2 
5 8 6 7 3 14 10 12 4 11 2 13 15 1 9 
7 1 14 3 5 6 10 8 12 2 15 4 13 9 11 
10 13 7 12 6 8 2 14 11 15 4 3 1 9 5 
13 14 3 10 2 5 8 7 4 1 9 15 6 12 11 
1 13 8 15 6 7 5 11 2 12 10 3 9 14 4 
3 2 1 6 7 8 10 5 15 14 11 13 9 12 4 
6 7 12 10 15 3 8 1 2 13 9 14 11 5 4 
10 6 4 7 1 13 14 5 2 11 12 9 3 8 15 
10 8 4 12 13 14 9 2 15 7 6 11 1 5 3 
