1111853152,2033800800
15,15,15
28 75 76 23 66 32 10 26 63 52 1 5 69 5 13 
96 26 28 24 14 84 81 42 33 85 40 40 66 76 93 
31 87 48 95 73 69 48 46 53 79 17 15 23 87 55 
89 98 86 57 94 44 85 44 73 33 41 78 71 49 81 
91 94 69 96 73 10 70 20 78 17 95 96 10 56 10 
34 88 15 64 35 51 19 54 33 17 94 19 77 86 98 
32 15 27 24 4 73 81 72 74 47 35 39 91 91 37 
60 51 10 48 89 89 6 23 19 61 56 18 9 10 54 
48 61 82 34 74 82 81 68 8 45 27 17 42 63 7 
82 66 16 95 68 18 56 61 63 10 51 62 71 30 23 
41 16 16 86 17 76 4 54 15 48 31 23 81 30 60 
57 84 73 35 95 25 73 33 83 60 9 46 36 14 68 
14 7 28 69 22 87 85 38 36 98 80 65 50 3 38 
74 69 18 39 15 27 98 18 64 54 35 67 56 58 30 
47 49 42 11 49 95 58 78 9 18 7 12 50 91 48 
MACHINES
12 6 4 14 7 10 3 9 15 13 5 2 1 11 8 
9 4 10 13 3 12 15 14 11 1 6 8 5 2 7 
11 14 6 3 10 15 2 8 7 13 9 1 12 4 5 
1 5 9 2 15 13 6 12 4 7 14 3 11 8 10 
3 12 4 6 1 8 9 7 13 14 5 2 11 10 15 
7 10 5 12 15 11 1 13 8 2 9 3 4 14 6 
10 8 15 12 3 7 4 5 9 13 2 6 14 11 1 
5 12 15 9 11 8 1 13 10 4 2 14 7 6 3 
10 1 13 11 12 5 6 4 8 3 2 9 15 14 7 
3 4 12 13 7 6 8 9 11 2 14 15 1 10 5 
14 10 15 12 7 6 8 2 9 1 11 3 4 5 13 
14 2 5 15 1 8 7 4 11 6 3 13 12 9 10 
15 13 14 11 9 5 1 8 10 7 2 3 12 6 4 
4 7 15 11 5 3 13 1 6 9 12 2 8 10 14 
13 9 8 10 14 12 4 3 5 6 1 11 2 7 15 
