1787167667,425990073
15,15,15
95 97 36 18 36 77 50 30 51 97 98 26 45 88 81 
3 12 90 6 64 73 87 9 31 46 43 53 49 39 51 
4 57 93 66 75 95 71 13 21 2 91 15 88 14 22 
58 67 29 65 55 38 45 36 96 76 46 51 4 59 32 
84 76 28 89 33 10 6 51 3 93 86 68 33 82 91 
87 23 87 14 10 17 50 23 2 4 54 59 18 83 16 
29 19 14 88 18 55 53 73 46 61 77 96 10 61 26 
60 22 24 84 30 87 98 99 71 24 1 59 34 32 80 
16 12 23 48 9 19 4 24 40 35 91 24 1 34 80 
66 91 85 47 90 86 72 19 77 9 66 79 23 32 53 
77 18 27 93 88 88 79 90 7 14 71 57 57 91 59 
65 12 84 62 96 10 27 35 1 30 56 77 67 53 20 
92 12 68 80 59 87 28 26 9 35 74 20 46 79 44 
49 64 98 32 4 47 56 52 8 17 48 78 98 55 77 
50 61 62 63 15 43 54 26 40 50 31 16 37 69 45 
MACHINES
1 15 13 6 3 7 4 10 14 11 8 2 12 9 5 
11 15 9 4 12 2 7 13 8 3 1 10 5 14 6 
13 7 2 6 9 3 10 11 4 14 15 5 12 1 8 
13 9 15 4 12 3 6 7 11 8 10 1 14 2 5 
8 12 5 3 10 2 7 1 6 14 13 11 4 15 9 
7 12 1 8 15 3 14 13 2 5 4 6 10 11 9 
13 5 14 15 7 2 9 10 6 8 1 4 12 11 3 
10 3 4 12 9 11 8 5 2 6 15 14 7 1 13 
11 8 13 3 15 4 10 7 1 14 12 2 5 9 6 
3 1 7 9 11 14 10 8 13 5 2 12 4 15 6 
5 8 10 15 14 2 9 4 1 12 6 11 7 13 3 
9 11 2 7 10 13 8 1 14 15 4 12 3 5 6 
4 5 7 8 2 11 3 9 12 13 1 6 15 14 10 
5 12 6 4 14 3 8 1 9 11 7 13 2 15 10 
12 15 5 8 9 14 13 3 1 6 10 11 2 7 4 
