1544979948,425990073
15,15,15
95 97 36 18 36 77 50 30 51 97 98 26 45 88 81 
3 12 90 6 64 73 87 9 31 46 43 53 49 39 51 
4 57 93 66 75 95 71 13 21 2 91 15 88 14 22 
58 67 29 65 55 38 45 36 96 76 46 51 4 59 32 
84 76 28 89 33 10 6 51 3 93 86 68 33 82 91 
87 23 87 14 10 17 50 23 2 4 54 59 18 83 16 
29 19 14 88 18 55 53 73 46 61 77 96 10 61 26 
60 22 24 84 30 87 98 99 71 24 1 59 34 32 80 
16 12 23 48 9 19 4 24 40 35 91 24 1 34 80 
66 91 85 47 90 86 72 19 77 9 66 79 23 32 53 
77 18 27 93 88 88 79 90 7 14 71 57 57 91 59 
65 12 84 62 96 10 27 35 1 30 56 77 67 53 20 
92 12 68 80 59 87 28 26 9 35 74 20 46 79 44 
49 64 98 32 4 47 56 52 8 17 48 78 98 55 77 
50 61 62 63 15 43 54 26 40 50 31 16 37 69 45 
MACHINES
9 3 8 15 13 1 5 4 14 6 10 11 7 2 12 
3 9 7 5 12 1 10 8 6 4 2 11 14 15 13 
6 12 9 15 13 2 5 10 11 7 14 1 3 4 8 
10 14 9 7 13 6 11 3 2 1 15 12 4 5 8 
9 11 4 14 15 6 5 1 13 12 10 7 3 2 8 
8 3 10 6 11 5 4 2 12 9 7 15 14 1 13 
3 11 2 13 15 4 1 5 10 6 12 14 8 9 7 
14 7 12 13 9 8 15 6 4 5 1 11 3 2 10 
9 5 7 8 1 12 14 13 3 4 11 2 6 15 10 
3 7 13 10 9 12 2 4 14 5 11 6 1 8 15 
1 10 5 9 11 3 12 13 15 7 4 8 6 2 14 
9 2 13 6 8 11 10 5 12 7 14 3 15 1 4 
14 15 3 10 8 9 13 5 11 7 2 1 6 12 4 
2 1 13 3 14 9 4 15 5 8 7 10 12 11 6 
4 14 3 6 10 7 8 5 9 1 13 11 15 2 12 
