1734077082,425990073
15,15,15
95 97 36 18 36 77 50 30 51 97 98 26 45 88 81 
3 12 90 6 64 73 87 9 31 46 43 53 49 39 51 
4 57 93 66 75 95 71 13 21 2 91 15 88 14 22 
58 67 29 65 55 38 45 36 96 76 46 51 4 59 32 
84 76 28 89 33 10 6 51 3 93 86 68 33 82 91 
87 23 87 14 10 17 50 23 2 4 54 59 18 83 16 
29 19 14 88 18 55 53 73 46 61 77 96 10 61 26 
60 22 24 84 30 87 98 99 71 24 1 59 34 32 80 
16 12 23 48 9 19 4 24 40 35 91 24 1 34 80 
66 91 85 47 90 86 72 19 77 9 66 79 23 32 53 
77 18 27 93 88 88 79 90 7 14 71 57 57 91 59 
65 12 84 62 96 10 27 35 1 30 56 77 67 53 20 
92 12 68 80 59 87 28 26 9 35 74 20 46 79 44 
49 64 98 32 4 47 56 52 8 17 48 78 98 55 77 
50 61 62 63 15 43 54 26 40 50 31 16 37 69 45 
MACHINES
8 13 6 9 4 15 14 10 1 2 5 3 7 12 11 
9 1 6 14 7 2 5 3 4 12 11 13 10 15 8 
7 9 8 2 10 6 13 5 1 3 15 12 4 14 11 
13 1 15 8 14 2 7 9 12 3 4 10 6 11 5 
9 3 13 12 11 10 5 4 15 6 1 8 7 14 2 
14 9 7 12 15 10 13 8 1 2 11 3 6 4 5 
5 2 3 14 8 7 1 9 13 15 11 10 6 4 12 
5 11 15 4 7 14 12 10 1 6 2 13 9 8 3 
8 2 6 5 15 9 1 10 13 4 11 3 14 12 7 
4 7 14 5 6 11 3 9 13 12 10 8 15 2 1 
2 5 8 3 15 11 13 14 7 6 10 1 4 9 12 
1 8 15 14 9 4 7 10 6 13 11 5 2 3 12 
15 11 1 9 13 14 5 12 2 4 7 6 3 10 8 
14 5 9 7 6 3 10 1 12 13 2 4 15 8 11 
15 3 7 5 4 12 2 6 8 1 9 11 10 13 14 
