1787167667,1344106948
15,15,15
48 96 51 2 47 67 52 69 83 68 92 60 26 96 12 
22 29 57 16 86 96 38 87 24 70 6 64 65 90 86 
17 89 31 66 37 91 67 71 62 69 56 46 72 12 8 
29 20 46 12 52 55 62 37 11 86 97 83 67 60 46 
93 25 53 85 95 44 33 42 44 40 3 18 93 97 55 
29 86 49 80 67 94 38 53 72 38 6 97 28 39 18 
34 50 73 41 34 82 83 31 84 95 75 9 8 87 24 
11 78 91 84 45 31 23 68 55 94 67 13 30 40 89 
70 26 49 71 21 60 62 60 91 33 80 31 10 91 90 
54 96 80 97 94 82 81 1 5 99 2 17 63 79 94 
65 39 7 57 83 32 11 91 30 51 34 75 46 5 45 
81 18 3 26 94 64 13 44 70 63 2 60 68 47 6 
40 7 98 73 32 68 7 17 88 71 13 18 34 62 18 
38 17 89 31 67 35 51 94 99 87 77 96 6 33 89 
63 24 42 45 71 44 89 96 52 64 82 23 22 57 5 
MACHINES
1 15 13 6 3 7 4 10 14 11 8 2 12 9 5 
11 15 9 4 12 2 7 13 8 3 1 10 5 14 6 
13 7 2 6 9 3 10 11 4 14 15 5 12 1 8 
13 9 15 4 12 3 6 7 11 8 10 1 14 2 5 
8 12 5 3 10 2 7 1 6 14 13 11 4 15 9 
7 12 1 8 15 3 14 13 2 5 4 6 10 11 9 
13 5 14 15 7 2 9 10 6 8 1 4 12 11 3 
10 3 4 12 9 11 8 5 2 6 15 14 7 1 13 
11 8 13 3 15 4 10 7 1 14 12 2 5 9 6 
3 1 7 9 11 14 10 8 13 5 2 12 4 15 6 
5 8 10 15 14 2 9 4 1 12 6 11 7 13 3 
9 11 2 7 10 13 8 1 14 15 4 12 3 5 6 
4 5 7 8 2 11 3 9 12 13 1 6 15 14 10 
5 12 6 4 14 3 8 1 9 11 7 13 2 15 10 
12 15 5 8 9 14 13 3 1 6 10 11 2 7 4 
