398197754,1314640371
15,15,15
86 60 10 59 65 94 71 25 98 49 43 8 90 21 73 
68 28 38 36 93 35 37 28 62 86 65 11 20 82 23 
33 67 96 91 83 81 60 88 20 62 22 79 38 40 82 
13 14 73 88 24 16 78 70 53 68 73 90 58 7 4 
93 52 63 13 19 41 71 59 19 60 85 99 73 95 19 
62 60 93 16 10 72 88 69 58 41 46 63 76 83 62 
50 68 90 34 44 5 8 25 70 53 78 92 62 85 70 
60 64 92 44 63 91 21 1 96 19 59 12 41 11 94 
93 46 51 37 91 90 63 40 68 13 16 83 49 24 23 
5 35 21 14 66 3 6 98 63 64 76 94 17 62 37 
35 42 62 68 73 27 52 39 41 25 9 34 50 41 98 
23 32 35 10 29 68 20 8 58 62 39 32 8 33 91 
28 31 3 28 66 59 24 45 81 8 44 42 2 23 53 
11 93 27 59 62 23 23 7 77 64 60 97 36 53 72 
36 98 38 24 84 47 72 1 91 85 68 42 20 30 30 
MACHINES
7 13 5 8 4 3 11 12 9 15 10 14 6 1 2 
5 6 8 15 14 9 12 10 7 11 1 4 13 2 3 
2 9 10 13 7 12 14 6 1 3 8 11 5 4 15 
6 3 10 7 11 1 14 5 8 15 12 9 13 2 4 
8 9 7 11 5 10 3 15 13 6 2 14 12 1 4 
6 4 13 14 12 5 15 8 3 2 11 1 10 7 9 
13 4 8 9 15 7 2 12 5 6 3 11 1 14 10 
12 6 1 8 13 14 15 2 3 9 5 4 10 7 11 
11 12 7 15 1 2 3 6 13 5 9 8 10 14 4 
7 12 10 3 9 1 14 4 11 8 2 13 15 5 6 
5 8 14 1 6 13 7 9 15 11 4 2 12 10 3 
3 15 1 13 7 11 8 6 9 10 14 2 4 12 5 
6 9 11 3 4 7 10 1 14 5 2 12 13 8 15 
9 15 5 14 6 7 10 2 13 8 12 11 4 3 1 
11 9 13 7 5 2 14 15 12 1 8 4 3 10 6 
