1868311537,964467313
15,15,15
28 9 78 34 92 10 59 37 27 82 21 69 56 54 50 
16 9 97 45 22 1 53 16 98 24 26 8 49 91 52 
35 31 59 99 38 11 67 91 31 9 20 43 94 90 17 
22 37 9 87 77 84 73 15 59 25 18 13 69 75 26 
17 64 89 52 67 5 75 33 52 41 31 31 41 84 37 
82 65 20 26 67 23 94 21 46 19 67 8 95 1 31 
80 35 10 44 62 13 51 30 90 72 58 11 20 44 25 
37 46 67 22 99 11 36 95 24 6 52 18 85 13 80 
50 7 8 45 97 45 21 25 12 58 58 77 95 1 61 
8 80 28 68 22 50 66 93 7 84 64 89 68 84 75 
13 94 86 32 16 46 37 19 61 48 68 93 18 17 94 
77 96 24 90 88 44 77 21 62 70 46 47 41 34 90 
68 90 23 46 80 68 69 41 64 82 73 41 63 65 51 
16 55 78 77 74 97 69 72 69 68 3 68 18 64 67 
98 64 40 44 55 67 23 40 85 42 87 26 52 45 63 
MACHINES
2 3 14 15 7 4 9 12 5 10 6 13 11 8 1 
6 1 4 13 10 12 14 7 2 8 9 3 5 15 11 
15 2 1 10 6 11 8 12 3 7 5 13 4 9 14 
11 15 5 3 4 1 8 13 6 14 7 10 12 2 9 
6 15 4 11 13 3 10 7 12 8 2 1 5 9 14 
2 13 10 11 4 5 12 3 15 6 14 9 7 8 1 
12 3 10 2 15 14 6 9 7 8 13 5 11 1 4 
5 3 11 1 9 14 13 15 8 4 6 2 10 12 7 
11 7 3 10 2 1 15 6 12 13 9 5 4 8 14 
9 1 5 2 15 8 7 6 14 11 4 12 10 13 3 
4 10 15 5 3 14 9 6 11 7 12 13 1 8 2 
12 6 13 8 2 14 11 9 15 3 10 4 5 7 1 
1 7 12 13 14 10 5 11 9 8 3 15 4 6 2 
12 8 3 9 4 13 2 15 14 6 11 7 1 5 10 
12 11 15 7 6 9 14 4 8 1 13 2 3 10 5 
