1374316395,1561423441
10,15,15
28 78 22 21 10 16 53 19 46 85 47 98 8 78 16 
57 71 40 73 51 80 72 36 23 83 6 18 25 23 77 
56 85 47 32 9 81 58 78 68 38 81 85 65 16 86 
47 99 97 70 70 58 39 42 54 22 82 29 78 65 72 
35 38 43 78 58 24 27 93 43 79 88 60 5 70 33 
16 42 19 63 67 48 15 72 36 11 82 48 75 55 42 
51 56 43 33 6 61 72 29 94 3 40 62 40 10 56 
80 34 90 1 74 22 86 65 18 60 23 82 39 10 4 
56 55 25 76 47 19 51 33 41 80 82 18 2 60 27 
6 55 69 66 82 44 36 44 96 24 33 53 82 25 59 
MACHINES
14 13 8 1 6 12 10 11 2 3 4 15 5 7 9 
3 2 9 15 14 1 6 12 10 13 11 8 4 5 7 
1 4 2 8 5 9 15 6 7 3 14 13 10 11 12 
10 12 1 8 13 15 7 2 14 11 5 6 4 3 9 
9 14 6 11 10 15 13 3 4 1 7 12 8 5 2 
13 14 15 10 6 2 7 8 1 4 9 11 5 12 3 
10 1 6 5 13 15 7 2 4 9 14 12 3 11 8 
13 2 10 15 7 11 3 8 5 12 14 6 4 9 1 
7 6 13 5 2 15 10 1 8 9 11 14 3 12 4 
9 4 6 5 2 11 8 10 14 3 1 12 7 13 15 
