1111853152,938376228
10,15,15
8 48 10 76 64 35 51 34 1 4 90 98 9 67 44 
39 46 93 12 71 95 32 50 32 97 73 30 26 33 13 
19 47 22 34 36 2 3 63 64 78 64 40 1 77 65 
67 25 20 95 69 45 64 19 85 14 66 73 22 88 24 
44 91 39 93 46 38 79 65 91 2 94 87 60 29 9 
33 69 72 91 37 68 28 67 68 47 84 70 84 53 16 
41 42 42 64 89 34 10 67 7 50 88 27 79 17 26 
11 43 36 98 84 31 20 63 90 8 42 17 99 61 3 
89 36 23 70 39 12 6 5 58 54 81 18 14 4 38 
35 5 15 58 81 59 76 76 7 97 10 19 19 34 12 
MACHINES
12 6 4 14 7 10 3 9 15 13 5 2 1 11 8 
9 4 10 13 3 12 15 14 11 1 6 8 5 2 7 
11 14 6 3 10 15 2 8 7 13 9 1 12 4 5 
1 5 9 2 15 13 6 12 4 7 14 3 11 8 10 
3 12 4 6 1 8 9 7 13 14 5 2 11 10 15 
7 10 5 12 15 11 1 13 8 2 9 3 4 14 6 
10 8 15 12 3 7 4 5 9 13 2 6 14 11 1 
5 12 15 9 11 8 1 13 10 4 2 14 7 6 3 
10 1 13 11 12 5 6 4 8 3 2 9 15 14 7 
3 4 12 13 7 6 8 9 11 2 14 15 1 10 5 
