1344077538,302545136
10,15,15
83 1 96 54 30 80 81 9 49 32 19 92 65 88 64 
4 68 79 21 84 92 66 51 83 96 68 38 38 99 76 
46 57 66 75 88 58 56 35 59 82 24 96 24 55 80 
34 69 53 98 8 81 81 38 39 3 59 81 30 76 71 
85 80 36 57 96 34 14 3 90 99 9 42 95 27 27 
28 11 66 2 35 69 61 84 73 56 98 81 72 92 23 
21 5 95 5 22 16 77 85 76 46 36 89 99 44 37 
49 80 61 87 41 6 83 79 44 83 9 84 99 38 68 
77 51 68 69 6 26 99 6 34 27 51 82 5 90 1 
85 64 55 76 89 68 34 14 52 33 91 4 18 95 76 
MACHINES
4 8 5 3 13 6 15 10 14 12 11 9 2 1 7 
12 1 5 14 3 2 10 8 9 15 11 7 6 4 13 
10 11 1 12 7 2 13 5 3 9 6 14 8 15 4 
10 13 5 12 4 15 11 7 9 6 1 2 14 8 3 
2 5 7 1 13 11 3 15 4 12 10 14 8 9 6 
15 11 9 12 1 14 10 6 7 2 3 8 5 4 13 
2 10 7 4 12 11 6 3 1 8 14 9 13 5 15 
12 2 13 1 6 7 15 10 5 8 4 3 11 9 14 
11 10 6 8 13 14 7 3 4 12 5 1 15 2 9 
9 10 14 13 11 4 1 6 15 7 5 12 2 8 3 
