344628625,302545136
10,15,15
83 1 96 54 30 80 81 9 49 32 19 92 65 88 64 
4 68 79 21 84 92 66 51 83 96 68 38 38 99 76 
46 57 66 75 88 58 56 35 59 82 24 96 24 55 80 
34 69 53 98 8 81 81 38 39 3 59 81 30 76 71 
85 80 36 57 96 34 14 3 90 99 9 42 95 27 27 
28 11 66 2 35 69 61 84 73 56 98 81 72 92 23 
21 5 95 5 22 16 77 85 76 46 36 89 99 44 37 
49 80 61 87 41 6 83 79 44 83 9 84 99 38 68 
77 51 68 69 6 26 99 6 34 27 51 82 5 90 1 
85 64 55 76 89 68 34 14 52 33 91 4 18 95 76 
MACHINES
3 2 5 7 10 9 1 15 11 13 14 12 6 8 4 
5 7 2 10 9 1 11 12 14 15 3 4 8 6 13 
2 7 1 5 13 6 4 3 12 14 8 9 11 15 10 
14 7 6 1 12 9 3 2 11 4 13 10 15 8 5 
5 8 9 14 3 13 12 4 11 7 2 6 15 10 1 
1 10 8 5 15 4 7 3 14 11 13 12 9 6 2 
5 8 6 7 3 14 10 12 4 11 2 13 15 1 9 
7 1 14 3 5 6 10 8 12 2 15 4 13 9 11 
10 13 7 12 6 8 2 14 11 15 4 3 1 9 5 
13 14 3 10 2 5 8 7 4 1 9 15 6 12 11 
