1374316395,1667495107
10,15,15
43 12 58 80 55 83 35 69 93 53 74 91 73 15 85 
56 2 84 58 1 65 48 11 33 63 36 36 1 7 31 
64 74 75 37 89 3 45 21 23 83 97 64 32 66 52 
17 84 3 21 56 65 60 73 9 11 97 64 59 73 84 
1 36 16 36 15 18 55 26 40 7 60 22 22 20 93 
57 79 78 11 11 66 40 24 13 87 97 27 96 87 48 
76 52 58 5 55 10 58 77 70 94 23 45 14 75 63 
96 61 69 5 44 65 99 37 79 92 76 12 1 8 99 
16 85 91 42 42 95 60 9 83 46 9 33 25 62 65 
51 44 14 4 75 83 29 90 98 8 53 96 1 24 70 
MACHINES
14 13 8 1 6 12 10 11 2 3 4 15 5 7 9 
3 2 9 15 14 1 6 12 10 13 11 8 4 5 7 
1 4 2 8 5 9 15 6 7 3 14 13 10 11 12 
10 12 1 8 13 15 7 2 14 11 5 6 4 3 9 
9 14 6 11 10 15 13 3 4 1 7 12 8 5 2 
13 14 15 10 6 2 7 8 1 4 9 11 5 12 3 
10 1 6 5 13 15 7 2 4 9 14 12 3 11 8 
13 2 10 15 7 11 3 8 5 12 14 6 4 9 1 
7 6 13 5 2 15 10 1 8 9 11 14 3 12 4 
9 4 6 5 2 11 8 10 14 3 1 12 7 13 15 
