818777384,302545136
10,15,15
83 1 96 54 30 80 81 9 49 32 19 92 65 88 64 
4 68 79 21 84 92 66 51 83 96 68 38 38 99 76 
46 57 66 75 88 58 56 35 59 82 24 96 24 55 80 
34 69 53 98 8 81 81 38 39 3 59 81 30 76 71 
85 80 36 57 96 34 14 3 90 99 9 42 95 27 27 
28 11 66 2 35 69 61 84 73 56 98 81 72 92 23 
21 5 95 5 22 16 77 85 76 46 36 89 99 44 37 
49 80 61 87 41 6 83 79 44 83 9 84 99 38 68 
77 51 68 69 6 26 99 6 34 27 51 82 5 90 1 
85 64 55 76 89 68 34 14 52 33 91 4 18 95 76 
MACHINES
1 3 2 6 15 13 14 5 9 11 7 4 12 10 8 
10 15 12 1 9 6 14 2 5 4 11 7 13 3 8 
3 2 10 8 14 6 12 15 4 1 13 9 5 7 11 
2 3 7 6 5 4 14 1 12 15 10 9 13 11 8 
6 14 7 15 9 2 10 3 8 4 12 11 1 5 13 
9 15 5 1 2 11 4 3 12 6 8 10 14 7 13 
8 9 2 6 13 12 3 15 5 14 7 1 11 4 10 
9 2 10 13 14 5 8 11 6 3 7 12 15 4 1 
13 6 8 3 5 9 2 7 15 10 4 12 11 1 14 
4 5 9 6 3 15 12 11 7 10 8 13 2 1 14 
