967002400,964467313
10,15,15
28 9 78 34 92 10 59 37 27 82 21 69 56 54 50 
16 9 97 45 22 1 53 16 98 24 26 8 49 91 52 
35 31 59 99 38 11 67 91 31 9 20 43 94 90 17 
22 37 9 87 77 84 73 15 59 25 18 13 69 75 26 
17 64 89 52 67 5 75 33 52 41 31 31 41 84 37 
82 65 20 26 67 23 94 21 46 19 67 8 95 1 31 
80 35 10 44 62 13 51 30 90 72 58 11 20 44 25 
37 46 67 22 99 11 36 95 24 6 52 18 85 13 80 
50 7 8 45 97 45 21 25 12 58 58 77 95 1 61 
8 80 28 68 22 50 66 93 7 84 64 89 68 84 75 
MACHINES
2 13 3 7 4 12 14 11 5 1 6 10 8 15 9 
4 1 10 9 6 8 7 2 12 15 13 5 3 14 11 
13 11 12 3 15 10 2 6 7 4 8 5 9 14 1 
4 6 11 8 12 13 9 1 3 7 2 5 14 10 15 
7 3 15 13 1 2 9 8 11 14 12 5 6 4 10 
6 11 8 1 7 5 4 9 12 2 10 13 14 15 3 
2 13 6 15 4 5 8 3 1 11 7 9 14 10 12 
1 13 2 4 10 3 9 5 8 12 11 14 7 6 15 
14 1 7 2 12 4 11 8 15 9 3 13 6 10 5 
9 13 6 14 5 7 8 4 10 3 1 2 15 11 12 
