1393392374,1314640371
10,15,15
86 60 10 59 65 94 71 25 98 49 43 8 90 21 73 
68 28 38 36 93 35 37 28 62 86 65 11 20 82 23 
33 67 96 91 83 81 60 88 20 62 22 79 38 40 82 
13 14 73 88 24 16 78 70 53 68 73 90 58 7 4 
93 52 63 13 19 41 71 59 19 60 85 99 73 95 19 
62 60 93 16 10 72 88 69 58 41 46 63 76 83 62 
50 68 90 34 44 5 8 25 70 53 78 92 62 85 70 
60 64 92 44 63 91 21 1 96 19 59 12 41 11 94 
93 46 51 37 91 90 63 40 68 13 16 83 49 24 23 
5 35 21 14 66 3 6 98 63 64 76 94 17 62 37 
MACHINES
4 14 12 5 3 10 11 7 13 8 6 15 9 2 1 
14 10 15 1 5 6 7 12 2 8 9 13 11 4 3 
2 15 14 9 11 5 1 13 6 3 12 7 10 8 4 
15 6 5 4 11 8 2 12 14 7 10 13 3 9 1 
15 2 14 7 13 5 6 3 10 1 4 8 12 9 11 
10 12 15 11 14 8 9 3 2 1 13 6 5 7 4 
4 8 12 9 5 10 2 13 11 7 1 15 6 3 14 
15 14 6 1 10 9 3 4 2 12 7 11 5 8 13 
4 3 1 12 2 5 6 14 8 13 10 11 9 7 15 
15 10 12 14 2 6 4 5 1 13 7 3 9 11 8 
