1374316395,840612802
10,15,15
94 66 10 53 26 15 65 82 10 27 93 92 96 70 83 
74 31 88 51 57 78 8 7 91 79 18 51 18 99 33 
4 82 40 86 50 54 21 6 54 68 82 20 39 35 68 
73 23 30 30 53 94 58 93 32 91 30 56 27 92 9 
78 23 21 60 36 29 95 99 79 76 93 42 52 42 96 
29 61 88 70 16 31 65 83 78 26 50 87 62 14 30 
18 75 20 4 91 68 19 54 85 73 43 24 37 87 66 
32 52 9 49 61 35 99 62 6 62 7 80 3 57 7 
85 30 96 91 13 87 82 83 78 56 85 8 66 88 15 
5 59 30 60 41 17 66 89 78 88 69 45 82 6 13 
MACHINES
14 13 8 1 6 12 10 11 2 3 4 15 5 7 9 
3 2 9 15 14 1 6 12 10 13 11 8 4 5 7 
1 4 2 8 5 9 15 6 7 3 14 13 10 11 12 
10 12 1 8 13 15 7 2 14 11 5 6 4 3 9 
9 14 6 11 10 15 13 3 4 1 7 12 8 5 2 
13 14 15 10 6 2 7 8 1 4 9 11 5 12 3 
10 1 6 5 13 15 7 2 4 9 14 12 3 11 8 
13 2 10 15 7 11 3 8 5 12 14 6 4 9 1 
7 6 13 5 2 15 10 1 8 9 11 14 3 12 4 
9 4 6 5 2 11 8 10 14 3 1 12 7 13 15 
