2092186050,938376228
10,15,15
8 48 10 76 64 35 51 34 1 4 90 98 9 67 44 
39 46 93 12 71 95 32 50 32 97 73 30 26 33 13 
19 47 22 34 36 2 3 63 64 78 64 40 1 77 65 
67 25 20 95 69 45 64 19 85 14 66 73 22 88 24 
44 91 39 93 46 38 79 65 91 2 94 87 60 29 9 
33 69 72 91 37 68 28 67 68 47 84 70 84 53 16 
41 42 42 64 89 34 10 67 7 50 88 27 79 17 26 
11 43 36 98 84 31 20 63 90 8 42 17 99 61 3 
89 36 23 70 39 12 6 5 58 54 81 18 14 4 38 
35 5 15 58 81 59 76 76 7 97 10 19 19 34 12 
MACHINES
4 7 8 14 5 2 13 11 9 15 1 10 6 3 12 
3 13 2 14 4 5 9 15 1 11 8 6 10 12 7 
9 15 4 1 11 6 10 14 3 12 7 5 8 2 13 
6 14 12 5 15 3 10 9 11 4 7 8 2 1 13 
14 6 3 15 2 9 5 4 12 7 8 13 10 1 11 
15 12 3 6 9 11 1 5 10 8 14 4 2 7 13 
9 13 6 11 8 12 3 14 1 15 7 10 2 5 4 
10 8 13 4 7 3 11 14 2 9 15 5 1 6 12 
1 5 6 2 12 8 7 3 15 14 9 10 4 11 13 
9 12 8 2 15 14 13 5 7 10 11 1 6 3 4 
