386720536,1667495107
10,15,15
43 12 58 80 55 83 35 69 93 53 74 91 73 15 85 
56 2 84 58 1 65 48 11 33 63 36 36 1 7 31 
64 74 75 37 89 3 45 21 23 83 97 64 32 66 52 
17 84 3 21 56 65 60 73 9 11 97 64 59 73 84 
1 36 16 36 15 18 55 26 40 7 60 22 22 20 93 
57 79 78 11 11 66 40 24 13 87 97 27 96 87 48 
76 52 58 5 55 10 58 77 70 94 23 45 14 75 63 
96 61 69 5 44 65 99 37 79 92 76 12 1 8 99 
16 85 91 42 42 95 60 9 83 46 9 33 25 62 65 
51 44 14 4 75 83 29 90 98 8 53 96 1 24 70 
MACHINES
10 15 5 14 11 4 8 9 1 6 2 3 13 7 12 
11 9 12 15 4 14 10 8 5 3 7 2 6 13 1 
8 1 7 6 15 14 3 12 5 13 2 10 4 11 9 
10 12 15 1 2 9 6 11 13 5 14 4 7 8 3 
12 5 14 4 9 2 11 13 3 15 7 8 1 10 6 
6 3 2 11 1 5 9 15 7 4 10 8 12 13 14 
6 11 14 1 10 9 2 12 15 8 13 3 7 5 4 
13 1 10 4 14 7 6 8 3 15 12 9 11 2 5 
12 11 6 14 2 10 9 8 4 7 1 3 15 13 5 
3 15 4 11 7 2 1 14 12 5 6 9 8 13 10 
