1787167667,2033800800
10,15,15
28 75 76 23 66 32 10 26 63 52 1 5 69 5 13 
96 26 28 24 14 84 81 42 33 85 40 40 66 76 93 
31 87 48 95 73 69 48 46 53 79 17 15 23 87 55 
89 98 86 57 94 44 85 44 73 33 41 78 71 49 81 
91 94 69 96 73 10 70 20 78 17 95 96 10 56 10 
34 88 15 64 35 51 19 54 33 17 94 19 77 86 98 
32 15 27 24 4 73 81 72 74 47 35 39 91 91 37 
60 51 10 48 89 89 6 23 19 61 56 18 9 10 54 
48 61 82 34 74 82 81 68 8 45 27 17 42 63 7 
82 66 16 95 68 18 56 61 63 10 51 62 71 30 23 
MACHINES
1 15 13 6 3 7 4 10 14 11 8 2 12 9 5 
11 15 9 4 12 2 7 13 8 3 1 10 5 14 6 
13 7 2 6 9 3 10 11 4 14 15 5 12 1 8 
13 9 15 4 12 3 6 7 11 8 10 1 14 2 5 
8 12 5 3 10 2 7 1 6 14 13 11 4 15 9 
7 12 1 8 15 3 14 13 2 5 4 6 10 11 9 
13 5 14 15 7 2 9 10 6 8 1 4 12 11 3 
10 3 4 12 9 11 8 5 2 6 15 14 7 1 13 
11 8 13 3 15 4 10 7 1 14 12 2 5 9 6 
3 1 7 9 11 14 10 8 13 5 2 12 4 15 6 
