316176388,425990073
10,15,15
95 97 36 18 36 77 50 30 51 97 98 26 45 88 81 
3 12 90 6 64 73 87 9 31 46 43 53 49 39 51 
4 57 93 66 75 95 71 13 21 2 91 15 88 14 22 
58 67 29 65 55 38 45 36 96 76 46 51 4 59 32 
84 76 28 89 33 10 6 51 3 93 86 68 33 82 91 
87 23 87 14 10 17 50 23 2 4 54 59 18 83 16 
29 19 14 88 18 55 53 73 46 61 77 96 10 61 26 
60 22 24 84 30 87 98 99 71 24 1 59 34 32 80 
16 12 23 48 9 19 4 24 40 35 91 24 1 34 80 
66 91 85 47 90 86 72 19 77 9 66 79 23 32 53 
MACHINES
8 12 9 4 13 2 14 1 15 7 10 5 3 11 6 
13 2 12 10 7 4 3 5 6 9 14 15 11 1 8 
2 3 10 1 4 6 9 5 15 11 13 14 8 7 12 
14 11 7 3 15 8 5 12 1 6 10 4 9 2 13 
2 9 5 15 7 6 4 3 10 11 14 8 12 1 13 
6 15 3 13 11 2 12 5 7 10 1 14 9 4 8 
6 3 1 2 9 15 12 11 8 10 7 13 5 14 4 
5 8 11 2 10 9 3 15 12 4 6 7 14 13 1 
15 12 1 10 11 6 4 13 9 14 7 2 8 3 5 
10 1 4 11 13 14 6 2 7 15 9 12 3 8 5 
