1734077082,938376228
10,15,15
8 48 10 76 64 35 51 34 1 4 90 98 9 67 44 
39 46 93 12 71 95 32 50 32 97 73 30 26 33 13 
19 47 22 34 36 2 3 63 64 78 64 40 1 77 65 
67 25 20 95 69 45 64 19 85 14 66 73 22 88 24 
44 91 39 93 46 38 79 65 91 2 94 87 60 29 9 
33 69 72 91 37 68 28 67 68 47 84 70 84 53 16 
41 42 42 64 89 34 10 67 7 50 88 27 79 17 26 
11 43 36 98 84 31 20 63 90 8 42 17 99 61 3 
89 36 23 70 39 12 6 5 58 54 81 18 14 4 38 
35 5 15 58 81 59 76 76 7 97 10 19 19 34 12 
MACHINES
8 13 6 9 4 15 14 10 1 2 5 3 7 12 11 
9 1 6 14 7 2 5 3 4 12 11 13 10 15 8 
7 9 8 2 10 6 13 5 1 3 15 12 4 14 11 
13 1 15 8 14 2 7 9 12 3 4 10 6 11 5 
9 3 13 12 11 10 5 4 15 6 1 8 7 14 2 
14 9 7 12 15 10 13 8 1 2 11 3 6 4 5 
5 2 3 14 8 7 1 9 13 15 11 10 6 4 12 
5 11 15 4 7 14 12 10 1 6 2 13 9 8 3 
8 2 6 5 15 9 1 10 13 4 11 3 14 12 7 
4 7 14 5 6 11 3 9 13 12 10 8 15 2 1 
