1393392374,425990073
10,15,15
95 97 36 18 36 77 50 30 51 97 98 26 45 88 81 
3 12 90 6 64 73 87 9 31 46 43 53 49 39 51 
4 57 93 66 75 95 71 13 21 2 91 15 88 14 22 
58 67 29 65 55 38 45 36 96 76 46 51 4 59 32 
84 76 28 89 33 10 6 51 3 93 86 68 33 82 91 
87 23 87 14 10 17 50 23 2 4 54 59 18 83 16 
29 19 14 88 18 55 53 73 46 61 77 96 10 61 26 
60 22 24 84 30 87 98 99 71 24 1 59 34 32 80 
16 12 23 48 9 19 4 24 40 35 91 24 1 34 80 
66 91 85 47 90 86 72 19 77 9 66 79 23 32 53 
MACHINES
4 14 12 5 3 10 11 7 13 8 6 15 9 2 1 
14 10 15 1 5 6 7 12 2 8 9 13 11 4 3 
2 15 14 9 11 5 1 13 6 3 12 7 10 8 4 
15 6 5 4 11 8 2 12 14 7 10 13 3 9 1 
15 2 14 7 13 5 6 3 10 1 4 8 12 9 11 
10 12 15 11 14 8 9 3 2 1 13 6 5 7 4 
4 8 12 9 5 10 2 13 11 7 1 15 6 3 14 
15 14 6 1 10 9 3 4 2 12 7 11 5 8 13 
4 3 1 12 2 5 6 14 8 13 10 11 9 7 15 
15 10 12 14 2 6 4 5 1 13 7 3 9 11 8 
