344628625,1806968543
10,15,15
1 39 13 63 74 89 62 34 72 33 20 5 75 19 78 
58 68 32 80 54 98 43 21 24 28 50 66 54 74 81 
73 25 57 18 52 35 26 71 60 54 18 11 47 50 76 
1 28 11 31 81 99 36 98 68 21 34 72 23 71 70 
18 3 31 86 61 74 44 86 85 98 54 52 95 70 15 
61 16 8 81 66 91 9 6 52 63 58 94 90 39 26 
72 82 31 90 96 8 56 9 4 28 88 60 45 35 2 
63 42 39 76 42 46 16 24 89 57 77 44 79 2 36 
6 31 57 36 5 51 56 36 79 69 43 73 55 16 4 
51 35 4 94 38 29 10 77 41 60 81 77 99 46 43 
MACHINES
3 2 5 7 10 9 1 15 11 13 14 12 6 8 4 
5 7 2 10 9 1 11 12 14 15 3 4 8 6 13 
2 7 1 5 13 6 4 3 12 14 8 9 11 15 10 
14 7 6 1 12 9 3 2 11 4 13 10 15 8 5 
5 8 9 14 3 13 12 4 11 7 2 6 15 10 1 
1 10 8 5 15 4 7 3 14 11 13 12 9 6 2 
5 8 6 7 3 14 10 12 4 11 2 13 15 1 9 
7 1 14 3 5 6 10 8 12 2 15 4 13 9 11 
10 13 7 12 6 8 2 14 11 15 4 3 1 9 5 
13 14 3 10 2 5 8 7 4 1 9 15 6 12 11 
