1734077082,1227221349
10,15,15
69 81 81 62 80 3 38 62 54 66 88 82 3 12 88 
83 51 47 15 89 76 52 18 22 85 26 30 5 89 22 
62 47 93 54 38 78 71 96 19 33 44 71 90 9 21 
33 82 80 30 96 31 11 26 41 55 12 10 92 3 75 
36 49 10 43 69 72 19 65 37 57 32 11 73 89 12 
83 32 6 13 87 94 36 76 46 30 56 62 32 52 72 
29 78 21 27 17 43 14 15 16 49 72 19 99 38 64 
12 74 4 3 15 62 50 38 49 25 18 55 5 71 27 
69 13 33 47 86 31 97 48 25 40 94 22 61 59 16 
27 4 35 80 49 46 84 46 96 72 18 23 96 74 23 
MACHINES
8 13 6 9 4 15 14 10 1 2 5 3 7 12 11 
9 1 6 14 7 2 5 3 4 12 11 13 10 15 8 
7 9 8 2 10 6 13 5 1 3 15 12 4 14 11 
13 1 15 8 14 2 7 9 12 3 4 10 6 11 5 
9 3 13 12 11 10 5 4 15 6 1 8 7 14 2 
14 9 7 12 15 10 13 8 1 2 11 3 6 4 5 
5 2 3 14 8 7 1 9 13 15 11 10 6 4 12 
5 11 15 4 7 14 12 10 1 6 2 13 9 8 3 
8 2 6 5 15 9 1 10 13 4 11 3 14 12 7 
4 7 14 5 6 11 3 9 13 12 10 8 15 2 1 
