1734077082,2033800800
10,15,15
28 75 76 23 66 32 10 26 63 52 1 5 69 5 13 
96 26 28 24 14 84 81 42 33 85 40 40 66 76 93 
31 87 48 95 73 69 48 46 53 79 17 15 23 87 55 
89 98 86 57 94 44 85 44 73 33 41 78 71 49 81 
91 94 69 96 73 10 70 20 78 17 95 96 10 56 10 
34 88 15 64 35 51 19 54 33 17 94 19 77 86 98 
32 15 27 24 4 73 81 72 74 47 35 39 91 91 37 
60 51 10 48 89 89 6 23 19 61 56 18 9 10 54 
48 61 82 34 74 82 81 68 8 45 27 17 42 63 7 
82 66 16 95 68 18 56 61 63 10 51 62 71 30 23 
MACHINES
8 13 6 9 4 15 14 10 1 2 5 3 7 12 11 
9 1 6 14 7 2 5 3 4 12 11 13 10 15 8 
7 9 8 2 10 6 13 5 1 3 15 12 4 14 11 
13 1 15 8 14 2 7 9 12 3 4 10 6 11 5 
9 3 13 12 11 10 5 4 15 6 1 8 7 14 2 
14 9 7 12 15 10 13 8 1 2 11 3 6 4 5 
5 2 3 14 8 7 1 9 13 15 11 10 6 4 12 
5 11 15 4 7 14 12 10 1 6 2 13 9 8 3 
8 2 6 5 15 9 1 10 13 4 11 3 14 12 7 
4 7 14 5 6 11 3 9 13 12 10 8 15 2 1 
