1750328066,666128954
10,15,15
37 23 91 63 58 75 99 75 28 9 73 61 81 82 4 
72 20 73 39 76 48 52 4 99 68 45 49 36 44 23 
62 91 15 86 83 72 49 80 1 59 46 41 86 35 71 
18 8 16 90 16 63 91 79 97 87 25 45 22 71 16 
13 15 70 39 6 47 21 36 46 33 32 25 80 77 25 
56 38 68 92 10 32 52 25 66 69 46 62 74 50 24 
45 93 2 39 43 74 65 4 85 77 23 24 60 89 54 
19 61 83 65 29 72 83 74 75 85 31 68 5 21 53 
78 65 5 14 48 92 1 44 52 33 98 43 98 68 3 
26 24 18 10 57 15 21 58 13 78 6 1 29 46 75 
MACHINES
11 6 2 8 4 7 5 15 10 3 13 9 1 14 12 
15 8 7 9 2 5 10 4 11 1 6 13 14 3 12 
11 1 13 9 10 8 7 15 2 6 5 12 14 4 3 
14 9 7 12 11 3 2 13 6 4 5 10 15 1 8 
8 10 5 14 13 12 6 11 3 1 15 7 4 2 9 
9 12 7 13 4 3 10 15 8 1 11 5 2 14 6 
9 4 5 10 12 15 8 7 2 1 13 14 6 3 11 
8 6 15 13 12 9 11 5 2 4 10 3 14 1 7 
15 10 12 7 6 4 8 1 2 5 3 14 13 9 11 
7 14 1 10 12 3 4 9 6 15 5 13 11 8 2 
