1344077538,1344106948
10,15,15
48 96 51 2 47 67 52 69 83 68 92 60 26 96 12 
22 29 57 16 86 96 38 87 24 70 6 64 65 90 86 
17 89 31 66 37 91 67 71 62 69 56 46 72 12 8 
29 20 46 12 52 55 62 37 11 86 97 83 67 60 46 
93 25 53 85 95 44 33 42 44 40 3 18 93 97 55 
29 86 49 80 67 94 38 53 72 38 6 97 28 39 18 
34 50 73 41 34 82 83 31 84 95 75 9 8 87 24 
11 78 91 84 45 31 23 68 55 94 67 13 30 40 89 
70 26 49 71 21 60 62 60 91 33 80 31 10 91 90 
54 96 80 97 94 82 81 1 5 99 2 17 63 79 94 
MACHINES
4 8 5 3 13 6 15 10 14 12 11 9 2 1 7 
12 1 5 14 3 2 10 8 9 15 11 7 6 4 13 
10 11 1 12 7 2 13 5 3 9 6 14 8 15 4 
10 13 5 12 4 15 11 7 9 6 1 2 14 8 3 
2 5 7 1 13 11 3 15 4 12 10 14 8 9 6 
15 11 9 12 1 14 10 6 7 2 3 8 5 4 13 
2 10 7 4 12 11 6 3 1 8 14 9 13 5 15 
12 2 13 1 6 7 15 10 5 8 4 3 11 9 14 
11 10 6 8 13 14 7 3 4 12 5 1 15 2 9 
9 10 14 13 11 4 1 6 15 7 5 12 2 8 3 
