1393392374,1004528509
10,15,15
81 20 70 18 64 97 19 84 72 14 10 78 16 64 54 
43 11 52 98 20 45 77 88 77 88 30 59 21 68 36 
56 37 41 19 3 77 34 64 26 19 42 3 90 66 48 
62 61 77 31 63 38 60 34 40 99 77 36 13 71 65 
1 22 45 71 70 84 2 61 89 56 38 20 71 49 53 
5 2 48 38 97 35 83 30 22 70 92 65 21 99 92 
54 27 74 82 71 22 3 95 93 83 46 51 31 54 38 
79 56 60 6 75 76 91 20 7 98 48 22 99 23 90 
22 67 67 8 33 28 75 2 57 19 34 59 24 23 8 
80 25 84 8 45 19 91 40 83 7 28 56 45 23 86 
MACHINES
4 14 12 5 3 10 11 7 13 8 6 15 9 2 1 
14 10 15 1 5 6 7 12 2 8 9 13 11 4 3 
2 15 14 9 11 5 1 13 6 3 12 7 10 8 4 
15 6 5 4 11 8 2 12 14 7 10 13 3 9 1 
15 2 14 7 13 5 6 3 10 1 4 8 12 9 11 
10 12 15 11 14 8 9 3 2 1 13 6 5 7 4 
4 8 12 9 5 10 2 13 11 7 1 15 6 3 14 
15 14 6 1 10 9 3 4 2 12 7 11 5 8 13 
4 3 1 12 2 5 6 14 8 13 10 11 9 7 15 
15 10 12 14 2 6 4 5 1 13 7 3 9 11 8 
