1787167667,1227221349
10,15,15
69 81 81 62 80 3 38 62 54 66 88 82 3 12 88 
83 51 47 15 89 76 52 18 22 85 26 30 5 89 22 
62 47 93 54 38 78 71 96 19 33 44 71 90 9 21 
33 82 80 30 96 31 11 26 41 55 12 10 92 3 75 
36 49 10 43 69 72 19 65 37 57 32 11 73 89 12 
83 32 6 13 87 94 36 76 46 30 56 62 32 52 72 
29 78 21 27 17 43 14 15 16 49 72 19 99 38 64 
12 74 4 3 15 62 50 38 49 25 18 55 5 71 27 
69 13 33 47 86 31 97 48 25 40 94 22 61 59 16 
27 4 35 80 49 46 84 46 96 72 18 23 96 74 23 
MACHINES
1 15 13 6 3 7 4 10 14 11 8 2 12 9 5 
11 15 9 4 12 2 7 13 8 3 1 10 5 14 6 
13 7 2 6 9 3 10 11 4 14 15 5 12 1 8 
13 9 15 4 12 3 6 7 11 8 10 1 14 2 5 
8 12 5 3 10 2 7 1 6 14 13 11 4 15 9 
7 12 1 8 15 3 14 13 2 5 4 6 10 11 9 
13 5 14 15 7 2 9 10 6 8 1 4 12 11 3 
10 3 4 12 9 11 8 5 2 6 15 14 7 1 13 
11 8 13 3 15 4 10 7 1 14 12 2 5 9 6 
3 1 7 9 11 14 10 8 13 5 2 12 4 15 6 
