1374316395,1603221416
10,15,15
40 96 59 95 76 75 23 65 65 16 71 52 84 99 24 
2 88 99 52 68 13 38 35 57 37 93 38 68 94 71 
87 46 14 87 30 79 62 37 54 1 97 16 2 51 96 
19 15 42 8 72 15 76 25 78 84 62 70 81 16 97 
68 71 3 68 91 37 73 21 85 79 51 50 21 30 64 
14 1 29 72 6 31 98 50 83 2 86 33 33 98 59 
21 80 99 70 80 71 47 96 56 78 53 10 92 1 33 
29 85 89 10 30 38 38 48 16 65 90 73 88 46 47 
37 9 49 23 1 78 39 15 9 41 35 83 8 61 60 
1 73 47 46 10 37 60 84 26 11 37 79 75 49 51 
MACHINES
14 13 8 1 6 12 10 11 2 3 4 15 5 7 9 
3 2 9 15 14 1 6 12 10 13 11 8 4 5 7 
1 4 2 8 5 9 15 6 7 3 14 13 10 11 12 
10 12 1 8 13 15 7 2 14 11 5 6 4 3 9 
9 14 6 11 10 15 13 3 4 1 7 12 8 5 2 
13 14 15 10 6 2 7 8 1 4 9 11 5 12 3 
10 1 6 5 13 15 7 2 4 9 14 12 3 11 8 
13 2 10 15 7 11 3 8 5 12 14 6 4 9 1 
7 6 13 5 2 15 10 1 8 9 11 14 3 12 4 
9 4 6 5 2 11 8 10 14 3 1 12 7 13 15 
