1735817385,1227221349
10,15,15
69 81 81 62 80 3 38 62 54 66 88 82 3 12 88 
83 51 47 15 89 76 52 18 22 85 26 30 5 89 22 
62 47 93 54 38 78 71 96 19 33 44 71 90 9 21 
33 82 80 30 96 31 11 26 41 55 12 10 92 3 75 
36 49 10 43 69 72 19 65 37 57 32 11 73 89 12 
83 32 6 13 87 94 36 76 46 30 56 62 32 52 72 
29 78 21 27 17 43 14 15 16 49 72 19 99 38 64 
12 74 4 3 15 62 50 38 49 25 18 55 5 71 27 
69 13 33 47 86 31 97 48 25 40 94 22 61 59 16 
27 4 35 80 49 46 84 46 96 72 18 23 96 74 23 
MACHINES
3 8 9 11 14 2 13 12 5 6 10 1 7 4 15 
7 13 8 1 15 10 12 3 6 9 14 4 2 5 11 
8 3 4 2 5 6 12 13 15 10 7 1 11 14 9 
4 11 8 3 15 5 7 13 1 6 12 14 10 2 9 
2 13 5 11 1 4 12 10 15 9 8 6 3 7 14 
6 13 11 1 7 9 10 2 8 14 12 3 4 15 5 
2 13 15 11 5 10 4 12 6 8 3 7 14 9 1 
14 12 9 2 4 6 11 3 13 15 5 7 8 1 10 
4 10 9 15 14 11 12 5 6 1 8 7 2 3 13 
12 4 3 1 5 9 13 15 10 11 2 8 6 7 14 
