1735817385,1314640371
10,15,15
86 60 10 59 65 94 71 25 98 49 43 8 90 21 73 
68 28 38 36 93 35 37 28 62 86 65 11 20 82 23 
33 67 96 91 83 81 60 88 20 62 22 79 38 40 82 
13 14 73 88 24 16 78 70 53 68 73 90 58 7 4 
93 52 63 13 19 41 71 59 19 60 85 99 73 95 19 
62 60 93 16 10 72 88 69 58 41 46 63 76 83 62 
50 68 90 34 44 5 8 25 70 53 78 92 62 85 70 
60 64 92 44 63 91 21 1 96 19 59 12 41 11 94 
93 46 51 37 91 90 63 40 68 13 16 83 49 24 23 
5 35 21 14 66 3 6 98 63 64 76 94 17 62 37 
MACHINES
3 8 9 11 14 2 13 12 5 6 10 1 7 4 15 
7 13 8 1 15 10 12 3 6 9 14 4 2 5 11 
8 3 4 2 5 6 12 13 15 10 7 1 11 14 9 
4 11 8 3 15 5 7 13 1 6 12 14 10 2 9 
2 13 5 11 1 4 12 10 15 9 8 6 3 7 14 
6 13 11 1 7 9 10 2 8 14 12 3 4 15 5 
2 13 15 11 5 10 4 12 6 8 3 7 14 9 1 
14 12 9 2 4 6 11 3 13 15 5 7 8 1 10 
4 10 9 15 14 11 12 5 6 1 8 7 2 3 13 
12 4 3 1 5 9 13 15 10 11 2 8 6 7 14 
