1344077538,342269428
10,15,15
72 51 42 31 61 46 88 33 27 85 70 56 70 50 25 
19 79 79 47 40 67 43 65 84 61 30 56 19 91 68 
94 7 2 95 60 82 76 36 8 85 7 44 2 72 91 
58 67 84 34 19 19 94 41 98 96 25 40 74 88 74 
45 60 8 29 32 42 25 4 71 79 93 28 30 17 43 
84 56 46 93 66 84 40 4 15 15 54 39 77 55 31 
65 91 17 47 77 68 62 22 72 47 38 7 11 22 63 
12 21 60 42 22 84 60 52 25 53 53 56 29 83 32 
48 28 70 26 68 4 19 92 24 54 57 47 84 85 95 
36 34 65 64 30 41 53 74 44 13 41 6 32 94 37 
MACHINES
4 8 5 3 13 6 15 10 14 12 11 9 2 1 7 
12 1 5 14 3 2 10 8 9 15 11 7 6 4 13 
10 11 1 12 7 2 13 5 3 9 6 14 8 15 4 
10 13 5 12 4 15 11 7 9 6 1 2 14 8 3 
2 5 7 1 13 11 3 15 4 12 10 14 8 9 6 
15 11 9 12 1 14 10 6 7 2 3 8 5 4 13 
2 10 7 4 12 11 6 3 1 8 14 9 13 5 15 
12 2 13 1 6 7 15 10 5 8 4 3 11 9 14 
11 10 6 8 13 14 7 3 4 12 5 1 15 2 9 
9 10 14 13 11 4 1 6 15 7 5 12 2 8 3 
