1544979948,342269428
10,15,15
72 51 42 31 61 46 88 33 27 85 70 56 70 50 25 
19 79 79 47 40 67 43 65 84 61 30 56 19 91 68 
94 7 2 95 60 82 76 36 8 85 7 44 2 72 91 
58 67 84 34 19 19 94 41 98 96 25 40 74 88 74 
45 60 8 29 32 42 25 4 71 79 93 28 30 17 43 
84 56 46 93 66 84 40 4 15 15 54 39 77 55 31 
65 91 17 47 77 68 62 22 72 47 38 7 11 22 63 
12 21 60 42 22 84 60 52 25 53 53 56 29 83 32 
48 28 70 26 68 4 19 92 24 54 57 47 84 85 95 
36 34 65 64 30 41 53 74 44 13 41 6 32 94 37 
MACHINES
9 3 8 15 13 1 5 4 14 6 10 11 7 2 12 
3 9 7 5 12 1 10 8 6 4 2 11 14 15 13 
6 12 9 15 13 2 5 10 11 7 14 1 3 4 8 
10 14 9 7 13 6 11 3 2 1 15 12 4 5 8 
9 11 4 14 15 6 5 1 13 12 10 7 3 2 8 
8 3 10 6 11 5 4 2 12 9 7 15 14 1 13 
3 11 2 13 15 4 1 5 10 6 12 14 8 9 7 
14 7 12 13 9 8 15 6 4 5 1 11 3 2 10 
9 5 7 8 1 12 14 13 3 4 11 2 6 15 10 
3 7 13 10 9 12 2 4 14 5 11 6 1 8 15 
