1750328066,1806968543
10,15,15
1 39 13 63 74 89 62 34 72 33 20 5 75 19 78 
58 68 32 80 54 98 43 21 24 28 50 66 54 74 81 
73 25 57 18 52 35 26 71 60 54 18 11 47 50 76 
1 28 11 31 81 99 36 98 68 21 34 72 23 71 70 
18 3 31 86 61 74 44 86 85 98 54 52 95 70 15 
61 16 8 81 66 91 9 6 52 63 58 94 90 39 26 
72 82 31 90 96 8 56 9 4 28 88 60 45 35 2 
63 42 39 76 42 46 16 24 89 57 77 44 79 2 36 
6 31 57 36 5 51 56 36 79 69 43 73 55 16 4 
51 35 4 94 38 29 10 77 41 60 81 77 99 46 43 
MACHINES
11 6 2 8 4 7 5 15 10 3 13 9 1 14 12 
15 8 7 9 2 5 10 4 11 1 6 13 14 3 12 
11 1 13 9 10 8 7 15 2 6 5 12 14 4 3 
14 9 7 12 11 3 2 13 6 4 5 10 15 1 8 
8 10 5 14 13 12 6 11 3 1 15 7 4 2 9 
9 12 7 13 4 3 10 15 8 1 11 5 2 14 6 
9 4 5 10 12 15 8 7 2 1 13 14 6 3 11 
8 6 15 13 12 9 11 5 2 4 10 3 14 1 7 
15 10 12 7 6 4 8 1 2 5 3 14 13 9 11 
7 14 1 10 12 3 4 9 6 15 5 13 11 8 2 
