398197754,1357584978
10,15,15
96 23 71 26 28 16 27 71 18 57 43 5 12 91 63 
32 81 95 79 55 45 60 73 23 44 92 20 5 72 73 
63 93 63 79 10 66 27 93 24 26 8 69 29 66 97 
80 87 68 23 54 16 68 32 74 3 2 71 4 67 28 
46 96 11 41 93 2 98 10 43 65 27 57 75 87 81 
5 91 92 87 66 36 67 88 92 27 13 7 95 66 13 
90 33 78 76 93 67 82 94 12 5 85 42 4 2 70 
79 24 41 83 45 29 3 42 5 44 83 59 60 78 44 
19 55 20 74 66 37 55 63 40 73 55 84 54 62 6 
27 59 6 90 6 37 64 35 25 59 77 30 1 7 70 
MACHINES
7 13 5 8 4 3 11 12 9 15 10 14 6 1 2 
5 6 8 15 14 9 12 10 7 11 1 4 13 2 3 
2 9 10 13 7 12 14 6 1 3 8 11 5 4 15 
6 3 10 7 11 1 14 5 8 15 12 9 13 2 4 
8 9 7 11 5 10 3 15 13 6 2 14 12 1 4 
6 4 13 14 12 5 15 8 3 2 11 1 10 7 9 
13 4 8 9 15 7 2 12 5 6 3 11 1 14 10 
12 6 1 8 13 14 15 2 3 9 5 4 10 7 11 
11 12 7 15 1 2 3 6 13 5 9 8 10 14 4 
7 12 10 3 9 1 14 4 11 8 2 13 15 5 6 
