1561913259,73896786
10,15,15
35 78 79 65 53 14 93 70 14 90 95 49 36 85 1 
83 41 22 29 52 71 16 93 54 63 12 85 62 45 30 
60 43 71 2 50 37 86 81 60 57 66 24 98 92 69 
14 59 35 6 25 57 1 44 94 30 95 93 51 52 16 
96 39 75 98 2 38 69 32 95 63 4 11 50 95 78 
73 28 43 47 57 88 33 13 7 49 23 38 21 99 72 
3 80 67 93 91 31 52 64 83 2 90 64 16 18 25 
23 30 22 54 68 63 89 95 5 37 5 42 17 54 46 
44 59 87 62 51 55 3 40 26 18 15 18 72 35 60 
27 14 77 24 55 67 59 19 29 33 88 30 91 11 11 
MACHINES
2 7 6 1 5 9 14 10 3 11 4 13 15 12 8 
4 12 1 11 5 15 10 13 14 8 2 3 9 7 6 
2 4 11 7 1 14 10 5 13 6 15 8 3 12 9 
5 2 8 15 14 11 7 12 4 1 6 13 9 10 3 
11 12 9 14 2 15 5 7 1 8 10 13 6 3 4 
2 6 5 4 12 8 10 1 7 11 13 14 3 9 15 
9 1 3 4 6 12 2 10 11 14 13 15 7 8 5 
10 3 5 2 8 7 6 14 12 1 9 15 11 13 4 
4 12 9 1 15 11 6 5 2 3 8 13 7 14 10 
14 11 3 6 5 8 1 7 10 4 9 13 2 12 15 
