1544979948,302545136
10,15,15
83 1 96 54 30 80 81 9 49 32 19 92 65 88 64 
4 68 79 21 84 92 66 51 83 96 68 38 38 99 76 
46 57 66 75 88 58 56 35 59 82 24 96 24 55 80 
34 69 53 98 8 81 81 38 39 3 59 81 30 76 71 
85 80 36 57 96 34 14 3 90 99 9 42 95 27 27 
28 11 66 2 35 69 61 84 73 56 98 81 72 92 23 
21 5 95 5 22 16 77 85 76 46 36 89 99 44 37 
49 80 61 87 41 6 83 79 44 83 9 84 99 38 68 
77 51 68 69 6 26 99 6 34 27 51 82 5 90 1 
85 64 55 76 89 68 34 14 52 33 91 4 18 95 76 
MACHINES
9 3 8 15 13 1 5 4 14 6 10 11 7 2 12 
3 9 7 5 12 1 10 8 6 4 2 11 14 15 13 
6 12 9 15 13 2 5 10 11 7 14 1 3 4 8 
10 14 9 7 13 6 11 3 2 1 15 12 4 5 8 
9 11 4 14 15 6 5 1 13 12 10 7 3 2 8 
8 3 10 6 11 5 4 2 12 9 7 15 14 1 13 
3 11 2 13 15 4 1 5 10 6 12 14 8 9 7 
14 7 12 13 9 8 15 6 4 5 1 11 3 2 10 
9 5 7 8 1 12 14 13 3 4 11 2 6 15 10 
3 7 13 10 9 12 2 4 14 5 11 6 1 8 15 
