1501949241,1314640371
10,15,15
86 60 10 59 65 94 71 25 98 49 43 8 90 21 73 
68 28 38 36 93 35 37 28 62 86 65 11 20 82 23 
33 67 96 91 83 81 60 88 20 62 22 79 38 40 82 
13 14 73 88 24 16 78 70 53 68 73 90 58 7 4 
93 52 63 13 19 41 71 59 19 60 85 99 73 95 19 
62 60 93 16 10 72 88 69 58 41 46 63 76 83 62 
50 68 90 34 44 5 8 25 70 53 78 92 62 85 70 
60 64 92 44 63 91 21 1 96 19 59 12 41 11 94 
93 46 51 37 91 90 63 40 68 13 16 83 49 24 23 
5 35 21 14 66 3 6 98 63 64 76 94 17 62 37 
MACHINES
13 2 5 10 14 1 12 9 4 6 7 15 11 3 8 
6 2 15 11 14 10 7 13 9 3 8 1 4 5 12 
7 4 11 8 14 5 6 10 9 3 1 2 12 15 13 
11 8 6 1 10 14 3 9 2 15 12 4 13 7 5 
7 13 15 2 8 6 12 1 3 4 9 14 5 10 11 
5 8 7 1 9 14 13 15 4 3 6 10 11 2 12 
11 12 7 10 1 3 2 9 13 8 6 4 14 15 5 
4 11 6 7 9 5 1 15 3 8 10 12 13 2 14 
2 3 7 8 11 13 15 9 1 4 14 6 5 10 12 
13 8 7 15 4 5 1 14 11 9 12 10 6 3 2 
