2092186050,1561423441
10,15,15
28 78 22 21 10 16 53 19 46 85 47 98 8 78 16 
57 71 40 73 51 80 72 36 23 83 6 18 25 23 77 
56 85 47 32 9 81 58 78 68 38 81 85 65 16 86 
47 99 97 70 70 58 39 42 54 22 82 29 78 65 72 
35 38 43 78 58 24 27 93 43 79 88 60 5 70 33 
16 42 19 63 67 48 15 72 36 11 82 48 75 55 42 
51 56 43 33 6 61 72 29 94 3 40 62 40 10 56 
80 34 90 1 74 22 86 65 18 60 23 82 39 10 4 
56 55 25 76 47 19 51 33 41 80 82 18 2 60 27 
6 55 69 66 82 44 36 44 96 24 33 53 82 25 59 
MACHINES
4 7 8 14 5 2 13 11 9 15 1 10 6 3 12 
3 13 2 14 4 5 9 15 1 11 8 6 10 12 7 
9 15 4 1 11 6 10 14 3 12 7 5 8 2 13 
6 14 12 5 15 3 10 9 11 4 7 8 2 1 13 
14 6 3 15 2 9 5 4 12 7 8 13 10 1 11 
15 12 3 6 9 11 1 5 10 8 14 4 2 7 13 
9 13 6 11 8 12 3 14 1 15 7 10 2 5 4 
10 8 13 4 7 3 11 14 2 9 15 5 1 6 12 
1 5 6 2 12 8 7 3 15 14 9 10 4 11 13 
9 12 8 2 15 14 13 5 7 10 11 1 6 3 4 
