344628625,73896786
10,15,15
35 78 79 65 53 14 93 70 14 90 95 49 36 85 1 
83 41 22 29 52 71 16 93 54 63 12 85 62 45 30 
60 43 71 2 50 37 86 81 60 57 66 24 98 92 69 
14 59 35 6 25 57 1 44 94 30 95 93 51 52 16 
96 39 75 98 2 38 69 32 95 63 4 11 50 95 78 
73 28 43 47 57 88 33 13 7 49 23 38 21 99 72 
3 80 67 93 91 31 52 64 83 2 90 64 16 18 25 
23 30 22 54 68 63 89 95 5 37 5 42 17 54 46 
44 59 87 62 51 55 3 40 26 18 15 18 72 35 60 
27 14 77 24 55 67 59 19 29 33 88 30 91 11 11 
MACHINES
3 2 5 7 10 9 1 15 11 13 14 12 6 8 4 
5 7 2 10 9 1 11 12 14 15 3 4 8 6 13 
2 7 1 5 13 6 4 3 12 14 8 9 11 15 10 
14 7 6 1 12 9 3 2 11 4 13 10 15 8 5 
5 8 9 14 3 13 12 4 11 7 2 6 15 10 1 
1 10 8 5 15 4 7 3 14 11 13 12 9 6 2 
5 8 6 7 3 14 10 12 4 11 2 13 15 1 9 
7 1 14 3 5 6 10 8 12 2 15 4 13 9 11 
10 13 7 12 6 8 2 14 11 15 4 3 1 9 5 
13 14 3 10 2 5 8 7 4 1 9 15 6 12 11 
