818777384,73896786
10,15,15
35 78 79 65 53 14 93 70 14 90 95 49 36 85 1 
83 41 22 29 52 71 16 93 54 63 12 85 62 45 30 
60 43 71 2 50 37 86 81 60 57 66 24 98 92 69 
14 59 35 6 25 57 1 44 94 30 95 93 51 52 16 
96 39 75 98 2 38 69 32 95 63 4 11 50 95 78 
73 28 43 47 57 88 33 13 7 49 23 38 21 99 72 
3 80 67 93 91 31 52 64 83 2 90 64 16 18 25 
23 30 22 54 68 63 89 95 5 37 5 42 17 54 46 
44 59 87 62 51 55 3 40 26 18 15 18 72 35 60 
27 14 77 24 55 67 59 19 29 33 88 30 91 11 11 
MACHINES
1 3 2 6 15 13 14 5 9 11 7 4 12 10 8 
10 15 12 1 9 6 14 2 5 4 11 7 13 3 8 
3 2 10 8 14 6 12 15 4 1 13 9 5 7 11 
2 3 7 6 5 4 14 1 12 15 10 9 13 11 8 
6 14 7 15 9 2 10 3 8 4 12 11 1 5 13 
9 15 5 1 2 11 4 3 12 6 8 10 14 7 13 
8 9 2 6 13 12 3 15 5 14 7 1 11 4 10 
9 2 10 13 14 5 8 11 6 3 7 12 15 4 1 
13 6 8 3 5 9 2 7 15 10 4 12 11 1 14 
4 5 9 6 3 15 12 11 7 10 8 13 2 1 14 
