1806358582,1344106948
10,15,15
48 96 51 2 47 67 52 69 83 68 92 60 26 96 12 
22 29 57 16 86 96 38 87 24 70 6 64 65 90 86 
17 89 31 66 37 91 67 71 62 69 56 46 72 12 8 
29 20 46 12 52 55 62 37 11 86 97 83 67 60 46 
93 25 53 85 95 44 33 42 44 40 3 18 93 97 55 
29 86 49 80 67 94 38 53 72 38 6 97 28 39 18 
34 50 73 41 34 82 83 31 84 95 75 9 8 87 24 
11 78 91 84 45 31 23 68 55 94 67 13 30 40 89 
70 26 49 71 21 60 62 60 91 33 80 31 10 91 90 
54 96 80 97 94 82 81 1 5 99 2 17 63 79 94 
MACHINES
4 8 7 15 10 9 6 5 11 2 1 13 12 3 14 
2 12 1 6 9 14 4 11 10 3 13 7 5 8 15 
8 4 9 12 1 5 10 14 2 11 7 6 15 13 3 
7 12 6 14 4 3 2 5 10 13 9 1 15 8 11 
2 12 7 6 9 8 13 10 3 15 14 4 1 5 11 
12 3 13 2 15 1 7 10 4 14 8 11 5 6 9 
15 8 12 1 13 9 10 11 4 14 5 2 3 7 6 
8 5 14 6 15 12 3 13 7 2 1 11 10 4 9 
8 5 15 11 4 1 14 9 2 3 7 13 12 10 6 
3 13 11 4 7 6 15 10 14 5 1 12 8 9 2 
