1544979948,964467313
10,15,15
28 9 78 34 92 10 59 37 27 82 21 69 56 54 50 
16 9 97 45 22 1 53 16 98 24 26 8 49 91 52 
35 31 59 99 38 11 67 91 31 9 20 43 94 90 17 
22 37 9 87 77 84 73 15 59 25 18 13 69 75 26 
17 64 89 52 67 5 75 33 52 41 31 31 41 84 37 
82 65 20 26 67 23 94 21 46 19 67 8 95 1 31 
80 35 10 44 62 13 51 30 90 72 58 11 20 44 25 
37 46 67 22 99 11 36 95 24 6 52 18 85 13 80 
50 7 8 45 97 45 21 25 12 58 58 77 95 1 61 
8 80 28 68 22 50 66 93 7 84 64 89 68 84 75 
MACHINES
9 3 8 15 13 1 5 4 14 6 10 11 7 2 12 
3 9 7 5 12 1 10 8 6 4 2 11 14 15 13 
6 12 9 15 13 2 5 10 11 7 14 1 3 4 8 
10 14 9 7 13 6 11 3 2 1 15 12 4 5 8 
9 11 4 14 15 6 5 1 13 12 10 7 3 2 8 
8 3 10 6 11 5 4 2 12 9 7 15 14 1 13 
3 11 2 13 15 4 1 5 10 6 12 14 8 9 7 
14 7 12 13 9 8 15 6 4 5 1 11 3 2 10 
9 5 7 8 1 12 14 13 3 4 11 2 6 15 10 
3 7 13 10 9 12 2 4 14 5 11 6 1 8 15 
