1111853152,302545136
10,15,15
83 1 96 54 30 80 81 9 49 32 19 92 65 88 64 
4 68 79 21 84 92 66 51 83 96 68 38 38 99 76 
46 57 66 75 88 58 56 35 59 82 24 96 24 55 80 
34 69 53 98 8 81 81 38 39 3 59 81 30 76 71 
85 80 36 57 96 34 14 3 90 99 9 42 95 27 27 
28 11 66 2 35 69 61 84 73 56 98 81 72 92 23 
21 5 95 5 22 16 77 85 76 46 36 89 99 44 37 
49 80 61 87 41 6 83 79 44 83 9 84 99 38 68 
77 51 68 69 6 26 99 6 34 27 51 82 5 90 1 
85 64 55 76 89 68 34 14 52 33 91 4 18 95 76 
MACHINES
12 6 4 14 7 10 3 9 15 13 5 2 1 11 8 
9 4 10 13 3 12 15 14 11 1 6 8 5 2 7 
11 14 6 3 10 15 2 8 7 13 9 1 12 4 5 
1 5 9 2 15 13 6 12 4 7 14 3 11 8 10 
3 12 4 6 1 8 9 7 13 14 5 2 11 10 15 
7 10 5 12 15 11 1 13 8 2 9 3 4 14 6 
10 8 15 12 3 7 4 5 9 13 2 6 14 11 1 
5 12 15 9 11 8 1 13 10 4 2 14 7 6 3 
10 1 13 11 12 5 6 4 8 3 2 9 15 14 7 
3 4 12 13 7 6 8 9 11 2 14 15 1 10 5 
