1111853152,44531661
10,15,15
52 19 6 20 1 26 90 44 27 18 51 80 10 51 41 
44 85 2 78 86 88 61 20 56 12 69 34 55 34 84 
62 72 74 63 95 29 24 34 89 83 90 26 98 65 31 
10 15 93 79 77 61 1 48 22 27 21 17 45 96 11 
83 52 70 78 7 28 97 52 29 81 60 91 80 54 35 
3 31 98 97 77 39 41 10 9 93 7 49 20 45 59 
28 93 4 51 67 5 18 52 47 21 49 63 96 85 90 
25 82 58 15 67 50 66 92 56 82 57 16 34 99 61 
82 31 22 16 87 48 59 63 29 99 48 36 91 61 59 
28 25 69 65 62 57 97 31 15 25 83 98 55 66 31 
MACHINES
12 6 4 14 7 10 3 9 15 13 5 2 1 11 8 
9 4 10 13 3 12 15 14 11 1 6 8 5 2 7 
11 14 6 3 10 15 2 8 7 13 9 1 12 4 5 
1 5 9 2 15 13 6 12 4 7 14 3 11 8 10 
3 12 4 6 1 8 9 7 13 14 5 2 11 10 15 
7 10 5 12 15 11 1 13 8 2 9 3 4 14 6 
10 8 15 12 3 7 4 5 9 13 2 6 14 11 1 
5 12 15 9 11 8 1 13 10 4 2 14 7 6 3 
10 1 13 11 12 5 6 4 8 3 2 9 15 14 7 
3 4 12 13 7 6 8 9 11 2 14 15 1 10 5 
