1750328066,1667495107
10,15,15
43 12 58 80 55 83 35 69 93 53 74 91 73 15 85 
56 2 84 58 1 65 48 11 33 63 36 36 1 7 31 
64 74 75 37 89 3 45 21 23 83 97 64 32 66 52 
17 84 3 21 56 65 60 73 9 11 97 64 59 73 84 
1 36 16 36 15 18 55 26 40 7 60 22 22 20 93 
57 79 78 11 11 66 40 24 13 87 97 27 96 87 48 
76 52 58 5 55 10 58 77 70 94 23 45 14 75 63 
96 61 69 5 44 65 99 37 79 92 76 12 1 8 99 
16 85 91 42 42 95 60 9 83 46 9 33 25 62 65 
51 44 14 4 75 83 29 90 98 8 53 96 1 24 70 
MACHINES
11 6 2 8 4 7 5 15 10 3 13 9 1 14 12 
15 8 7 9 2 5 10 4 11 1 6 13 14 3 12 
11 1 13 9 10 8 7 15 2 6 5 12 14 4 3 
14 9 7 12 11 3 2 13 6 4 5 10 15 1 8 
8 10 5 14 13 12 6 11 3 1 15 7 4 2 9 
9 12 7 13 4 3 10 15 8 1 11 5 2 14 6 
9 4 5 10 12 15 8 7 2 1 13 14 6 3 11 
8 6 15 13 12 9 11 5 2 4 10 3 14 1 7 
15 10 12 7 6 4 8 1 2 5 3 14 13 9 11 
7 14 1 10 12 3 4 9 6 15 5 13 11 8 2 
