1561913259,964467313
10,15,15
28 9 78 34 92 10 59 37 27 82 21 69 56 54 50 
16 9 97 45 22 1 53 16 98 24 26 8 49 91 52 
35 31 59 99 38 11 67 91 31 9 20 43 94 90 17 
22 37 9 87 77 84 73 15 59 25 18 13 69 75 26 
17 64 89 52 67 5 75 33 52 41 31 31 41 84 37 
82 65 20 26 67 23 94 21 46 19 67 8 95 1 31 
80 35 10 44 62 13 51 30 90 72 58 11 20 44 25 
37 46 67 22 99 11 36 95 24 6 52 18 85 13 80 
50 7 8 45 97 45 21 25 12 58 58 77 95 1 61 
8 80 28 68 22 50 66 93 7 84 64 89 68 84 75 
MACHINES
2 7 6 1 5 9 14 10 3 11 4 13 15 12 8 
4 12 1 11 5 15 10 13 14 8 2 3 9 7 6 
2 4 11 7 1 14 10 5 13 6 15 8 3 12 9 
5 2 8 15 14 11 7 12 4 1 6 13 9 10 3 
11 12 9 14 2 15 5 7 1 8 10 13 6 3 4 
2 6 5 4 12 8 10 1 7 11 13 14 3 9 15 
9 1 3 4 6 12 2 10 11 14 13 15 7 8 5 
10 3 5 2 8 7 6 14 12 1 9 15 11 13 4 
4 12 9 1 15 11 6 5 2 3 8 13 7 14 10 
14 11 3 6 5 8 1 7 10 4 9 13 2 12 15 
