344628625,1153780144
10,15,15
91 15 45 26 90 53 7 78 94 8 19 56 69 66 98 
34 1 40 74 43 73 96 80 87 78 88 90 49 85 3 
88 98 82 46 79 69 95 41 39 12 1 71 27 77 99 
50 1 21 72 46 20 62 33 79 56 67 23 56 44 56 
15 15 16 79 8 73 86 52 79 62 93 86 44 80 18 
79 63 94 9 86 89 12 66 55 70 35 14 3 54 62 
42 39 42 9 37 25 78 76 16 38 30 80 34 92 29 
96 25 49 67 53 20 52 29 51 35 38 18 43 46 98 
73 68 3 98 68 8 15 88 72 20 89 59 68 63 41 
30 43 80 64 14 6 36 88 71 51 63 32 16 63 7 
MACHINES
3 2 5 7 10 9 1 15 11 13 14 12 6 8 4 
5 7 2 10 9 1 11 12 14 15 3 4 8 6 13 
2 7 1 5 13 6 4 3 12 14 8 9 11 15 10 
14 7 6 1 12 9 3 2 11 4 13 10 15 8 5 
5 8 9 14 3 13 12 4 11 7 2 6 15 10 1 
1 10 8 5 15 4 7 3 14 11 13 12 9 6 2 
5 8 6 7 3 14 10 12 4 11 2 13 15 1 9 
7 1 14 3 5 6 10 8 12 2 15 4 13 9 11 
10 13 7 12 6 8 2 14 11 15 4 3 1 9 5 
13 14 3 10 2 5 8 7 4 1 9 15 6 12 11 
