2092186050,964467313
10,15,15
28 9 78 34 92 10 59 37 27 82 21 69 56 54 50 
16 9 97 45 22 1 53 16 98 24 26 8 49 91 52 
35 31 59 99 38 11 67 91 31 9 20 43 94 90 17 
22 37 9 87 77 84 73 15 59 25 18 13 69 75 26 
17 64 89 52 67 5 75 33 52 41 31 31 41 84 37 
82 65 20 26 67 23 94 21 46 19 67 8 95 1 31 
80 35 10 44 62 13 51 30 90 72 58 11 20 44 25 
37 46 67 22 99 11 36 95 24 6 52 18 85 13 80 
50 7 8 45 97 45 21 25 12 58 58 77 95 1 61 
8 80 28 68 22 50 66 93 7 84 64 89 68 84 75 
MACHINES
4 7 8 14 5 2 13 11 9 15 1 10 6 3 12 
3 13 2 14 4 5 9 15 1 11 8 6 10 12 7 
9 15 4 1 11 6 10 14 3 12 7 5 8 2 13 
6 14 12 5 15 3 10 9 11 4 7 8 2 1 13 
14 6 3 15 2 9 5 4 12 7 8 13 10 1 11 
15 12 3 6 9 11 1 5 10 8 14 4 2 7 13 
9 13 6 11 8 12 3 14 1 15 7 10 2 5 4 
10 8 13 4 7 3 11 14 2 9 15 5 1 6 12 
1 5 6 2 12 8 7 3 15 14 9 10 4 11 13 
9 12 8 2 15 14 13 5 7 10 11 1 6 3 4 
