1393392374,342269428
10,15,15
72 51 42 31 61 46 88 33 27 85 70 56 70 50 25 
19 79 79 47 40 67 43 65 84 61 30 56 19 91 68 
94 7 2 95 60 82 76 36 8 85 7 44 2 72 91 
58 67 84 34 19 19 94 41 98 96 25 40 74 88 74 
45 60 8 29 32 42 25 4 71 79 93 28 30 17 43 
84 56 46 93 66 84 40 4 15 15 54 39 77 55 31 
65 91 17 47 77 68 62 22 72 47 38 7 11 22 63 
12 21 60 42 22 84 60 52 25 53 53 56 29 83 32 
48 28 70 26 68 4 19 92 24 54 57 47 84 85 95 
36 34 65 64 30 41 53 74 44 13 41 6 32 94 37 
MACHINES
4 14 12 5 3 10 11 7 13 8 6 15 9 2 1 
14 10 15 1 5 6 7 12 2 8 9 13 11 4 3 
2 15 14 9 11 5 1 13 6 3 12 7 10 8 4 
15 6 5 4 11 8 2 12 14 7 10 13 3 9 1 
15 2 14 7 13 5 6 3 10 1 4 8 12 9 11 
10 12 15 11 14 8 9 3 2 1 13 6 5 7 4 
4 8 12 9 5 10 2 13 11 7 1 15 6 3 14 
15 14 6 1 10 9 3 4 2 12 7 11 5 8 13 
4 3 1 12 2 5 6 14 8 13 10 11 9 7 15 
15 10 12 14 2 6 4 5 1 13 7 3 9 11 8 
