2092186050,1357584978
10,15,15
96 23 71 26 28 16 27 71 18 57 43 5 12 91 63 
32 81 95 79 55 45 60 73 23 44 92 20 5 72 73 
63 93 63 79 10 66 27 93 24 26 8 69 29 66 97 
80 87 68 23 54 16 68 32 74 3 2 71 4 67 28 
46 96 11 41 93 2 98 10 43 65 27 57 75 87 81 
5 91 92 87 66 36 67 88 92 27 13 7 95 66 13 
90 33 78 76 93 67 82 94 12 5 85 42 4 2 70 
79 24 41 83 45 29 3 42 5 44 83 59 60 78 44 
19 55 20 74 66 37 55 63 40 73 55 84 54 62 6 
27 59 6 90 6 37 64 35 25 59 77 30 1 7 70 
MACHINES
4 7 8 14 5 2 13 11 9 15 1 10 6 3 12 
3 13 2 14 4 5 9 15 1 11 8 6 10 12 7 
9 15 4 1 11 6 10 14 3 12 7 5 8 2 13 
6 14 12 5 15 3 10 9 11 4 7 8 2 1 13 
14 6 3 15 2 9 5 4 12 7 8 13 10 1 11 
15 12 3 6 9 11 1 5 10 8 14 4 2 7 13 
9 13 6 11 8 12 3 14 1 15 7 10 2 5 4 
10 8 13 4 7 3 11 14 2 9 15 5 1 6 12 
1 5 6 2 12 8 7 3 15 14 9 10 4 11 13 
9 12 8 2 15 14 13 5 7 10 11 1 6 3 4 
