386720536,1603221416
10,15,15
40 96 59 95 76 75 23 65 65 16 71 52 84 99 24 
2 88 99 52 68 13 38 35 57 37 93 38 68 94 71 
87 46 14 87 30 79 62 37 54 1 97 16 2 51 96 
19 15 42 8 72 15 76 25 78 84 62 70 81 16 97 
68 71 3 68 91 37 73 21 85 79 51 50 21 30 64 
14 1 29 72 6 31 98 50 83 2 86 33 33 98 59 
21 80 99 70 80 71 47 96 56 78 53 10 92 1 33 
29 85 89 10 30 38 38 48 16 65 90 73 88 46 47 
37 9 49 23 1 78 39 15 9 41 35 83 8 61 60 
1 73 47 46 10 37 60 84 26 11 37 79 75 49 51 
MACHINES
10 15 5 14 11 4 8 9 1 6 2 3 13 7 12 
11 9 12 15 4 14 10 8 5 3 7 2 6 13 1 
8 1 7 6 15 14 3 12 5 13 2 10 4 11 9 
10 12 15 1 2 9 6 11 13 5 14 4 7 8 3 
12 5 14 4 9 2 11 13 3 15 7 8 1 10 6 
6 3 2 11 1 5 9 15 7 4 10 8 12 13 14 
6 11 14 1 10 9 2 12 15 8 13 3 7 5 4 
13 1 10 4 14 7 6 8 3 15 12 9 11 2 5 
12 11 6 14 2 10 9 8 4 7 1 3 15 13 5 
3 15 4 11 7 2 1 14 12 5 6 9 8 13 10 
