1111853152,1357584978
10,15,15
96 23 71 26 28 16 27 71 18 57 43 5 12 91 63 
32 81 95 79 55 45 60 73 23 44 92 20 5 72 73 
63 93 63 79 10 66 27 93 24 26 8 69 29 66 97 
80 87 68 23 54 16 68 32 74 3 2 71 4 67 28 
46 96 11 41 93 2 98 10 43 65 27 57 75 87 81 
5 91 92 87 66 36 67 88 92 27 13 7 95 66 13 
90 33 78 76 93 67 82 94 12 5 85 42 4 2 70 
79 24 41 83 45 29 3 42 5 44 83 59 60 78 44 
19 55 20 74 66 37 55 63 40 73 55 84 54 62 6 
27 59 6 90 6 37 64 35 25 59 77 30 1 7 70 
MACHINES
12 6 4 14 7 10 3 9 15 13 5 2 1 11 8 
9 4 10 13 3 12 15 14 11 1 6 8 5 2 7 
11 14 6 3 10 15 2 8 7 13 9 1 12 4 5 
1 5 9 2 15 13 6 12 4 7 14 3 11 8 10 
3 12 4 6 1 8 9 7 13 14 5 2 11 10 15 
7 10 5 12 15 11 1 13 8 2 9 3 4 14 6 
10 8 15 12 3 7 4 5 9 13 2 6 14 11 1 
5 12 15 9 11 8 1 13 10 4 2 14 7 6 3 
10 1 13 11 12 5 6 4 8 3 2 9 15 14 7 
3 4 12 13 7 6 8 9 11 2 14 15 1 10 5 
