1806358582,938376228
10,15,15
8 48 10 76 64 35 51 34 1 4 90 98 9 67 44 
39 46 93 12 71 95 32 50 32 97 73 30 26 33 13 
19 47 22 34 36 2 3 63 64 78 64 40 1 77 65 
67 25 20 95 69 45 64 19 85 14 66 73 22 88 24 
44 91 39 93 46 38 79 65 91 2 94 87 60 29 9 
33 69 72 91 37 68 28 67 68 47 84 70 84 53 16 
41 42 42 64 89 34 10 67 7 50 88 27 79 17 26 
11 43 36 98 84 31 20 63 90 8 42 17 99 61 3 
89 36 23 70 39 12 6 5 58 54 81 18 14 4 38 
35 5 15 58 81 59 76 76 7 97 10 19 19 34 12 
MACHINES
4 8 7 15 10 9 6 5 11 2 1 13 12 3 14 
2 12 1 6 9 14 4 11 10 3 13 7 5 8 15 
8 4 9 12 1 5 10 14 2 11 7 6 15 13 3 
7 12 6 14 4 3 2 5 10 13 9 1 15 8 11 
2 12 7 6 9 8 13 10 3 15 14 4 1 5 11 
12 3 13 2 15 1 7 10 4 14 8 11 5 6 9 
15 8 12 1 13 9 10 11 4 14 5 2 3 7 6 
8 5 14 6 15 12 3 13 7 2 1 11 10 4 9 
8 5 15 11 4 1 14 9 2 3 7 13 12 10 6 
3 13 11 4 7 6 15 10 14 5 1 12 8 9 2 
