398197754,425990073
10,15,15
95 97 36 18 36 77 50 30 51 97 98 26 45 88 81 
3 12 90 6 64 73 87 9 31 46 43 53 49 39 51 
4 57 93 66 75 95 71 13 21 2 91 15 88 14 22 
58 67 29 65 55 38 45 36 96 76 46 51 4 59 32 
84 76 28 89 33 10 6 51 3 93 86 68 33 82 91 
87 23 87 14 10 17 50 23 2 4 54 59 18 83 16 
29 19 14 88 18 55 53 73 46 61 77 96 10 61 26 
60 22 24 84 30 87 98 99 71 24 1 59 34 32 80 
16 12 23 48 9 19 4 24 40 35 91 24 1 34 80 
66 91 85 47 90 86 72 19 77 9 66 79 23 32 53 
MACHINES
7 13 5 8 4 3 11 12 9 15 10 14 6 1 2 
5 6 8 15 14 9 12 10 7 11 1 4 13 2 3 
2 9 10 13 7 12 14 6 1 3 8 11 5 4 15 
6 3 10 7 11 1 14 5 8 15 12 9 13 2 4 
8 9 7 11 5 10 3 15 13 6 2 14 12 1 4 
6 4 13 14 12 5 15 8 3 2 11 1 10 7 9 
13 4 8 9 15 7 2 12 5 6 3 11 1 14 10 
12 6 1 8 13 14 15 2 3 9 5 4 10 7 11 
11 12 7 15 1 2 3 6 13 5 9 8 10 14 4 
7 12 10 3 9 1 14 4 11 8 2 13 15 5 6 
