2092186050,425990073
10,15,15
95 97 36 18 36 77 50 30 51 97 98 26 45 88 81 
3 12 90 6 64 73 87 9 31 46 43 53 49 39 51 
4 57 93 66 75 95 71 13 21 2 91 15 88 14 22 
58 67 29 65 55 38 45 36 96 76 46 51 4 59 32 
84 76 28 89 33 10 6 51 3 93 86 68 33 82 91 
87 23 87 14 10 17 50 23 2 4 54 59 18 83 16 
29 19 14 88 18 55 53 73 46 61 77 96 10 61 26 
60 22 24 84 30 87 98 99 71 24 1 59 34 32 80 
16 12 23 48 9 19 4 24 40 35 91 24 1 34 80 
66 91 85 47 90 86 72 19 77 9 66 79 23 32 53 
MACHINES
4 7 8 14 5 2 13 11 9 15 1 10 6 3 12 
3 13 2 14 4 5 9 15 1 11 8 6 10 12 7 
9 15 4 1 11 6 10 14 3 12 7 5 8 2 13 
6 14 12 5 15 3 10 9 11 4 7 8 2 1 13 
14 6 3 15 2 9 5 4 12 7 8 13 10 1 11 
15 12 3 6 9 11 1 5 10 8 14 4 2 7 13 
9 13 6 11 8 12 3 14 1 15 7 10 2 5 4 
10 8 13 4 7 3 11 14 2 9 15 5 1 6 12 
1 5 6 2 12 8 7 3 15 14 9 10 4 11 13 
9 12 8 2 15 14 13 5 7 10 11 1 6 3 4 
