398197754,1357584978
10,10,10
96 23 71 26 28 16 27 71 18 57 
43 5 12 91 63 32 81 95 79 55 
45 60 73 23 44 92 20 5 72 73 
63 93 63 79 10 66 27 93 24 26 
8 69 29 66 97 80 87 68 23 54 
16 68 32 74 3 2 71 4 67 28 
46 96 11 41 93 2 98 10 43 65 
27 57 75 87 81 5 91 92 87 66 
36 67 88 92 27 13 7 95 66 13 
90 33 78 76 93 67 82 94 12 5 
MACHINES
5 9 4 6 7 1 2 3 8 10 
10 8 6 9 1 7 2 4 5 3 
4 7 5 2 6 9 10 8 1 3 
2 6 7 9 1 4 10 5 8 3 
4 3 6 7 5 1 2 9 8 10 
1 9 6 3 10 7 4 8 5 2 
6 1 5 8 3 4 7 10 2 9 
6 7 2 10 3 5 1 4 8 9 
7 10 3 8 9 6 1 5 2 4 
9 3 6 2 10 4 8 1 5 7 
