2516204419,8001424738
10,10,10
11 4 18 66 3 10 96 31 10 2 
90 78 80 42 18 67 65 59 88 82 
79 7 26 6 19 15 93 58 90 44 
60 99 7 16 51 81 31 38 89 69 
49 44 93 56 30 92 79 47 37 13 
25 64 70 65 91 46 90 45 48 68 
33 89 92 65 65 22 97 64 42 81 
75 9 28 29 80 23 52 26 79 72 
80 61 50 96 73 57 52 61 55 83 
8 13 4 48 22 95 54 80 51 10 
MACHINES
8 9 1 2 5 7 6 4 3 10 
1 8 10 5 7 4 6 2 3 9 
9 8 6 2 5 1 3 7 4 10 
4 7 6 1 9 2 3 8 10 5 
7 2 9 4 10 5 6 3 8 1 
3 1 8 6 2 5 7 10 9 4 
6 4 1 3 2 9 7 8 10 5 
6 5 2 8 10 1 7 4 3 9 
1 2 3 5 9 6 8 7 10 4 
7 2 4 9 1 10 6 3 5 8 
