9770508972,3415946599
10,10,10
46 5 54 28 69 85 76 76 23 99 
31 63 93 38 41 91 96 1 20 92 
58 8 6 75 82 71 81 29 22 35 
91 43 11 18 24 43 37 93 60 75 
9 54 26 35 61 65 11 96 48 89 
64 90 6 18 20 96 85 13 59 70 
5 42 30 33 97 6 29 68 31 65 
55 7 34 5 82 16 1 83 1 2 
40 41 20 67 81 27 75 96 58 20 
89 14 72 53 86 8 67 86 18 32 
MACHINES
7 3 9 10 5 8 4 1 6 2 
9 6 7 4 10 8 1 3 5 2 
2 9 5 8 4 6 3 7 1 10 
7 3 5 4 1 2 9 6 10 8 
2 10 6 9 5 8 7 4 3 1 
3 1 7 8 4 5 10 9 2 6 
3 8 10 1 2 5 9 7 4 6 
10 8 2 3 1 9 4 7 5 6 
4 2 8 1 9 5 3 7 10 6 
10 2 4 9 8 7 1 6 5 3 
