3212157510,5092790696
10,10,10
6 63 72 58 82 93 75 91 47 7 
14 2 38 83 55 29 85 12 86 34 
43 77 90 57 25 94 1 14 12 51 
89 2 27 80 31 94 47 21 44 16 
14 98 44 19 77 41 62 10 44 33 
30 99 59 56 1 10 65 37 78 84 
75 27 86 47 37 32 18 86 20 8 
77 39 54 37 83 11 97 27 33 73 
72 45 41 52 43 37 64 45 18 42 
24 39 34 28 38 32 26 19 36 37 
MACHINES
6 2 5 9 4 3 8 1 10 7 
4 5 3 7 8 6 2 9 1 10 
2 8 7 4 5 6 9 10 3 1 
2 4 7 5 8 1 10 6 3 9 
7 9 1 4 2 5 8 3 10 6 
2 8 9 1 7 5 3 4 10 6 
5 4 1 10 9 8 3 2 7 6 
9 8 2 4 5 1 3 6 7 10 
10 8 9 4 3 5 6 7 1 2 
1 4 3 6 7 9 10 8 5 2 
