4956579164,4148413338
10,10,10
2 78 85 74 73 5 39 16 43 46 
41 86 23 44 89 18 69 36 59 66 
87 13 99 89 76 12 45 17 56 47 
7 3 51 74 87 66 16 92 61 53 
3 59 42 11 46 31 32 41 53 6 
5 93 11 3 4 8 85 8 87 21 
51 88 28 38 33 64 60 32 81 28 
46 54 4 81 77 1 25 6 33 74 
80 26 60 9 6 63 92 89 97 89 
5 84 78 43 4 66 88 77 34 78 
MACHINES
1 10 4 7 6 9 5 2 3 8 
7 4 1 8 3 2 5 9 10 6 
3 6 1 5 9 10 8 4 7 2 
10 5 1 8 2 6 3 4 7 9 
1 4 2 9 8 10 6 7 3 5 
4 5 8 3 9 7 2 6 1 10 
2 9 7 1 4 3 6 8 10 5 
4 10 3 8 9 5 2 1 6 7 
1 7 2 5 3 10 9 6 4 8 
6 1 8 10 9 4 7 2 5 3 
