9570776181,2035043093
10,10,10
99 23 96 8 67 78 29 15 79 96 
94 37 13 74 14 80 44 68 81 78 
74 75 98 8 6 33 73 61 85 11 
50 16 99 78 11 77 94 90 34 47 
84 49 19 55 51 6 37 34 26 77 
54 68 95 58 69 14 92 83 35 46 
12 21 58 35 33 87 17 4 67 13 
87 7 87 57 57 14 69 13 48 7 
15 71 87 53 50 33 74 2 39 3 
68 61 5 57 31 71 86 50 70 30 
MACHINES
5 7 10 4 3 6 8 2 1 9 
7 9 2 10 6 8 1 5 4 3 
3 1 7 8 9 5 10 2 4 6 
6 5 1 2 3 7 9 8 10 4 
1 10 8 5 9 7 6 3 4 2 
10 5 2 3 8 9 1 4 7 6 
2 9 3 5 10 1 8 7 4 6 
5 1 6 7 8 10 3 9 2 4 
5 8 6 3 9 10 2 7 1 4 
1 9 3 2 10 6 8 7 4 5 
