5072568966,4994077217
10,10,10
49 94 62 41 33 89 2 93 97 51 
86 88 14 53 56 38 23 37 8 52 
46 6 44 19 67 13 69 38 34 49 
71 83 19 52 65 56 48 59 29 96 
29 93 14 78 63 4 14 54 86 20 
14 45 3 95 2 7 18 37 93 37 
72 10 94 93 96 21 95 16 81 30 
48 52 7 50 61 92 7 99 20 38 
4 9 42 60 43 41 51 38 82 86 
51 75 3 45 17 35 77 35 46 71 
MACHINES
8 10 2 7 1 4 6 3 5 9 
7 5 1 10 9 4 3 2 8 6 
8 5 2 10 4 1 3 9 6 7 
9 2 8 5 6 4 7 1 3 10 
5 1 10 3 2 6 4 9 8 7 
9 4 2 8 3 5 6 7 1 10 
2 6 4 7 10 1 5 3 9 8 
1 7 4 9 5 6 8 3 10 2 
8 1 3 6 7 5 2 10 4 9 
4 2 9 1 5 3 7 8 6 10 
