9080170307,7011538485
10,10,10
89 79 5 14 66 58 10 43 25 54 
40 49 96 47 58 9 64 88 2 78 
86 17 16 63 53 90 81 23 30 27 
67 45 58 53 88 60 84 70 74 85 
68 24 62 89 58 61 43 96 21 2 
63 83 49 58 72 74 61 47 55 42 
49 7 58 94 34 45 96 31 30 9 
83 56 22 72 22 84 87 29 19 89 
28 70 15 51 79 53 68 58 68 73 
64 53 41 61 90 31 64 6 2 57 
MACHINES
8 3 6 5 9 2 1 4 10 7 
7 1 10 2 5 6 3 4 9 8 
9 5 10 3 4 6 8 1 2 7 
9 2 3 4 10 5 7 1 8 6 
8 2 4 6 10 3 7 1 5 9 
6 4 1 7 2 3 5 8 9 10 
2 1 3 6 4 7 10 5 8 9 
7 3 1 8 2 10 5 6 4 9 
4 2 10 8 3 6 7 9 5 1 
9 3 6 7 5 4 10 1 2 8 
