4593593508,1423042934
10,10,10
26 97 64 41 66 93 68 48 42 3 
55 8 19 60 99 27 67 49 59 79 
99 59 90 36 52 66 96 71 32 81 
50 68 14 84 70 19 81 24 81 89 
58 10 1 76 18 14 46 97 24 13 
60 54 73 60 24 2 17 74 58 37 
77 41 74 63 89 13 43 94 1 37 
25 39 4 78 40 42 33 13 94 99 
77 91 18 73 81 48 92 63 53 98 
99 27 44 19 81 41 77 36 27 52 
MACHINES
2 8 1 7 5 10 9 3 6 4 
5 8 1 7 9 4 3 2 6 10 
10 1 2 9 3 5 7 6 8 4 
2 10 9 4 7 5 8 3 6 1 
2 1 6 9 3 5 8 7 10 4 
6 4 10 3 8 2 7 5 9 1 
10 1 6 3 7 5 9 2 8 4 
1 4 10 3 8 7 6 9 5 2 
3 6 7 4 9 8 2 10 5 1 
7 8 1 3 6 2 5 4 9 10 
