1431909439,7778172426
10,15,15
85 71 4 31 52 52 63 73 95 98 45 83 10 81 55 
84 95 72 40 76 77 21 3 44 55 29 45 39 69 8 
53 43 44 73 96 95 37 56 30 79 13 39 67 64 18 
51 64 57 78 82 95 58 65 96 67 1 32 10 70 53 
90 19 37 93 3 22 41 9 39 26 21 41 74 62 38 
1 28 10 14 94 60 66 51 27 18 2 55 80 32 75 
32 12 36 77 26 75 78 97 82 77 15 31 36 51 7 
83 25 88 47 85 1 88 34 35 34 65 48 34 41 91 
60 51 44 88 7 66 52 43 95 30 42 33 2 45 98 
8 3 27 28 54 90 45 14 60 49 3 72 65 14 27 
MACHINES
10 7 3 5 4 12 2 15 11 9 14 8 1 13 6 
11 2 9 8 14 10 3 6 4 12 7 1 5 15 13 
11 7 14 6 9 1 3 12 2 10 4 8 13 5 15 
14 13 5 10 3 9 12 15 7 8 4 11 6 2 1 
15 4 3 13 6 14 7 12 8 1 9 5 2 10 11 
10 13 3 15 1 6 12 9 8 7 5 2 4 11 14 
9 6 14 4 8 7 15 13 10 2 12 3 1 11 5 
8 7 14 6 11 3 15 1 10 5 9 4 13 2 12 
14 10 1 6 2 4 3 15 11 13 5 12 8 9 7 
15 8 3 6 4 13 5 10 2 1 9 7 11 14 12 
