1098474565,2418422894
10,15,15
47 27 3 38 13 7 89 21 69 40 10 73 16 59 15 
52 74 77 70 50 55 55 12 27 15 22 25 25 50 66 
34 93 48 60 54 7 21 49 98 35 64 68 82 65 5 
39 90 23 5 63 94 68 2 31 96 50 41 35 43 30 
63 20 86 84 88 7 38 22 22 90 23 33 33 62 94 
9 14 83 77 93 98 47 4 89 9 60 53 62 15 47 
76 26 98 39 94 87 67 99 94 35 55 48 66 82 84 
99 46 32 52 10 91 37 24 48 49 56 26 23 47 12 
30 99 62 79 99 99 6 79 32 92 10 38 83 11 31 
88 4 82 53 46 45 2 2 69 57 17 9 18 73 15 
MACHINES
2 10 1 5 8 15 9 12 6 11 14 13 4 3 7 
7 12 2 6 13 1 11 3 14 15 9 5 4 10 8 
5 3 2 4 15 13 12 7 1 8 10 11 14 6 9 
10 4 5 3 15 13 6 12 14 2 7 9 1 11 8 
2 6 5 7 13 4 14 9 10 11 8 15 3 1 12 
8 1 5 14 10 13 3 7 12 9 11 2 4 15 6 
10 4 14 13 9 8 6 12 7 2 15 11 5 3 1 
10 14 9 13 15 8 6 11 7 12 3 5 1 4 2 
8 4 7 6 14 11 15 3 5 2 9 13 12 1 10 
1 5 11 9 12 13 7 6 14 4 15 10 2 3 8 
