7816204136,2843027961
10,15,15
59 62 48 38 67 5 31 79 60 11 41 19 62 90 27 
60 94 65 78 24 71 10 2 45 39 14 85 5 29 99 
56 64 44 62 46 64 71 55 47 11 22 79 71 44 14 
59 70 83 75 76 46 76 36 65 58 49 42 4 34 66 
52 72 67 21 96 49 70 13 8 92 76 82 70 80 54 
70 47 10 10 12 23 17 40 19 64 73 75 82 81 78 
75 87 89 12 26 88 86 44 37 93 10 9 90 50 1 
25 93 91 13 44 41 55 29 43 70 65 87 44 20 39 
29 87 39 62 25 78 70 13 80 12 63 42 88 84 43 
63 62 58 1 99 35 78 46 66 21 50 64 34 47 9 
MACHINES
8 12 9 5 11 13 14 7 15 10 2 1 6 4 3 
15 11 14 6 8 5 3 1 2 12 7 9 4 13 10 
6 5 10 8 13 14 15 1 4 3 12 7 9 2 11 
14 2 9 5 1 6 11 15 10 7 13 3 4 8 12 
15 10 2 6 12 8 4 9 5 14 7 11 3 1 13 
14 2 11 12 1 7 9 10 13 3 5 15 8 4 6 
5 4 9 8 11 7 2 12 10 1 3 15 6 14 13 
13 4 11 14 6 9 15 3 7 12 8 2 1 5 10 
11 6 8 5 9 1 12 7 13 15 2 3 14 4 10 
10 2 11 3 13 1 14 7 8 9 12 4 6 15 5 
