3087733991,3782224970
10,15,15
9 81 8 46 54 94 15 39 19 31 53 26 27 70 1 
84 6 12 18 79 22 41 36 36 7 99 19 56 98 4 
79 78 9 93 84 8 45 53 77 92 68 80 64 37 85 
46 72 83 86 64 26 56 29 82 58 10 37 48 96 94 
3 44 70 32 53 54 84 61 87 78 57 28 78 9 23 
34 64 79 45 74 62 96 97 89 85 85 55 6 39 13 
9 43 96 7 94 80 4 6 93 43 87 4 16 65 70 
76 74 17 39 30 68 14 79 73 21 18 19 84 17 63 
32 96 63 36 19 33 4 41 31 8 52 97 18 90 19 
57 60 2 22 25 88 95 41 72 32 54 80 64 38 67 
MACHINES
12 9 4 7 3 8 1 5 10 15 6 14 11 2 13 
1 5 6 10 14 3 7 8 4 15 12 11 13 2 9 
1 2 10 8 7 6 5 12 13 14 11 3 4 15 9 
7 15 2 4 8 11 10 5 1 12 13 14 6 9 3 
5 6 8 12 7 15 11 4 9 3 1 2 13 14 10 
11 5 14 15 2 9 1 12 3 7 8 4 13 10 6 
10 2 12 5 8 15 9 7 6 11 4 14 13 1 3 
9 13 15 3 1 7 10 8 6 5 12 11 2 4 14 
6 7 13 8 12 9 10 3 5 1 2 15 14 11 4 
10 11 4 9 12 2 13 3 1 14 5 15 6 8 7 
