7385036568,6791745689
10,15,15
71 56 60 25 93 81 37 21 89 54 51 79 17 63 34 
55 98 2 11 51 24 50 5 95 78 58 34 15 52 98 
9 20 29 36 38 30 15 8 84 92 29 62 58 53 39 
17 69 53 12 96 28 47 89 51 41 61 69 40 74 53 
91 38 34 78 88 70 58 65 85 64 50 79 61 12 39 
39 84 47 31 7 28 28 72 93 9 51 20 20 97 45 
30 80 61 48 85 85 90 74 74 57 74 32 92 41 66 
10 21 80 58 56 90 93 52 9 76 26 53 76 7 57 
71 88 86 1 23 81 84 10 88 40 81 40 75 4 71 
92 1 22 57 88 24 27 34 57 10 24 33 32 63 40 
MACHINES
1 9 8 6 10 15 7 14 13 12 11 3 4 5 2 
13 2 11 10 8 15 1 9 14 4 12 3 7 6 5 
12 3 10 8 1 14 4 9 11 2 15 6 7 5 13 
9 13 1 4 3 2 5 6 12 14 15 10 11 8 7 
4 3 6 14 13 9 8 12 1 11 15 5 2 10 7 
2 12 5 7 11 6 8 9 14 10 1 13 4 15 3 
11 5 1 9 13 8 3 2 15 7 14 12 6 4 10 
5 6 13 11 4 15 1 10 7 8 9 3 12 14 2 
8 1 12 2 9 15 7 10 13 4 5 11 14 3 6 
15 8 2 3 6 7 13 14 9 12 10 11 5 1 4 
