6027477097,2307506114
10,15,15
40 36 73 60 67 17 55 75 68 10 54 26 67 42 73 
71 17 75 32 75 57 70 40 28 31 92 69 56 36 76 
6 65 52 58 9 62 35 3 32 38 91 75 14 25 63 
31 83 29 66 76 30 60 47 78 30 98 86 49 44 11 
61 28 71 30 81 77 62 67 41 95 55 21 25 45 82 
69 61 63 89 66 61 68 70 71 98 81 5 58 46 73 
74 11 94 8 75 29 51 53 31 17 70 66 24 12 96 
11 97 32 7 40 68 4 55 22 11 11 11 27 22 21 
15 81 54 6 36 38 64 84 60 1 96 56 11 1 69 
96 88 16 3 7 57 40 12 47 45 74 69 49 57 35 
MACHINES
4 7 14 12 10 13 6 15 5 9 3 2 1 11 8 
10 4 3 1 13 9 12 11 2 14 6 15 8 7 5 
11 10 7 3 14 2 12 8 13 4 1 15 5 9 6 
12 2 3 13 9 1 7 10 14 4 15 8 6 5 11 
12 15 5 4 6 7 14 3 2 8 11 1 13 10 9 
11 8 12 2 1 13 4 7 10 5 15 3 14 6 9 
14 5 2 13 9 6 12 3 10 4 15 11 8 1 7 
11 2 9 15 14 6 8 13 1 7 3 12 10 5 4 
4 13 3 15 8 6 10 5 11 1 12 14 9 7 2 
7 12 9 14 1 13 6 8 4 10 15 5 2 11 3 
