9274681705,1437255190
10,15,15
49 69 91 50 4 94 81 63 83 74 25 53 41 29 43 
2 53 9 97 78 54 19 73 2 98 35 54 40 67 5 
19 35 28 67 88 5 9 70 84 61 46 30 62 74 94 
51 77 18 10 74 61 68 85 99 10 96 76 68 87 10 
11 94 30 47 17 23 30 7 15 11 66 94 52 20 97 
39 33 53 58 19 17 72 1 72 32 69 20 65 76 76 
31 55 1 44 37 91 18 99 29 14 49 37 56 99 86 
76 62 3 98 21 57 16 19 2 95 27 98 88 43 5 
60 50 5 86 45 81 23 31 80 92 65 59 61 91 29 
8 60 70 65 11 43 39 11 61 14 91 55 65 32 41 
MACHINES
2 4 15 10 14 11 9 13 12 5 3 8 7 1 6 
4 13 2 9 1 5 14 6 11 7 12 15 3 10 8 
4 5 12 15 8 6 11 3 13 9 14 1 10 7 2 
12 5 11 10 14 9 2 15 3 7 13 6 1 4 8 
13 10 11 12 4 15 7 9 14 1 8 2 6 5 3 
10 9 8 11 14 13 4 6 3 7 2 5 12 1 15 
11 12 4 14 10 9 2 5 3 7 8 1 6 13 15 
10 5 3 14 9 6 1 2 11 4 8 13 7 15 12 
11 9 4 1 12 14 6 15 2 3 7 13 10 8 5 
12 5 11 8 2 10 3 4 9 1 15 14 13 7 6 
