7790806808,7582631719
10,15,15
48 62 13 25 25 42 12 4 50 29 8 21 82 87 64 
54 89 94 97 38 16 49 87 44 54 58 69 19 34 50 
73 87 50 17 83 32 53 36 27 82 78 76 98 5 44 
57 30 16 8 3 18 50 78 6 61 31 28 18 69 11 
64 65 78 7 88 99 31 67 88 95 88 20 62 94 49 
4 83 51 91 34 45 49 98 93 18 99 51 76 5 87 
91 70 59 15 41 38 56 58 99 96 88 26 18 21 7 
96 9 38 68 94 56 88 56 50 14 50 16 71 3 91 
83 95 35 27 17 63 50 5 6 82 25 86 19 10 5 
53 22 49 84 27 10 5 99 40 60 76 34 25 35 91 
MACHINES
11 7 2 3 8 1 9 15 10 4 6 14 5 12 13 
7 11 10 6 4 5 1 15 12 2 14 9 3 13 8 
10 1 13 2 12 11 3 5 4 9 14 8 7 6 15 
11 15 8 12 7 13 3 6 9 5 10 2 14 1 4 
10 4 6 15 9 5 14 3 2 11 8 12 13 7 1 
15 8 6 3 9 12 13 2 4 10 11 7 5 1 14 
8 4 2 13 5 15 12 14 9 10 6 7 3 11 1 
2 12 11 15 6 13 7 1 4 9 14 5 8 3 10 
5 2 10 6 9 11 1 7 15 3 12 8 14 4 13 
2 3 10 8 9 11 6 15 5 14 13 4 1 7 12 
