9447981807,9568468765
10,15,15
37 27 10 37 20 19 81 2 43 68 77 17 8 72 5 
74 20 31 26 88 43 87 49 62 81 71 69 60 29 26 
67 47 16 85 14 33 37 35 43 48 61 68 52 97 35 
65 5 94 88 66 64 50 77 73 85 32 98 59 46 41 
18 59 73 52 8 89 34 62 33 62 91 66 41 52 90 
8 69 78 82 28 61 64 1 55 51 31 20 88 7 79 
45 89 85 80 99 68 67 2 35 28 53 9 56 1 26 
85 69 34 45 4 98 32 52 25 6 24 19 48 5 36 
20 20 6 44 11 13 96 90 26 6 59 63 79 54 57 
66 93 97 6 3 6 69 4 94 91 14 34 60 71 48 
MACHINES
6 1 7 2 9 15 8 11 4 5 3 14 13 12 10 
12 9 6 14 5 2 15 11 4 8 1 7 13 3 10 
15 5 7 1 2 4 14 6 13 12 3 11 9 10 8 
11 6 2 10 15 1 4 12 14 8 7 13 3 9 5 
1 12 10 15 9 14 5 8 4 7 2 3 13 11 6 
8 9 15 14 2 5 3 7 13 4 1 12 11 6 10 
14 6 8 13 11 15 3 2 12 1 7 5 10 4 9 
10 9 3 14 4 8 6 13 5 2 15 7 1 12 11 
5 9 6 2 11 12 1 14 3 7 15 4 10 13 8 
4 1 5 2 3 13 11 12 15 9 14 6 10 8 7 
