4788170067,2371879305
10,15,15
21 52 46 15 80 69 61 83 96 41 3 59 61 49 77 
43 65 56 24 87 94 68 32 46 18 76 18 82 41 82 
75 64 21 78 83 15 72 71 23 41 29 99 15 30 28 
53 19 26 44 53 4 75 50 32 43 80 29 8 23 14 
91 94 90 75 93 27 82 65 50 26 1 8 89 19 98 
50 90 48 94 7 79 94 27 32 44 50 33 71 40 56 
19 85 55 15 31 83 66 65 52 10 15 79 9 46 41 
43 10 96 77 31 36 77 54 24 88 91 35 17 48 25 
47 10 43 42 96 60 63 90 49 25 27 89 61 96 31 
15 81 36 67 49 84 27 71 28 28 19 93 16 89 74 
MACHINES
15 14 5 2 4 3 8 6 9 11 10 12 1 13 7 
4 6 13 5 14 8 2 11 7 1 12 9 10 3 15 
14 12 6 13 11 5 15 9 4 2 8 7 1 10 3 
1 8 4 13 9 15 5 2 6 10 7 3 11 12 14 
12 1 4 7 11 14 15 10 8 2 6 5 13 9 3 
12 9 11 13 7 6 14 10 4 8 2 1 3 5 15 
11 9 12 7 5 2 13 15 3 1 14 10 4 6 8 
14 10 7 12 15 6 11 1 8 3 5 4 13 2 9 
6 14 9 7 1 11 2 3 4 15 5 12 13 8 10 
7 2 1 13 5 14 11 6 10 4 15 8 3 9 12 
