3428453405,1540817770
10,20,20
1 40 54 48 68 20 64 18 21 56 83 12 54 25 29 66 31 11 97 36 
17 16 43 93 28 3 89 25 35 8 2 80 43 17 94 34 39 17 37 92 
81 91 19 67 47 8 80 95 84 85 37 81 66 63 26 24 16 67 64 12 
36 59 9 95 82 19 12 75 11 61 22 87 63 15 81 29 8 10 29 18 
54 47 10 92 36 28 36 77 32 72 56 69 71 29 5 91 93 91 84 24 
45 28 76 10 29 84 91 12 41 41 71 68 34 69 67 1 81 66 64 79 
61 52 46 9 47 19 33 22 83 58 6 42 24 69 41 32 26 16 29 98 
57 41 9 62 91 32 98 46 47 51 38 55 52 46 60 35 3 74 52 66 
34 36 80 45 70 97 87 99 61 44 50 22 95 20 94 68 60 58 6 18 
22 16 66 85 48 26 32 35 11 67 16 28 14 95 69 23 36 67 79 54 
MACHINES
7 14 15 12 1 19 16 9 5 17 2 3 4 11 6 18 10 20 13 8 
14 4 15 12 20 16 19 7 1 10 5 3 8 18 9 17 6 2 11 13 
11 8 15 14 5 19 20 13 10 17 12 3 6 18 4 9 1 16 7 2 
16 9 1 11 12 15 7 13 19 10 4 6 18 17 2 20 5 14 8 3 
16 18 11 13 8 1 20 9 4 15 7 19 10 5 12 17 3 2 14 6 
12 7 3 16 18 4 20 17 8 15 10 2 1 13 5 19 6 9 11 14 
11 5 4 7 16 3 15 14 6 13 19 10 20 17 18 8 9 1 12 2 
8 5 13 16 9 15 11 7 20 10 2 19 3 4 18 14 6 1 17 12 
4 11 16 1 8 17 20 9 13 19 15 6 3 7 10 12 14 5 2 18 
2 8 19 5 13 14 15 4 17 9 20 11 3 12 10 7 1 16 18 6 
