6780361088,1686352478
10,20,20
2 98 47 50 1 45 13 52 28 24 69 15 55 26 73 63 94 39 75 87 
56 31 17 51 61 81 42 48 27 49 27 95 23 31 9 60 63 37 88 69 
89 91 60 14 99 82 7 58 23 35 5 73 44 37 12 3 43 22 23 83 
99 76 26 89 50 79 26 12 48 73 6 22 52 72 8 80 88 5 7 98 
61 79 36 16 16 77 7 15 89 38 11 93 34 67 67 24 55 11 42 33 
64 86 38 42 27 81 10 60 98 98 94 14 75 94 83 14 56 26 10 26 
69 43 50 19 60 36 93 14 10 31 8 88 24 95 66 5 49 72 4 67 
82 98 96 95 10 72 1 1 42 79 86 22 8 15 67 28 7 85 95 62 
27 70 81 56 44 36 35 44 48 26 13 30 27 11 14 56 12 5 78 82 
55 22 92 65 83 99 10 52 40 52 53 82 55 65 44 32 45 61 71 92 
MACHINES
13 8 11 12 1 18 9 3 5 19 14 17 15 20 2 16 4 6 7 10 
20 5 1 16 10 4 17 6 18 19 7 11 9 2 14 15 13 8 3 12 
3 14 7 20 10 11 13 19 4 12 6 9 8 1 5 18 16 15 2 17 
9 12 8 4 6 1 14 19 5 3 11 18 10 15 13 20 7 2 17 16 
13 11 7 4 19 5 18 8 3 1 17 20 10 15 9 2 12 16 6 14 
8 16 15 3 5 1 9 6 13 7 19 18 12 4 20 17 2 11 10 14 
1 9 13 12 11 20 5 4 10 15 7 2 3 8 16 19 14 6 17 18 
4 20 11 6 19 13 18 3 10 8 12 14 9 7 16 15 17 5 1 2 
20 13 8 12 16 14 6 18 10 11 1 7 19 17 2 9 5 15 3 4 
3 14 8 13 9 7 18 19 12 17 6 4 16 20 15 2 10 11 1 5 
