9870330127,2483550940
10,20,20
19 39 21 27 28 3 82 71 26 33 5 10 45 60 96 8 70 60 84 82 
30 35 1 10 32 88 88 50 74 95 27 92 12 63 38 84 95 41 42 10 
55 92 65 13 75 92 87 80 31 73 10 5 27 65 7 11 90 27 49 61 
84 49 62 91 74 33 9 37 88 7 93 81 56 3 57 14 85 83 67 9 
20 41 41 42 23 28 56 63 86 48 54 56 21 68 54 83 6 63 64 98 
59 38 21 72 58 81 56 75 36 22 44 56 62 14 87 18 81 67 13 83 
13 51 77 51 30 10 52 72 39 47 74 47 51 65 8 47 98 5 93 90 
15 2 32 45 17 20 68 44 93 19 63 27 82 25 70 97 22 97 32 80 
80 36 14 78 40 97 8 81 34 14 64 64 30 30 96 44 15 66 43 46 
15 50 55 67 74 78 32 53 32 71 5 34 40 43 78 90 70 8 56 35 
MACHINES
17 4 1 18 6 11 3 8 7 13 10 2 14 5 15 12 16 9 20 19 
6 1 4 2 18 8 19 10 17 11 15 7 3 5 9 20 13 16 12 14 
2 7 9 10 16 4 11 17 19 20 13 18 14 6 3 15 1 8 5 12 
16 1 4 15 18 5 17 6 7 19 2 8 13 3 10 9 11 12 14 20 
8 14 19 11 1 3 18 17 5 2 4 12 7 13 15 6 10 20 9 16 
9 6 2 14 19 15 11 16 4 17 12 7 3 10 8 18 1 5 13 20 
3 10 15 6 18 9 4 2 17 8 20 5 12 13 14 16 19 1 11 7 
17 7 19 8 1 6 16 5 11 4 3 9 12 20 2 13 14 15 10 18 
15 7 6 18 1 16 2 20 14 13 5 3 17 12 19 11 4 9 8 10 
14 20 12 2 4 18 17 10 19 16 3 8 15 6 9 1 11 5 7 13 
