9312772939,1886910022
10,20,20
65 72 13 52 66 10 81 84 9 84 47 5 51 83 95 46 8 71 1 86 
25 79 13 73 98 31 5 54 59 98 29 83 5 60 4 84 6 69 94 22 
7 18 72 17 22 99 83 44 39 4 19 22 88 9 1 20 88 41 8 62 
36 42 48 3 30 53 97 67 74 14 25 97 87 55 29 77 38 81 22 26 
24 63 56 52 48 50 49 94 44 22 20 6 39 79 2 20 82 20 10 22 
36 9 22 75 34 69 99 40 51 39 59 39 30 56 8 77 49 55 89 57 
14 95 11 57 48 59 82 92 29 88 82 48 56 20 8 40 60 52 5 20 
34 73 63 40 37 86 6 2 29 2 4 20 1 44 20 80 44 77 45 33 
61 1 53 51 13 80 3 83 8 94 79 46 12 34 23 90 44 13 88 49 
59 31 53 19 20 27 26 52 25 93 72 52 16 73 89 10 74 27 80 38 
MACHINES
4 18 1 3 10 8 2 14 19 16 13 9 17 5 15 11 6 7 20 12 
7 19 8 13 17 16 20 4 10 9 1 3 14 2 18 12 5 6 11 15 
15 14 10 12 8 17 7 20 6 19 13 2 9 4 16 1 5 11 18 3 
10 7 14 5 9 12 17 4 15 20 18 19 2 1 11 13 16 8 3 6 
5 9 3 15 20 7 19 17 10 8 14 11 13 2 16 1 6 4 18 12 
14 2 20 11 16 18 1 12 19 8 7 9 15 13 17 3 10 6 5 4 
19 1 13 8 16 6 11 14 4 20 5 9 17 18 7 3 10 15 2 12 
12 14 16 19 4 17 6 18 20 13 1 8 10 11 9 7 15 5 2 3 
18 1 11 17 10 8 4 16 7 5 2 13 3 20 6 15 12 14 19 9 
8 11 9 7 19 6 2 17 20 12 15 16 5 4 1 13 14 10 18 3 
