8636900338,3734458503
10,20,20
25 40 38 7 87 20 5 30 83 94 20 27 49 13 58 5 15 95 15 26 
20 30 98 24 22 93 27 3 44 65 88 28 82 80 79 74 18 2 20 37 
90 97 46 74 35 62 80 97 24 64 74 97 65 31 80 40 84 9 18 98 
94 24 65 86 64 52 3 78 11 2 65 4 12 40 82 17 72 84 57 67 
86 89 94 47 89 95 58 77 59 81 62 79 70 70 51 53 50 86 34 24 
26 49 89 27 49 11 7 10 69 14 47 92 71 22 16 81 10 63 9 14 
41 27 30 86 73 18 64 86 85 28 33 27 51 47 87 5 7 68 75 42 
43 77 23 2 85 75 37 45 69 57 40 61 28 69 26 91 4 69 71 99 
69 7 42 63 39 21 65 99 40 51 83 25 12 71 3 65 10 32 22 64 
23 96 53 28 49 44 67 97 66 15 98 12 56 64 60 49 58 27 19 75 
MACHINES
12 18 14 11 19 1 16 15 4 5 17 7 2 3 10 20 9 13 6 8 
19 11 16 17 15 9 7 14 18 2 3 4 6 12 1 5 20 8 10 13 
11 3 15 17 13 6 10 18 7 20 12 4 1 9 16 8 14 5 19 2 
20 4 8 10 17 13 12 6 18 16 3 7 5 11 9 15 2 1 19 14 
8 18 11 13 16 17 4 15 19 14 10 5 12 7 9 2 3 6 20 1 
4 1 10 3 5 19 17 12 16 7 2 11 15 20 18 14 6 8 9 13 
9 7 12 18 2 14 8 19 1 15 17 6 5 20 3 11 4 16 13 10 
10 3 12 7 1 11 20 5 18 2 19 8 15 9 17 4 6 13 14 16 
2 20 1 10 15 8 19 11 6 14 18 3 9 13 4 5 12 17 16 7 
12 14 7 20 16 17 10 8 3 19 18 13 2 15 6 5 4 9 11 1 
