6682207220,3292252064
10,20,20
38 51 57 48 1 12 83 29 19 86 17 2 85 24 32 81 98 44 57 43 
10 77 10 19 76 59 41 32 22 81 9 33 10 22 80 45 89 60 3 75 
1 77 3 65 47 16 36 9 95 1 51 38 5 40 64 24 39 17 24 37 
45 56 92 3 72 70 23 44 12 9 29 69 89 49 29 81 18 75 45 75 
38 57 27 32 58 93 80 14 99 42 83 68 83 60 14 38 38 61 42 50 
56 23 85 34 82 87 89 8 61 78 84 44 6 50 12 27 87 86 35 11 
65 25 44 21 88 68 73 21 18 58 20 72 17 56 63 41 67 65 10 14 
37 84 71 28 42 78 26 46 29 32 73 87 33 89 81 8 50 76 76 23 
32 1 77 90 47 9 39 12 38 19 50 84 45 62 95 69 49 68 27 88 
84 76 35 41 96 98 83 77 40 63 84 28 50 61 81 25 17 93 59 6 
MACHINES
9 14 10 20 11 17 8 13 16 18 5 6 15 3 19 12 4 7 1 2 
16 2 8 17 6 5 7 10 19 18 11 9 14 15 12 13 20 1 4 3 
20 12 15 16 7 18 4 9 19 6 8 3 5 14 10 11 2 17 13 1 
5 19 4 18 12 2 17 11 20 6 9 1 16 3 8 10 14 13 15 7 
13 20 3 8 1 11 7 14 10 16 4 15 18 2 12 6 17 19 5 9 
18 4 11 16 2 10 3 6 7 15 20 17 19 14 8 12 13 5 1 9 
11 12 5 7 2 1 15 18 20 17 10 14 16 9 19 13 8 3 6 4 
11 4 16 8 2 12 3 17 9 7 19 18 13 1 20 6 14 15 10 5 
16 7 15 20 19 4 17 10 18 1 12 6 2 8 11 14 3 5 13 9 
8 12 4 11 3 15 5 9 17 10 14 20 18 2 19 1 7 13 16 6 
