6173277332,2110193067
10,20,20
15 59 29 56 71 94 97 96 4 79 10 23 29 94 62 56 20 17 1 20 
87 23 38 46 87 27 88 62 70 5 25 3 64 75 60 33 87 26 10 8 
67 94 51 96 47 27 2 5 17 56 17 40 46 48 55 92 61 43 55 10 
49 63 23 58 39 91 96 72 42 21 3 50 96 57 44 81 75 20 48 73 
74 43 22 51 87 81 85 84 1 78 73 25 81 94 66 95 6 18 71 85 
12 93 9 49 89 54 5 33 44 24 16 4 64 69 51 47 42 61 77 75 
57 71 14 92 53 68 72 94 64 51 75 41 43 51 92 30 5 74 26 23 
67 72 92 32 61 91 47 56 7 12 45 76 15 18 50 18 11 25 63 20 
9 73 81 14 3 25 10 34 43 92 57 56 87 92 44 72 14 29 11 30 
92 36 16 24 65 91 45 72 52 42 44 96 27 12 30 62 98 89 53 12 
MACHINES
7 18 11 16 20 14 19 9 1 8 2 17 10 15 13 12 4 6 5 3 
11 10 2 17 9 5 13 20 18 1 6 19 4 7 3 12 15 16 14 8 
12 10 18 4 19 14 1 11 9 20 6 3 17 7 2 15 13 16 8 5 
5 13 18 3 19 20 2 10 7 12 9 17 1 15 16 14 6 11 8 4 
14 9 13 20 5 8 3 12 17 1 4 7 19 15 18 2 11 10 16 6 
16 5 10 9 20 12 15 1 14 13 4 17 3 6 8 18 7 2 11 19 
14 7 13 6 17 12 2 18 3 20 1 9 16 8 19 15 4 11 5 10 
15 4 16 9 2 18 11 13 7 17 20 1 8 19 12 3 5 6 10 14 
10 4 19 18 5 8 6 11 20 14 16 17 15 7 3 1 12 9 13 2 
11 3 2 8 13 15 17 18 10 1 5 12 7 14 4 19 20 16 6 9 
