1242505320,5765745604
10,20,20
85 74 80 91 7 3 13 99 76 86 41 89 42 30 24 16 87 31 84 14 
96 24 41 28 20 98 61 25 4 49 62 69 48 26 23 39 72 20 5 71 
67 45 95 80 31 9 23 41 4 67 3 96 73 98 11 83 37 10 18 32 
28 49 75 4 9 91 55 79 83 21 68 27 95 96 43 51 24 92 58 63 
85 26 86 40 11 24 93 13 18 71 21 6 29 35 93 27 30 14 53 68 
15 46 36 2 11 58 10 1 14 6 97 49 8 49 72 25 81 45 45 80 
57 92 3 64 57 20 94 1 6 91 6 17 85 80 90 8 20 28 29 40 
18 13 85 21 90 83 77 91 11 27 72 88 92 9 84 43 84 36 3 69 
43 15 59 76 32 1 38 60 18 1 60 55 68 21 22 38 51 39 2 86 
86 54 61 96 66 67 87 33 56 62 15 99 91 18 85 49 87 80 38 90 
MACHINES
7 12 14 19 17 4 6 11 10 18 16 5 15 13 20 2 8 9 3 1 
6 16 4 14 1 12 7 3 9 20 18 13 10 19 11 2 17 5 15 8 
13 16 12 17 8 9 14 19 15 3 1 2 5 18 6 4 11 10 7 20 
20 16 11 15 6 5 8 4 17 13 3 2 1 7 10 9 19 18 12 14 
12 4 7 9 2 19 17 11 18 3 8 5 13 1 15 16 6 10 20 14 
3 14 12 18 10 16 15 6 19 9 4 11 5 8 13 2 7 1 17 20 
8 9 5 15 2 11 1 6 3 4 16 14 10 7 20 12 18 19 17 13 
7 14 19 6 9 13 2 8 1 5 15 11 20 4 16 18 12 3 17 10 
5 19 3 6 18 11 16 20 2 15 13 9 17 12 14 8 1 7 4 10 
6 12 20 19 8 2 9 4 1 5 14 17 13 3 10 11 18 16 7 15 
