4181933520,2477502814
10,20,20
85 27 2 48 89 28 6 37 1 92 16 44 33 12 27 56 66 1 68 55 
52 45 6 93 35 25 64 23 22 88 18 15 35 28 40 88 19 48 44 78 
25 99 49 12 33 54 52 61 7 56 11 14 54 44 21 58 47 94 34 92 
95 46 77 49 93 10 57 39 29 37 34 70 92 99 59 27 53 58 47 94 
85 82 56 2 18 36 93 46 67 77 53 53 76 66 11 76 63 26 84 1 
44 18 59 31 78 48 62 49 38 65 19 33 63 61 63 50 70 70 19 32 
11 79 81 65 11 76 48 94 15 34 46 38 13 90 14 78 26 85 26 77 
92 5 39 14 5 73 83 5 66 63 53 76 63 54 44 82 12 29 40 14 
62 78 98 15 72 5 98 71 91 21 87 69 57 3 57 96 33 19 39 63 
9 9 76 51 29 44 5 44 21 95 11 46 42 57 86 3 49 69 42 64 
MACHINES
8 9 17 14 12 18 13 1 16 4 19 7 11 20 6 2 3 10 15 5 
15 10 7 13 19 1 11 18 17 8 20 12 2 3 4 5 9 6 16 14 
9 2 13 17 15 11 7 12 6 18 16 4 1 3 10 19 8 5 20 14 
17 4 18 14 12 6 19 2 20 1 15 8 16 7 5 3 11 13 9 10 
8 10 18 5 19 14 15 9 20 12 4 7 11 16 1 3 6 13 17 2 
18 19 15 14 1 10 12 13 4 2 5 17 11 6 7 9 20 16 8 3 
18 8 17 19 11 14 15 12 3 1 20 4 2 6 5 7 9 16 10 13 
15 14 4 17 19 20 7 10 3 5 11 12 1 6 18 9 13 2 8 16 
15 6 5 14 7 13 18 17 4 10 12 2 3 8 1 19 9 11 20 16 
17 18 9 10 6 1 19 8 4 7 15 20 3 14 11 2 13 12 16 5 
