8853032514,1952850923
10,20,20
73 98 87 46 33 12 20 92 13 56 99 61 14 95 34 47 17 5 47 24 
56 23 63 52 15 66 80 10 99 56 5 31 92 40 71 46 23 66 7 34 
76 33 67 69 6 60 25 62 31 34 45 24 28 82 44 2 47 73 49 95 
36 67 73 61 13 21 58 51 32 60 22 33 44 3 73 93 36 82 78 3 
87 45 8 38 64 70 31 72 49 59 59 59 11 18 24 50 12 96 68 44 
62 96 77 22 13 97 60 74 58 57 88 1 93 63 34 50 88 13 12 73 
92 82 50 63 31 10 79 55 51 3 27 74 84 43 26 47 55 68 4 5 
77 57 10 89 43 93 57 99 70 55 19 73 91 15 34 95 36 27 21 24 
46 37 66 70 16 73 72 65 4 20 76 3 32 99 74 64 1 61 46 4 
61 99 46 59 21 66 29 57 28 16 28 79 22 54 42 52 60 25 97 12 
MACHINES
3 6 5 11 8 18 20 1 15 14 13 4 10 2 16 17 7 9 12 19 
1 6 2 4 20 13 7 17 9 11 15 10 12 14 16 3 8 18 5 19 
9 11 14 16 17 6 2 4 8 5 3 10 15 12 20 1 18 7 13 19 
7 6 18 2 11 10 19 14 15 3 12 9 20 1 4 17 5 16 8 13 
17 7 8 19 14 5 1 11 10 15 4 16 3 2 18 20 6 12 9 13 
13 5 7 4 3 2 15 10 18 6 16 11 8 20 9 19 14 1 12 17 
18 5 17 9 10 16 2 7 14 15 6 20 11 19 3 13 8 1 12 4 
9 15 14 16 2 10 17 11 4 18 7 3 6 19 5 20 8 1 13 12 
12 7 14 1 10 13 18 20 2 17 16 5 19 9 3 6 11 4 15 8 
12 10 4 11 14 1 13 19 9 5 7 15 6 17 8 2 16 3 18 20 
