8550986149,3683657301
10,25,25
66 65 78 7 82 34 99 68 90 33 69 23 9 36 26 52 72 84 22 25 87 2 58 92 9 
66 28 73 8 62 49 69 28 46 29 52 49 13 78 75 57 41 46 79 63 40 89 42 13 66 
70 8 61 38 2 48 99 75 75 35 46 74 32 97 41 16 16 66 99 35 39 19 60 93 47 
1 2 27 71 91 97 12 64 65 96 61 31 31 98 29 50 58 18 67 1 41 4 88 19 46 
46 74 20 56 88 59 64 64 35 91 52 81 61 50 9 37 90 95 64 46 93 31 96 12 85 
65 48 61 25 14 53 25 78 83 18 87 92 78 50 53 73 99 90 58 98 38 51 46 19 27 
77 23 84 85 9 39 7 82 98 51 47 80 64 32 7 65 42 85 10 11 74 44 92 31 50 
85 85 1 89 34 54 70 16 86 61 79 53 68 83 73 24 50 97 59 65 92 56 75 82 22 
83 47 44 51 99 90 82 84 18 85 93 48 24 63 49 35 52 18 77 75 92 87 59 99 16 
68 32 41 96 72 64 20 28 17 84 25 52 15 4 57 28 36 98 77 73 64 21 66 21 31 
MACHINES
5 13 7 10 20 15 19 25 6 22 21 2 24 17 23 3 18 9 8 11 16 1 14 4 12 
17 3 7 13 24 19 9 18 4 6 14 16 1 5 15 12 8 21 20 23 22 11 2 10 25 
23 13 25 19 1 15 14 5 21 3 7 8 10 2 24 18 11 9 17 12 22 4 6 20 16 
3 18 1 8 9 13 12 22 20 2 19 17 6 23 10 21 24 15 4 7 25 11 14 16 5 
23 1 13 10 22 15 16 2 25 17 21 7 8 20 14 11 6 5 12 24 3 19 18 4 9 
23 7 18 20 4 12 2 9 3 8 16 24 1 21 15 13 22 10 25 17 5 11 14 6 19 
7 14 22 23 16 18 11 2 10 5 9 25 4 3 12 13 21 17 15 24 1 6 19 8 20 
4 19 3 16 5 9 15 6 1 7 17 13 18 20 11 25 21 12 22 10 24 8 14 2 23 
24 6 19 12 10 16 4 22 25 1 7 3 14 9 18 17 15 11 23 5 21 8 13 20 2 
5 17 13 6 18 19 21 2 10 15 11 22 23 1 20 7 3 25 14 8 24 4 9 16 12 
