7845882553,2347638886
10,25,25
49 42 85 77 73 27 40 65 46 97 97 10 45 5 34 79 38 30 22 3 99 38 71 97 21 
41 69 19 69 2 39 80 67 9 53 97 75 60 76 95 19 37 24 21 5 28 96 76 57 20 
46 60 60 33 79 49 8 57 88 46 90 58 38 59 74 44 45 26 96 77 23 45 95 50 20 
10 55 73 15 14 58 71 54 35 17 27 62 92 64 79 63 32 86 54 39 35 12 16 99 56 
64 72 86 20 75 29 7 11 69 37 24 39 69 47 25 89 66 30 40 77 58 35 84 14 41 
26 12 47 86 83 97 14 78 26 23 52 79 54 89 22 87 1 29 33 71 26 25 45 16 38 
37 60 11 98 78 40 44 29 3 43 37 41 68 32 21 69 64 63 91 69 87 40 93 94 86 
63 9 90 66 27 72 48 16 27 90 77 75 18 7 21 1 12 21 2 82 31 41 71 31 57 
33 61 44 95 92 78 70 55 59 1 88 97 4 37 21 55 42 71 77 65 4 60 60 22 10 
91 87 56 10 44 57 53 38 29 75 58 39 57 51 74 59 9 45 96 82 47 68 32 33 74 
MACHINES
20 3 11 25 22 5 17 24 23 1 9 16 15 2 6 18 4 7 8 10 21 12 14 13 19 
19 23 11 25 10 17 16 4 8 2 12 14 21 20 13 3 6 1 9 5 18 24 22 7 15 
18 3 20 4 5 19 9 12 21 23 7 1 10 24 13 8 14 25 6 15 11 22 17 16 2 
20 13 25 15 18 8 10 5 11 21 22 24 17 16 2 4 6 7 14 1 12 9 23 3 19 
15 20 14 25 9 19 24 22 10 5 16 11 3 18 17 23 12 21 6 8 4 13 2 7 1 
12 20 14 24 18 22 21 25 10 19 4 23 7 15 11 3 2 16 1 6 5 9 17 13 8 
22 18 9 10 14 17 13 7 3 12 16 6 23 24 21 4 25 2 19 11 15 1 8 5 20 
4 18 15 5 19 22 1 6 17 7 8 25 20 11 9 13 21 10 12 24 23 16 2 3 14 
14 2 3 13 24 12 16 22 15 18 10 25 4 11 5 20 19 8 6 7 21 9 17 1 23 
8 21 14 11 18 6 4 12 22 5 9 13 7 24 17 2 19 23 10 20 1 15 3 25 16 
