7993554082,2114470970
10,25,25
63 49 56 34 28 11 28 38 17 33 78 8 43 9 31 61 17 27 96 80 37 28 33 53 75 
46 76 51 60 39 46 31 10 34 50 51 30 94 89 47 7 76 61 16 73 42 7 33 95 23 
48 55 42 28 28 57 78 95 61 42 66 64 17 56 64 26 35 25 94 60 41 35 3 95 40 
99 72 62 63 8 85 35 70 51 88 49 91 1 86 52 80 33 99 6 23 1 62 7 88 73 
40 6 75 11 5 38 91 9 3 84 81 41 55 24 17 25 38 95 69 93 41 17 15 32 69 
6 40 10 79 84 77 22 24 52 80 68 71 61 67 87 7 1 16 33 44 18 69 32 38 97 
4 55 71 10 63 59 43 58 69 58 9 77 7 35 30 2 66 54 96 29 39 39 72 59 48 
64 99 7 40 69 31 60 64 95 27 62 68 38 55 30 96 12 44 83 61 80 65 67 4 54 
65 72 46 10 40 63 59 53 15 42 85 6 87 54 99 75 48 60 64 64 91 36 23 73 37 
41 68 71 59 28 13 80 24 46 55 36 29 68 84 56 25 4 32 83 90 98 61 93 40 46 
MACHINES
13 10 17 9 12 19 25 6 21 22 7 14 18 16 15 2 23 24 20 3 5 8 11 1 4 
25 23 11 5 15 4 14 2 7 13 10 22 21 20 12 9 18 6 1 24 17 3 19 16 8 
14 8 24 1 22 17 3 19 13 21 11 5 2 15 25 12 18 9 6 10 23 20 4 16 7 
23 2 13 25 19 17 1 3 10 8 24 20 6 18 21 12 16 11 14 7 15 5 9 4 22 
5 2 15 19 11 4 16 12 14 3 6 9 25 10 20 24 17 13 7 23 18 8 1 22 21 
1 2 22 12 15 7 24 9 13 3 14 11 23 20 18 21 10 16 5 8 4 25 17 6 19 
13 17 5 12 24 7 18 9 10 15 22 14 19 20 25 4 2 6 23 21 11 1 8 3 16 
4 13 15 24 3 20 10 23 21 1 22 25 14 9 6 16 18 2 19 12 11 7 5 17 8 
11 14 10 12 2 13 15 16 20 21 18 25 3 7 8 1 19 9 23 17 4 24 5 22 6 
6 7 23 25 16 19 5 2 10 9 3 18 14 4 17 21 20 11 15 8 1 12 13 22 24 
