9252522953,3762076540
10,25,25
40 89 13 38 15 11 99 17 11 92 76 85 17 95 99 58 67 74 77 65 29 48 70 77 70 
41 3 13 7 43 26 93 32 50 52 75 55 80 38 29 98 14 15 7 46 4 82 19 19 98 
88 54 75 59 29 42 93 62 18 82 52 21 21 43 99 88 87 24 23 70 72 10 52 33 94 
15 90 16 64 35 69 47 70 45 30 37 46 19 28 9 40 46 81 80 31 56 47 84 73 10 
33 69 79 39 51 82 13 90 18 51 28 5 95 94 99 98 44 84 42 8 89 89 39 54 13 
95 95 35 75 94 26 19 75 41 63 75 39 63 64 27 85 10 86 34 40 42 7 12 12 47 
70 77 74 42 56 76 13 63 24 71 54 24 56 89 20 27 98 12 35 11 55 73 83 33 20 
47 72 85 41 7 98 77 7 34 35 28 83 24 57 94 41 20 5 92 24 44 4 9 23 69 
72 49 31 87 57 38 48 87 10 43 95 9 4 39 31 63 22 39 3 53 86 69 82 89 63 
16 51 34 37 26 61 74 57 6 9 57 54 84 56 58 45 36 49 42 93 32 89 6 52 93 
MACHINES
17 25 3 4 21 11 13 22 24 5 18 8 7 16 6 14 1 12 20 2 15 9 19 23 10 
6 16 4 19 2 3 24 25 18 5 14 10 15 8 20 1 23 21 11 9 22 13 12 17 7 
17 3 8 22 10 19 13 12 1 4 16 25 7 24 14 11 2 21 15 20 5 9 23 18 6 
20 4 23 3 12 15 11 5 6 17 25 14 13 7 10 18 19 1 16 21 24 22 8 9 2 
17 5 1 21 10 15 20 9 16 2 24 13 8 19 18 3 4 7 25 12 22 14 6 23 11 
13 5 23 14 12 18 6 1 22 21 8 20 7 10 9 16 19 3 4 11 17 2 15 24 25 
8 24 19 6 14 16 9 22 23 15 17 18 10 25 13 20 1 21 11 3 7 4 5 2 12 
20 1 13 17 25 4 19 3 7 8 24 21 11 9 16 23 6 12 2 18 14 15 5 22 10 
19 8 1 24 20 25 11 14 13 21 17 3 23 18 4 10 12 9 6 2 22 15 7 5 16 
14 6 4 16 8 25 21 1 22 18 11 20 13 5 7 24 9 17 3 12 15 10 2 23 19 
