7644806754,7076464119
10,25,25
3 9 64 73 33 58 63 57 7 41 91 76 89 66 14 96 91 50 23 43 44 92 11 95 37 
85 65 44 29 17 74 41 59 18 91 83 95 7 32 67 94 51 31 11 11 64 95 19 70 22 
5 56 35 47 28 30 16 98 98 78 6 87 64 91 98 90 83 4 12 55 42 8 76 50 61 
49 96 68 46 40 34 20 71 42 30 7 4 49 14 7 96 62 93 15 2 46 93 84 66 35 
11 84 41 30 19 34 3 85 27 44 56 68 10 33 97 73 71 5 97 80 51 21 53 49 55 
88 42 77 4 70 56 73 88 31 42 18 19 29 4 10 22 35 77 74 55 49 99 79 26 91 
17 56 86 79 32 69 52 36 30 29 82 56 97 63 92 61 26 91 56 64 75 37 6 43 76 
71 29 97 38 17 77 71 46 40 34 10 71 3 80 39 59 34 15 1 89 36 67 1 72 13 
30 98 47 59 77 38 21 56 43 40 63 21 85 96 96 97 20 41 47 62 45 32 16 56 77 
32 3 93 37 19 78 54 76 65 32 61 94 22 35 31 81 44 54 53 27 38 3 25 62 8 
MACHINES
3 6 13 9 23 15 21 18 14 22 1 16 12 4 10 2 20 25 11 8 19 17 5 24 7 
20 25 15 24 10 5 19 18 2 22 23 1 11 8 12 17 14 13 6 16 9 7 21 3 4 
21 18 14 3 10 12 2 11 13 4 15 16 1 7 23 22 20 6 9 19 17 24 8 5 25 
12 11 24 22 25 7 8 23 15 5 2 18 14 21 1 4 19 10 16 20 6 9 13 17 3 
10 2 12 13 5 22 11 20 4 6 14 21 1 8 9 24 3 15 7 18 19 16 17 23 25 
17 23 19 15 1 20 16 21 22 9 25 5 14 10 6 8 3 2 11 13 4 24 7 12 18 
14 10 9 22 3 5 21 23 18 8 2 24 13 6 1 25 12 4 17 15 11 7 16 20 19 
1 4 11 24 20 9 5 19 6 16 2 7 10 14 3 17 22 21 13 23 25 12 8 18 15 
24 3 1 10 8 18 9 12 19 17 16 21 13 7 4 6 23 22 20 2 11 14 25 5 15 
22 8 21 7 20 16 9 23 11 25 5 4 2 1 3 12 6 18 10 14 19 15 17 24 13 
