8268819686,7726430280
10,25,25
89 28 14 22 33 33 23 44 15 70 96 8 83 62 82 11 54 5 82 94 53 26 58 48 76 
54 64 97 24 96 21 19 33 93 62 70 22 76 21 94 5 3 71 4 95 94 83 16 86 16 
25 85 19 10 65 13 85 46 36 25 52 90 21 91 82 47 46 39 19 84 60 30 78 13 39 
32 13 30 99 83 99 10 59 55 32 58 24 27 82 54 87 22 15 93 96 36 39 60 20 93 
39 51 90 42 56 16 96 70 76 75 8 30 89 54 8 9 99 40 91 49 31 47 65 37 11 
66 52 54 44 24 9 60 42 18 25 8 56 7 29 31 5 46 44 84 59 9 40 64 80 14 
46 55 4 79 27 53 96 58 65 42 1 58 29 39 63 22 49 94 61 18 91 16 46 59 38 
73 40 41 95 70 29 34 16 67 12 99 91 44 96 10 11 15 39 44 80 1 10 74 57 65 
40 70 31 90 10 24 13 60 55 15 1 43 96 26 56 94 16 22 4 5 25 78 2 87 69 
54 82 87 23 33 6 95 61 75 63 36 93 58 50 20 85 30 64 47 85 8 5 16 89 5 
MACHINES
21 3 2 22 1 12 19 25 6 15 8 20 17 10 18 7 16 23 11 4 9 13 14 24 5 
6 4 14 10 25 20 2 19 3 22 1 15 5 9 21 11 18 8 13 24 17 23 7 12 16 
13 4 3 24 12 19 11 17 18 2 10 1 21 9 7 14 22 20 15 25 8 16 5 23 6 
11 10 14 1 3 21 20 19 16 15 4 2 12 13 22 7 8 18 6 25 5 24 17 9 23 
14 3 13 22 18 1 5 24 19 16 2 4 8 25 15 9 12 10 11 23 6 21 7 20 17 
25 16 13 1 22 15 4 9 14 3 2 11 8 10 7 21 19 17 23 20 5 6 24 12 18 
7 3 4 15 10 16 17 18 20 9 12 2 5 22 19 23 1 11 14 24 6 8 25 21 13 
15 13 2 25 6 16 5 11 3 23 14 18 24 12 7 21 10 22 8 1 9 17 20 19 4 
16 21 1 5 23 2 6 18 14 13 7 12 10 15 9 24 4 11 20 17 3 25 8 22 19 
8 11 20 24 14 17 4 3 18 2 7 21 13 6 22 9 5 10 25 12 16 1 15 23 19 
