4447793100,1695039442
10,25,25
1 2 70 69 82 2 2 87 70 77 43 48 59 93 4 14 49 26 71 98 19 14 6 84 92 
14 12 96 71 94 55 88 93 83 91 50 10 3 97 57 80 88 49 16 40 47 12 55 89 52 
59 38 39 19 6 9 43 7 27 97 83 98 96 57 1 47 2 51 40 30 56 23 15 94 61 
96 87 80 5 16 70 30 51 57 73 78 92 7 51 21 62 65 16 84 9 59 37 73 86 40 
93 21 91 76 18 58 76 38 51 83 47 45 67 38 14 93 28 1 85 19 47 78 93 85 97 
61 1 66 35 83 3 22 49 98 10 9 85 61 10 98 7 7 45 24 8 27 26 51 44 10 
37 11 16 74 10 78 3 66 36 82 70 62 98 90 62 58 3 4 4 83 18 81 28 9 77 
55 33 27 17 80 22 50 43 63 65 95 53 22 43 92 42 30 34 82 98 81 25 92 39 44 
51 7 13 11 65 49 71 45 66 9 38 16 60 91 19 78 24 5 34 53 56 72 86 99 31 
98 15 27 11 84 18 7 70 36 20 38 70 30 56 85 74 38 85 51 72 49 76 35 2 82 
MACHINES
2 13 11 5 14 8 4 17 21 12 10 9 23 3 20 25 22 6 16 24 1 7 18 15 19 
4 15 13 1 20 18 21 3 6 14 8 12 2 16 23 24 5 19 11 7 10 25 22 17 9 
6 2 13 3 5 8 10 17 25 12 9 7 19 18 15 16 24 1 21 11 22 23 14 4 20 
14 22 7 23 18 8 17 12 1 21 9 4 3 25 6 5 15 19 20 24 16 11 2 10 13 
4 25 6 5 13 10 2 19 21 7 1 18 20 11 9 14 16 23 3 22 12 17 24 8 15 
10 19 5 3 17 23 11 2 13 1 9 7 14 25 22 12 16 4 18 20 6 8 21 24 15 
14 1 2 25 20 6 22 4 9 23 18 16 10 12 8 11 15 13 24 7 21 5 3 19 17 
14 15 5 9 19 8 24 17 11 3 22 16 4 20 18 6 1 25 23 12 10 21 2 7 13 
10 3 17 20 9 24 8 16 7 4 15 19 23 12 14 22 1 2 25 18 6 13 5 21 11 
11 8 13 5 23 21 2 15 24 25 17 9 6 19 14 20 3 16 12 10 1 18 7 4 22 
