2569490508,1355223255
10,25,25
48 40 24 69 64 21 91 30 23 86 75 45 15 16 7 19 88 97 24 70 22 69 6 95 63 
12 60 59 47 78 99 30 36 76 57 34 21 88 45 52 65 9 60 86 57 88 63 51 83 68 
81 59 96 93 66 13 42 53 98 12 44 64 50 97 57 91 38 14 80 76 80 23 29 20 21 
66 91 43 13 86 20 39 77 21 5 96 69 75 1 69 20 2 99 46 39 56 19 91 32 3 
69 21 97 38 70 48 18 60 35 48 81 6 99 84 50 51 95 45 81 38 22 41 97 81 31 
11 93 76 37 31 31 84 77 60 59 42 70 96 75 57 29 64 22 30 33 8 28 79 33 65 
47 3 20 92 22 45 36 44 97 48 41 94 30 17 67 24 36 42 19 61 63 31 80 60 4 
81 94 90 52 60 10 61 37 39 92 79 46 88 78 93 85 2 45 6 92 48 82 53 3 1 
70 20 38 6 84 51 50 74 63 62 85 87 25 70 29 33 86 20 15 66 73 40 97 68 58 
91 6 7 86 58 20 1 11 56 55 18 36 13 98 37 25 35 60 41 3 91 2 79 23 72 
MACHINES
20 3 7 14 15 24 22 11 6 10 9 2 17 8 23 4 16 21 1 25 5 13 18 12 19 
10 22 17 20 4 9 1 8 16 18 3 14 23 6 21 2 11 5 19 13 12 24 7 15 25 
5 15 11 20 8 25 18 21 6 22 10 13 9 14 1 7 17 19 16 24 3 2 12 4 23 
18 15 20 12 7 13 19 22 5 3 10 2 1 16 8 4 11 25 6 14 24 23 21 9 17 
4 23 10 16 5 11 8 3 22 14 17 9 25 19 15 2 1 13 18 12 20 6 21 7 24 
7 8 17 18 6 1 11 4 24 10 3 2 21 13 23 5 9 19 15 22 20 16 12 14 25 
21 13 22 18 20 14 6 11 25 12 17 1 3 2 8 9 10 16 4 5 7 15 23 19 24 
19 17 12 13 20 9 1 24 11 4 8 23 22 3 16 25 14 15 7 10 6 2 21 18 5 
11 16 19 7 17 20 9 3 13 18 23 8 5 24 12 10 1 4 14 22 2 6 25 21 15 
23 13 4 12 24 9 11 18 8 25 5 15 3 6 17 2 20 21 22 7 19 10 1 14 16 
