2249381857,7633662734
10,25,25
86 46 65 1 13 94 63 58 57 48 35 88 86 77 14 6 18 20 80 60 19 8 77 16 82 
93 41 56 76 25 69 48 16 48 53 4 77 22 95 1 85 16 74 95 60 95 7 91 48 2 
68 37 47 15 16 75 15 60 96 21 17 6 72 86 31 62 64 40 54 12 16 91 13 54 68 
89 97 4 65 12 51 84 88 73 58 60 74 33 7 83 26 65 98 15 51 7 55 65 75 82 
13 51 2 94 52 20 77 2 54 38 83 38 24 27 69 60 1 46 11 47 8 84 4 1 56 
92 65 92 89 67 3 45 86 95 97 3 35 40 22 43 42 21 94 98 76 4 23 29 78 21 
5 87 44 62 46 12 93 16 56 33 29 38 15 62 69 43 11 31 16 77 79 15 99 95 82 
57 78 87 35 28 12 59 96 88 72 62 69 64 41 67 36 23 64 96 17 62 38 29 85 88 
85 11 75 51 97 6 94 5 87 79 59 77 39 75 77 73 39 12 38 59 81 50 95 27 74 
52 43 79 6 26 72 15 3 28 11 16 86 83 39 29 95 93 60 17 70 47 87 53 32 15 
MACHINES
13 5 21 14 22 8 10 16 2 25 4 19 17 6 7 3 24 11 9 12 23 20 1 18 15 
6 20 2 22 14 9 24 12 25 17 8 21 3 11 5 18 13 10 19 23 4 15 1 7 16 
21 19 7 24 11 2 15 22 10 6 8 4 25 1 16 13 12 5 23 17 20 9 14 3 18 
6 24 9 8 18 4 14 7 23 19 17 1 15 2 13 22 10 21 16 25 12 20 11 3 5 
9 8 15 22 3 25 12 5 11 23 16 21 18 6 13 2 4 17 7 10 20 24 14 19 1 
24 25 16 10 12 21 1 3 18 6 23 4 2 7 8 15 19 9 13 5 22 17 14 20 11 
7 13 15 5 11 18 10 17 8 22 19 24 2 9 14 21 25 3 6 4 23 12 20 1 16 
2 10 21 5 1 19 18 15 20 6 11 23 14 17 7 12 13 4 16 25 9 22 3 24 8 
20 15 13 8 14 10 7 19 11 2 6 21 22 18 24 25 17 4 12 9 16 5 23 3 1 
19 16 12 15 8 6 13 22 3 20 5 14 23 11 10 24 7 17 18 2 21 4 9 1 25 
