8265271865,4141731284
10,25,25
72 18 29 80 28 93 72 46 17 6 82 61 91 72 36 87 27 66 51 23 5 78 27 98 90 
57 8 36 39 6 12 57 44 30 97 84 9 21 28 80 85 52 60 73 17 32 3 60 80 48 
55 48 50 67 4 97 43 30 25 10 69 65 50 4 46 76 63 22 91 97 61 96 48 32 9 
92 39 17 90 37 90 6 77 58 83 52 96 75 46 38 28 82 94 83 16 20 92 24 77 53 
63 44 17 18 6 69 99 56 79 49 4 86 88 40 74 52 32 74 24 79 86 84 12 36 43 
77 6 52 71 40 3 67 31 77 21 36 15 23 74 79 14 52 74 74 31 84 9 12 45 63 
27 40 15 80 78 25 36 15 20 37 84 46 99 68 42 69 15 70 29 58 88 35 72 7 82 
92 31 49 20 46 66 74 17 28 58 45 17 90 96 57 11 46 10 43 94 72 85 25 61 98 
90 95 33 43 58 41 72 36 57 22 21 72 59 16 17 4 96 1 29 22 86 69 86 4 14 
15 9 28 78 22 67 71 79 75 74 11 4 72 85 21 3 28 27 23 82 93 41 43 19 21 
MACHINES
2 14 16 9 25 12 22 3 11 13 1 15 10 19 5 24 20 6 8 17 4 7 21 23 18 
7 5 4 3 10 13 25 15 21 1 16 24 2 23 18 14 22 9 20 17 19 11 12 6 8 
7 9 23 18 16 24 19 20 25 4 21 14 15 11 10 1 22 8 6 17 12 13 3 2 5 
20 23 13 4 17 9 21 24 3 25 7 18 16 19 1 2 12 8 15 5 11 10 14 6 22 
6 2 12 5 18 15 20 9 13 8 14 16 22 23 21 1 17 24 4 7 11 10 19 3 25 
4 23 22 18 13 5 15 11 24 21 7 20 1 14 9 8 16 12 10 2 19 25 6 17 3 
1 14 10 19 16 9 15 24 5 6 8 18 20 11 12 21 3 25 7 23 17 22 13 2 4 
3 8 16 19 12 14 15 4 13 7 18 17 22 20 21 5 24 11 1 2 9 25 10 23 6 
17 9 3 21 14 19 5 16 13 7 15 23 4 25 24 10 6 18 8 2 1 12 11 20 22 
13 16 2 1 14 23 25 3 19 10 6 11 22 8 15 20 21 24 17 18 4 5 9 7 12 
