4466948849,3922073174
10,30,30
59 25 31 67 84 89 24 80 53 10 30 3 51 27 64 54 4 63 32 66 94 78 7 9 99 18 99 1 90 33 
99 72 88 93 40 10 95 48 24 87 15 66 79 86 40 64 63 83 92 93 32 89 79 70 69 3 60 96 5 38 
23 15 55 16 88 75 19 1 5 50 51 76 91 14 80 81 18 96 34 32 30 59 50 30 86 19 61 21 73 33 
2 36 97 48 82 61 69 63 76 37 85 64 48 77 42 37 55 35 80 67 14 44 94 73 37 68 28 10 54 95 
48 28 44 16 19 56 89 57 27 95 59 11 26 21 57 61 46 56 87 57 16 42 6 60 13 50 13 57 51 3 
36 25 49 93 79 67 4 16 95 90 64 6 28 31 71 7 48 21 92 68 1 2 37 68 42 35 11 1 31 96 
64 41 9 37 72 21 14 45 70 5 71 18 26 28 22 21 79 29 73 66 71 66 54 74 14 4 12 87 43 12 
10 60 36 91 42 35 31 8 5 87 25 45 75 13 55 86 53 71 20 16 11 68 75 36 4 33 20 80 83 45 
33 27 80 98 46 52 51 76 47 80 16 9 50 94 15 53 84 94 82 95 63 51 19 99 50 14 47 9 26 86 
39 3 24 68 57 85 7 9 5 38 90 56 94 41 41 69 95 81 77 61 70 55 55 38 48 40 46 91 61 8 
MACHINES
30 12 10 28 29 14 13 22 2 24 23 18 19 7 17 1 26 9 4 16 21 8 20 25 6 3 11 27 5 15 
30 4 1 27 8 21 22 6 7 24 10 13 5 3 11 18 17 26 20 12 28 29 9 14 23 2 16 19 25 15 
17 30 23 12 21 16 11 6 19 3 26 2 28 25 10 18 7 15 4 1 20 24 9 14 8 22 5 29 13 27 
25 26 8 16 7 11 23 15 14 29 3 24 17 27 2 20 6 18 9 4 21 28 19 12 10 30 13 1 5 22 
18 20 4 21 12 14 30 6 24 15 17 26 1 19 25 3 29 22 10 28 9 27 2 16 23 11 7 5 8 13 
27 25 3 24 14 6 9 11 18 22 30 7 12 4 28 10 21 8 15 29 1 16 5 2 17 23 13 19 26 20 
28 14 30 7 27 26 10 12 22 2 8 15 6 16 3 21 23 24 5 11 29 25 17 18 13 1 4 20 9 19 
16 13 28 26 2 19 29 20 18 1 17 9 12 24 10 3 7 8 27 6 11 4 15 22 5 14 23 21 25 30 
3 1 24 6 5 11 25 13 10 16 17 26 18 2 29 19 21 4 22 12 8 23 14 7 15 27 20 9 28 30 
11 6 27 29 14 5 7 18 17 4 23 9 28 21 13 19 1 8 10 16 24 26 3 22 12 25 30 15 2 20 
