3167482080,6190859451
10,30,30
95 89 14 92 91 7 91 38 11 62 90 3 43 20 58 11 45 86 14 86 63 1 84 94 23 72 11 93 97 57 
88 52 27 28 89 97 8 78 53 48 68 49 1 97 2 41 14 31 13 20 75 42 94 44 55 35 70 36 98 59 
57 18 59 97 94 80 87 78 19 28 96 61 2 19 89 87 36 91 12 48 98 36 39 97 43 47 47 45 4 79 
8 10 73 48 2 78 93 37 20 73 21 7 51 26 92 38 56 68 14 12 91 1 29 86 76 25 94 38 31 84 
62 76 92 59 95 99 98 16 76 86 69 63 36 87 83 72 3 87 57 92 54 79 33 73 50 49 39 23 71 65 
89 50 72 57 86 32 16 80 20 39 74 78 96 45 83 89 37 91 24 2 89 69 11 62 76 39 84 71 38 98 
64 49 2 43 4 31 65 59 10 20 58 50 76 35 54 90 62 69 6 64 49 95 86 55 74 38 97 83 92 2 
28 68 4 77 98 69 86 29 15 67 3 44 94 37 35 2 14 72 85 43 13 27 97 81 47 56 48 50 86 22 
30 50 50 43 53 35 33 12 77 15 38 10 96 13 3 89 19 46 73 17 21 59 69 1 55 65 3 51 18 23 
34 7 49 92 17 84 39 72 1 36 49 64 92 60 41 72 82 61 49 52 46 48 99 69 96 65 80 64 17 60 
MACHINES
27 24 19 1 13 29 26 17 3 14 12 23 6 11 30 18 8 5 15 25 28 20 16 21 4 2 7 9 10 22 
19 5 10 20 26 13 28 16 15 23 9 17 1 8 4 2 14 7 18 29 24 6 11 12 30 22 21 3 25 27 
18 3 27 5 9 21 14 6 26 13 12 11 7 28 22 25 15 29 20 10 8 2 4 23 30 1 16 17 24 19 
18 22 29 30 28 2 12 21 23 4 13 24 5 9 26 20 19 15 7 14 6 25 17 8 16 27 3 10 1 11 
25 14 10 13 18 16 23 29 20 24 9 8 6 11 5 2 17 4 1 26 15 12 30 19 21 7 22 28 3 27 
3 17 21 12 7 18 6 27 15 5 13 22 11 29 23 16 30 20 2 9 26 28 10 19 25 24 4 1 8 14 
28 27 7 14 3 19 5 23 9 24 8 2 6 21 4 10 25 16 17 11 1 13 30 22 29 20 12 18 26 15 
28 24 30 16 17 7 25 21 5 3 14 1 12 9 11 8 20 22 18 4 26 15 13 29 27 6 19 23 2 10 
28 27 14 17 12 7 19 18 13 5 8 22 23 15 26 3 9 11 20 1 4 25 24 29 16 6 30 2 21 10 
19 8 17 30 11 20 25 15 10 5 18 23 12 2 1 4 16 26 6 28 7 13 9 24 3 27 29 21 22 14 
