3857769456,6725473321
10,30,30
4 86 63 92 52 4 25 86 51 97 70 83 95 1 19 41 2 98 1 15 11 57 23 18 23 72 26 4 6 87 
1 23 90 63 85 87 17 99 52 10 36 47 56 40 64 58 21 14 84 68 29 14 13 22 49 15 65 64 84 13 
27 44 33 31 75 5 85 85 70 79 65 99 57 32 17 76 7 27 88 91 52 97 58 86 66 45 26 28 62 71 
50 68 91 80 97 58 43 97 37 74 94 28 94 19 76 11 58 23 4 67 5 99 64 93 58 19 48 8 7 8 
64 11 20 40 79 54 86 95 65 38 24 21 36 3 68 70 40 72 59 61 27 93 77 72 84 49 25 7 64 42 
61 15 68 98 52 32 77 91 49 61 30 81 88 46 37 66 90 52 52 86 41 84 13 22 33 44 31 97 72 19 
31 38 31 16 44 97 30 20 93 61 83 96 78 69 38 19 7 78 92 21 80 98 75 27 56 38 39 57 49 69 
99 1 66 30 93 81 65 48 65 57 55 94 94 8 14 64 12 14 45 71 79 94 43 88 26 34 54 76 87 58 
70 30 50 39 30 73 33 39 68 39 34 65 18 93 63 28 95 40 84 8 54 89 35 81 95 48 24 46 82 20 
46 55 67 2 88 16 79 24 6 25 81 44 2 60 78 95 33 93 9 89 53 87 20 5 58 59 7 38 87 95 
MACHINES
10 13 24 28 21 9 19 7 6 3 4 14 17 12 26 15 5 16 1 22 18 30 23 8 20 29 2 27 25 11 
1 28 19 10 17 30 2 7 23 4 5 14 16 25 26 11 8 3 20 6 9 21 13 29 24 18 15 22 27 12 
27 7 23 1 24 13 4 20 30 26 5 19 9 14 2 22 25 17 6 3 21 29 18 16 8 11 15 10 28 12 
10 22 15 6 23 29 7 25 27 13 21 14 3 20 12 8 30 18 17 9 5 4 1 19 2 24 16 26 11 28 
17 15 29 30 24 21 1 27 25 13 14 16 4 6 9 3 7 12 18 28 26 20 8 11 23 2 19 22 5 10 
4 12 5 2 25 13 9 1 27 19 6 26 3 15 14 11 18 28 21 30 7 20 16 29 22 17 23 8 10 24 
19 27 16 3 1 26 11 2 9 29 8 4 24 17 28 22 13 12 7 25 14 20 15 30 5 23 21 6 10 18 
28 25 16 27 8 17 11 12 7 3 13 19 18 2 1 15 5 23 6 26 22 20 24 21 4 9 10 14 30 29 
2 21 30 9 18 4 29 22 1 24 25 14 8 28 23 15 19 5 12 7 26 13 27 20 3 16 17 11 6 10 
18 1 8 26 23 29 15 11 10 28 7 14 30 13 12 17 2 20 22 19 4 24 25 9 3 21 27 5 6 16 
