4326930455,8786616650
10,30,30
31 40 82 68 82 26 13 33 81 11 38 10 72 98 62 27 77 14 79 11 31 20 59 34 82 50 35 88 30 97 
3 10 97 43 86 42 4 10 51 9 41 31 75 5 71 34 78 32 59 15 43 62 90 21 93 52 9 41 22 82 
59 27 1 71 5 98 47 85 97 19 86 77 82 78 73 54 62 19 33 42 57 58 21 24 20 55 57 65 52 22 
54 38 77 13 29 65 66 76 44 53 83 88 46 52 7 94 94 57 79 68 23 56 82 54 7 28 77 63 18 80 
4 11 70 30 30 18 78 78 36 81 41 90 51 26 48 79 73 31 82 28 23 4 32 73 7 18 8 34 52 87 
21 7 81 87 16 24 68 77 2 76 8 43 66 93 19 4 63 44 63 89 88 84 60 66 52 52 7 16 10 48 
50 93 42 17 81 4 18 59 60 62 52 80 48 28 45 68 86 22 35 57 67 62 39 7 69 40 97 90 25 79 
91 9 88 51 39 6 99 95 18 35 14 42 73 36 11 78 30 25 14 68 80 13 63 42 40 50 67 26 96 35 
75 38 81 3 25 69 69 77 96 82 19 52 19 60 18 80 90 30 84 66 55 79 60 60 95 93 23 87 79 19 
91 59 12 58 10 74 71 38 6 37 52 82 88 15 50 36 58 7 27 62 83 66 40 52 96 7 17 80 85 59 
MACHINES
5 16 18 4 30 24 22 13 17 20 23 14 15 29 28 6 8 7 21 3 25 9 19 27 10 2 12 11 26 1 
8 21 11 28 25 16 6 3 20 5 24 30 26 4 7 1 19 23 10 9 12 15 27 14 18 22 13 29 2 17 
14 16 7 11 22 13 24 10 15 21 20 18 2 1 12 26 27 23 30 19 17 28 4 5 9 29 6 8 3 25 
14 2 27 30 20 26 7 9 16 4 5 15 17 12 21 3 23 24 22 13 28 6 29 8 18 11 25 10 1 19 
24 7 23 11 10 29 16 3 5 2 17 26 25 12 22 21 18 19 13 30 14 8 27 4 1 6 15 9 20 28 
15 22 29 18 23 14 10 12 4 19 11 20 21 16 2 7 5 6 24 26 1 8 27 17 13 25 28 3 30 9 
16 5 2 27 25 24 13 20 22 21 6 7 26 19 23 12 30 17 28 15 29 8 4 3 9 11 14 1 10 18 
25 7 17 20 1 10 24 6 23 22 16 30 15 18 8 29 9 28 5 14 13 19 21 3 4 12 2 11 26 27 
3 29 19 8 27 18 6 24 10 30 1 23 13 20 25 21 17 16 15 12 5 28 7 26 11 9 2 4 14 22 
24 12 28 7 18 21 15 23 2 30 22 19 16 4 17 14 9 29 5 27 11 6 26 25 3 10 8 20 1 13 
