2750389735,7770655666
10,30,30
3 73 18 34 6 86 54 58 90 81 37 62 2 56 27 62 12 30 97 70 89 56 95 61 12 13 44 49 37 67 
32 69 28 38 10 6 9 48 12 68 12 70 88 63 41 18 6 42 41 3 66 56 30 23 5 34 91 23 61 2 
72 67 59 88 7 4 3 69 98 16 15 8 36 23 36 21 80 81 19 22 63 23 80 99 86 24 57 90 32 68 
38 43 98 54 33 40 53 46 52 15 11 75 89 96 88 82 97 74 29 43 46 62 65 48 18 97 36 27 12 49 
8 30 17 85 44 15 61 49 82 81 49 68 46 48 45 77 62 9 36 25 11 60 9 86 7 89 53 84 45 65 
70 14 9 5 32 87 10 68 40 65 43 97 72 89 98 75 21 90 20 55 36 23 82 17 97 31 97 38 14 9 
51 91 77 66 44 87 69 66 91 63 49 3 22 60 77 64 82 98 58 92 23 79 8 38 77 99 98 28 94 63 
2 70 53 11 90 44 69 30 91 97 41 43 78 7 21 49 21 46 94 18 33 60 45 31 83 80 4 79 32 37 
76 5 14 42 3 62 72 56 99 87 24 87 90 43 67 29 11 55 10 50 10 46 33 31 27 66 57 23 23 79 
39 23 57 38 80 13 7 83 97 30 93 90 25 48 76 71 46 26 84 31 30 14 17 84 94 58 95 31 71 58 
MACHINES
17 9 27 25 28 1 19 24 22 6 16 29 14 12 18 21 4 2 7 30 3 10 5 15 13 20 8 11 26 23 
23 13 22 11 17 4 8 7 12 26 2 18 16 19 5 21 30 29 6 1 14 10 28 20 3 15 27 24 25 9 
27 24 4 17 5 23 6 2 15 19 26 25 3 9 1 22 28 11 13 16 21 7 10 18 20 14 30 12 8 29 
27 26 3 28 20 29 14 22 9 23 30 7 18 5 15 2 4 1 11 25 12 6 16 10 19 8 13 24 21 17 
28 30 21 3 14 29 24 25 7 8 15 4 9 19 26 5 6 17 18 2 11 20 16 23 27 12 13 22 10 1 
23 16 9 20 30 2 5 21 24 6 29 1 14 10 3 11 28 13 19 8 12 18 17 27 25 22 15 7 26 4 
23 20 13 30 27 11 25 6 18 4 29 19 14 2 16 9 5 22 8 1 21 17 15 26 28 3 7 24 10 12 
7 16 21 9 3 17 29 26 15 20 25 28 4 1 5 22 10 11 14 13 27 18 19 8 2 6 24 23 30 12 
26 24 12 29 21 9 15 28 14 1 25 19 11 22 7 6 10 5 18 27 23 13 2 20 3 30 4 16 8 17 
23 13 9 29 19 30 17 26 3 12 16 10 20 21 18 2 4 15 7 11 6 8 24 25 28 14 22 5 1 27 
