2000053136,5190533800
10,30,30
4 34 32 13 32 46 57 53 71 1 58 49 62 23 70 37 90 73 69 11 45 43 16 64 62 26 89 28 51 70 
50 28 52 70 51 5 80 1 68 84 62 79 15 91 59 23 56 97 9 74 9 59 78 45 25 70 81 14 81 21 
5 5 95 42 93 81 43 65 84 61 41 31 76 64 43 68 47 30 6 84 20 40 78 62 13 14 91 86 58 71 
50 98 24 14 75 92 87 14 51 48 6 80 2 73 77 58 33 32 86 52 76 84 26 94 62 69 94 79 58 21 
87 9 15 28 85 67 40 19 2 26 16 10 3 4 17 46 37 30 48 90 5 50 18 87 13 58 20 71 96 7 
23 15 62 8 99 76 37 83 57 98 52 22 70 9 5 4 2 51 13 61 75 28 72 50 72 54 90 90 1 59 
5 24 37 42 73 32 14 2 36 41 98 31 53 70 18 5 47 74 15 26 6 90 16 68 56 16 41 53 53 6 
9 22 66 36 51 29 51 5 93 39 87 36 23 99 1 84 57 5 58 13 52 18 70 86 5 99 16 83 63 24 
74 76 90 89 18 61 94 9 85 41 12 90 98 72 40 78 97 95 83 35 56 5 45 46 17 68 38 18 18 63 
29 27 59 86 35 61 56 65 85 52 94 69 86 5 9 51 9 99 24 67 77 48 75 59 12 42 9 68 1 28 
MACHINES
5 21 9 22 29 12 11 28 25 3 10 8 20 15 6 14 2 24 27 16 7 4 19 18 30 26 23 13 1 17 
24 17 3 2 21 13 22 20 27 11 28 16 10 18 1 14 9 30 5 25 23 6 7 15 19 4 29 12 8 26 
10 25 30 16 11 28 14 29 4 13 7 27 23 1 15 26 24 9 21 19 2 12 6 20 8 22 17 18 5 3 
28 1 20 25 17 13 5 7 29 21 8 16 18 22 6 11 4 19 2 23 30 14 9 10 3 12 26 27 15 24 
6 3 11 17 23 5 28 18 24 7 19 25 2 1 16 22 13 30 20 9 21 26 27 14 12 10 29 8 4 15 
2 10 27 4 16 23 6 1 29 3 9 8 13 19 7 20 15 26 11 25 28 22 21 17 18 12 14 30 5 24 
23 28 7 6 3 24 30 5 27 20 12 26 19 9 2 1 25 13 16 29 8 21 14 17 10 18 15 11 4 22 
3 5 19 1 29 28 7 30 13 9 23 22 12 8 26 18 20 27 16 24 4 17 10 25 21 15 2 6 11 14 
10 19 18 17 20 6 1 9 13 23 22 7 14 26 16 4 25 30 5 27 21 12 2 11 15 28 24 8 29 3 
17 11 21 4 22 15 29 5 13 23 18 7 24 12 25 2 27 20 1 14 28 19 9 3 10 6 26 16 8 30 
