4482338661,3750120671
10,30,30
83 33 88 48 85 75 72 54 27 11 17 75 34 33 68 46 56 24 48 61 67 90 12 93 21 97 83 67 25 54 
66 2 70 99 93 34 70 13 23 1 43 63 7 39 72 14 87 65 55 39 72 14 77 42 27 15 83 66 22 66 
65 57 13 38 16 35 1 63 1 42 29 89 82 70 50 71 84 61 88 68 50 46 55 6 34 73 61 36 80 10 
98 77 49 66 75 85 76 87 70 49 39 93 31 72 60 79 37 55 89 51 19 14 12 30 73 69 87 60 67 82 
35 97 55 56 71 88 71 20 96 84 10 95 47 34 58 42 8 37 30 45 62 33 49 67 48 38 45 49 83 51 
49 18 93 51 29 16 16 21 26 18 95 1 35 52 25 4 78 26 53 21 65 82 99 68 52 89 4 94 71 82 
10 20 56 26 48 79 51 25 73 52 74 4 16 93 98 2 42 9 47 77 18 78 4 33 92 75 72 40 61 12 
36 19 46 71 92 63 88 82 92 25 90 5 90 49 82 79 7 41 95 48 85 1 87 88 14 13 40 19 20 52 
68 14 76 68 1 37 7 3 37 70 12 85 62 88 96 1 33 38 76 6 16 91 79 43 64 8 28 39 24 87 
18 94 37 95 9 31 53 49 97 63 45 5 96 93 80 13 81 64 42 50 71 41 50 31 54 87 79 48 46 46 
MACHINES
14 7 6 9 19 2 8 3 12 23 21 24 27 4 25 20 1 26 18 17 28 30 11 22 16 13 10 15 29 5 
13 19 8 26 29 22 1 25 23 7 24 17 16 11 30 2 3 18 6 27 14 5 28 20 4 10 21 12 15 9 
18 15 30 12 11 24 10 20 5 7 27 19 25 1 8 17 2 6 22 28 4 29 3 23 14 21 26 13 9 16 
5 8 27 10 1 15 14 3 19 30 18 4 24 25 11 21 12 9 22 23 26 17 29 2 6 13 16 28 7 20 
23 19 12 6 14 16 9 18 24 10 28 8 7 22 5 15 4 13 17 2 30 29 3 20 26 25 11 27 1 21 
15 11 14 17 26 7 4 5 13 10 12 16 2 3 23 6 21 30 9 24 25 18 1 8 27 19 20 28 22 29 
24 2 5 30 8 4 28 11 19 15 25 6 22 3 7 14 26 20 27 10 17 18 13 1 9 23 12 29 21 16 
6 2 1 15 27 19 13 22 23 26 9 5 14 4 8 18 3 29 12 20 24 17 16 25 11 10 7 28 30 21 
23 24 30 22 29 10 13 15 3 21 5 19 20 12 8 26 7 6 14 1 9 11 27 28 4 2 18 17 25 16 
20 17 10 3 26 9 30 1 8 7 21 28 24 22 12 5 6 25 13 18 15 11 2 14 23 19 29 16 27 4 
