1261251484,7504809679
10,30,30
41 61 51 34 98 86 12 88 43 35 7 53 42 71 14 91 68 39 86 10 95 99 2 33 93 18 29 54 75 2 
65 55 14 88 97 24 59 27 21 18 74 9 37 12 86 88 99 61 14 16 90 97 29 93 3 30 4 74 44 58 
50 75 93 75 98 66 82 70 51 47 33 58 68 43 62 46 23 73 54 29 39 21 10 94 17 94 90 20 1 52 
76 90 92 56 55 57 36 94 46 57 41 9 52 50 85 41 50 78 76 19 29 28 14 59 59 10 63 81 33 33 
22 14 29 36 38 88 35 79 40 31 46 72 17 79 74 83 60 21 96 47 24 14 95 60 1 77 42 52 6 12 
81 84 6 22 66 89 17 97 24 43 57 6 2 7 88 47 48 45 97 63 73 86 19 2 36 60 40 1 3 75 
28 1 60 15 74 74 97 96 48 88 62 2 24 24 94 87 97 78 89 14 36 18 38 56 58 42 34 71 26 87 
68 97 81 76 55 61 6 78 2 4 54 48 21 57 23 71 12 6 25 49 54 28 91 43 13 57 52 70 45 89 
25 82 26 3 8 62 70 8 62 59 58 27 88 13 72 72 30 25 96 99 57 3 39 80 93 46 38 52 51 34 
59 5 30 57 33 39 93 38 77 43 67 42 85 35 64 29 77 82 56 14 93 99 16 70 91 54 37 12 84 27 
MACHINES
1 16 29 18 26 23 7 21 3 11 4 13 9 5 6 12 14 28 25 22 2 27 8 15 20 24 30 17 10 19 
12 21 23 13 1 26 2 29 4 22 5 3 8 28 19 27 24 14 10 20 7 16 25 6 17 9 18 11 15 30 
7 22 12 17 29 30 23 15 25 21 18 16 27 13 2 6 19 28 8 26 9 4 5 20 14 24 10 1 11 3 
15 3 16 21 9 5 2 26 1 17 4 19 8 10 18 23 30 27 22 29 7 25 6 12 14 24 13 11 20 28 
5 27 7 8 22 2 23 20 18 24 29 9 30 17 10 28 16 1 11 3 12 4 14 21 13 25 6 19 15 26 
27 18 7 3 30 15 16 5 23 1 20 24 2 13 25 26 14 12 17 8 11 6 10 4 21 9 28 19 29 22 
7 21 27 30 6 29 9 22 25 8 15 19 23 24 14 18 1 10 28 20 16 5 3 26 12 17 4 11 2 13 
26 27 6 25 14 24 22 17 23 9 20 5 12 30 4 11 28 7 29 16 3 1 15 13 2 21 8 18 19 10 
2 15 5 7 1 28 21 26 29 16 3 30 12 23 8 25 4 18 13 27 11 24 20 14 17 9 22 19 10 6 
20 12 16 27 13 4 18 8 30 3 9 28 24 10 11 14 7 2 22 23 1 26 21 29 15 5 6 19 25 17 
