4985104326,9595798613
10,30,30
27 3 69 76 81 47 2 54 94 45 26 66 67 25 41 51 84 57 71 7 65 71 61 59 31 12 18 44 48 62 
60 5 58 80 16 83 27 95 54 82 80 65 43 43 96 78 88 30 82 5 42 2 90 88 13 80 11 46 68 28 
68 61 62 31 3 61 27 84 22 63 71 18 89 31 65 88 80 45 85 47 60 30 87 29 64 24 27 54 98 33 
4 97 23 7 36 13 49 88 46 98 51 64 3 5 87 93 25 42 38 92 34 72 79 23 21 85 30 5 82 60 
27 53 69 36 5 70 60 73 95 32 56 40 12 99 78 20 40 53 21 27 67 69 47 62 75 73 13 68 9 85 
28 69 84 57 96 50 12 76 35 1 57 8 73 73 16 92 54 99 26 45 30 32 42 37 64 2 27 3 52 41 
4 75 32 29 87 6 21 92 82 52 62 6 31 90 53 44 90 52 53 95 41 10 67 55 98 56 32 89 18 55 
63 26 5 99 16 30 99 94 26 16 86 68 31 43 97 25 94 78 9 64 66 40 43 90 96 11 5 22 41 54 
5 36 45 46 27 83 8 9 76 58 82 42 68 60 49 28 52 30 95 93 12 12 88 1 1 26 98 37 3 11 
40 72 86 98 50 50 30 73 62 66 96 44 22 14 2 89 21 29 2 48 92 27 84 30 54 5 92 53 91 79 
MACHINES
9 22 14 24 30 5 26 27 17 10 21 19 4 7 1 20 6 2 11 13 16 25 12 15 8 29 23 18 3 28 
4 28 5 20 8 21 1 25 27 2 16 18 15 30 22 23 26 29 19 13 6 3 14 12 10 17 24 9 11 7 
5 6 15 7 26 12 14 25 20 28 17 29 11 13 30 18 24 2 27 3 19 4 8 23 10 9 21 16 22 1 
9 12 16 3 15 6 29 10 7 2 30 1 24 19 26 23 8 11 20 17 13 4 22 28 27 5 18 21 25 14 
27 11 22 7 19 4 5 25 3 16 30 10 1 26 23 21 2 18 15 17 13 29 14 6 24 9 12 20 28 8 
25 28 14 22 15 29 12 3 4 27 20 21 23 26 9 5 2 1 16 8 17 24 11 18 30 13 19 6 7 10 
26 13 12 15 4 30 19 3 11 8 25 10 24 7 6 17 2 23 16 29 9 21 22 18 27 20 14 1 28 5 
4 20 12 10 7 28 29 3 13 5 21 27 24 30 1 6 22 19 15 11 23 14 2 8 25 26 16 17 18 9 
9 22 30 23 29 17 12 2 13 10 28 19 14 7 20 4 11 25 6 24 15 18 27 26 3 1 16 5 21 8 
15 20 18 4 5 1 17 7 24 8 11 6 28 3 23 2 30 14 10 26 19 12 16 21 29 27 25 9 13 22 
