9332259042,5835200183
10,30,30
43 44 35 73 25 13 15 11 65 44 75 35 70 67 59 9 78 59 45 60 56 84 18 31 35 40 38 47 23 3 
66 65 66 8 63 38 11 5 43 28 46 92 85 17 63 48 65 56 96 12 14 58 91 84 99 34 39 57 10 19 
95 74 73 65 60 61 25 81 80 18 16 43 74 68 63 75 77 92 6 17 93 64 38 50 11 29 63 9 39 72 
31 87 56 25 94 37 72 33 29 82 56 30 70 61 40 80 6 60 85 86 35 53 77 26 20 4 82 35 36 36 
10 13 5 82 4 19 3 94 25 74 8 68 13 24 72 14 22 91 99 84 26 93 77 58 45 45 29 95 52 63 
74 26 50 27 54 77 49 80 58 52 41 45 34 20 60 28 64 59 59 15 82 31 35 35 22 82 16 68 64 60 
19 38 34 20 9 57 66 21 40 11 77 30 25 78 17 92 61 83 83 71 27 28 99 89 62 36 21 5 79 76 
31 72 56 95 28 76 50 70 91 31 45 13 45 25 2 87 55 8 58 12 88 17 29 38 92 14 49 6 10 25 
64 75 36 35 12 80 50 35 26 28 1 62 1 97 67 84 12 47 68 95 65 1 51 60 63 21 13 8 29 5 
69 98 58 85 66 52 91 56 48 66 9 70 32 47 63 32 44 2 52 11 12 57 54 79 96 22 26 69 66 77 
MACHINES
22 24 9 2 21 16 8 14 5 23 6 27 28 15 7 13 18 29 26 25 3 11 17 30 4 19 1 10 12 20 
14 20 9 10 6 23 18 30 11 15 28 26 2 3 19 21 13 17 16 24 25 27 1 7 5 29 12 8 4 22 
25 12 3 27 7 30 5 22 17 6 26 9 15 1 4 8 23 29 18 13 14 10 28 20 21 16 19 11 24 2 
25 2 12 24 15 23 7 30 10 14 16 13 28 21 5 20 19 11 1 22 26 9 17 27 6 29 8 3 4 18 
30 27 6 16 28 23 3 11 25 8 1 12 13 15 19 18 4 14 24 2 5 9 21 20 26 29 7 10 22 17 
25 19 10 29 27 30 3 7 5 13 4 8 21 26 15 28 20 2 9 17 6 14 18 23 22 1 24 16 11 12 
27 7 1 17 6 11 5 12 10 24 25 26 13 21 20 29 19 30 22 9 4 23 15 3 16 28 14 2 8 18 
24 23 18 14 20 16 19 11 25 15 17 13 9 6 12 27 1 22 26 5 7 10 30 28 29 4 2 21 8 3 
22 8 12 13 23 19 5 18 1 7 9 14 15 20 28 21 16 2 3 26 25 30 29 27 10 17 11 6 4 24 
27 20 6 14 21 23 29 19 2 3 18 28 9 1 10 12 22 16 8 13 17 7 4 24 15 26 5 30 25 11 
