6622193202,9826667404
15,10,10
13 14 90 22 79 10 69 97 89 29 
24 50 50 61 46 74 72 51 46 63 
83 51 8 24 31 93 32 68 6 42 
16 97 92 70 93 79 57 34 57 4 
65 33 46 25 63 70 60 46 15 64 
10 3 93 74 55 85 13 7 87 36 
39 35 8 72 58 66 88 59 75 47 
33 47 14 33 97 97 10 22 89 1 
87 99 88 33 24 1 79 60 16 2 
68 77 16 16 50 12 78 82 50 67 
75 80 98 45 14 98 33 73 5 35 
96 35 35 64 66 17 7 6 98 86 
28 24 93 17 81 93 19 19 72 22 
36 89 57 62 97 2 38 63 99 47 
4 37 11 65 70 10 31 13 73 25 
MACHINES
8 6 3 9 10 7 4 1 5 2 
6 3 2 1 5 8 10 9 7 4 
10 3 6 5 4 1 8 2 7 9 
4 10 6 1 3 2 9 5 7 8 
9 10 5 4 1 2 8 3 7 6 
5 7 1 4 9 3 8 6 10 2 
3 9 10 5 4 7 8 1 2 6 
4 1 5 3 6 9 8 2 7 10 
3 2 7 1 8 4 10 6 5 9 
8 6 5 9 4 7 1 10 3 2 
5 8 3 2 6 7 9 1 10 4 
1 10 9 2 7 4 3 8 6 5 
9 6 3 10 2 8 7 1 4 5 
1 6 7 10 2 9 3 5 8 4 
9 7 6 1 2 4 8 5 3 10 
