5384313512,7517652214
15,10,10
92 26 31 70 87 87 24 77 30 58 
91 46 95 25 6 19 14 61 78 87 
20 59 17 58 84 44 61 70 6 76 
78 55 89 56 34 77 54 41 52 84 
28 52 86 79 95 87 97 87 43 90 
92 88 78 65 10 85 55 2 31 8 
50 68 55 47 83 53 96 8 7 55 
72 57 40 90 7 23 23 5 11 14 
5 44 61 25 34 33 99 18 80 28 
15 74 53 5 42 37 8 78 95 46 
52 27 45 28 5 33 14 78 55 56 
29 83 62 87 49 29 63 59 11 1 
80 4 76 10 9 85 25 70 44 91 
8 23 43 39 58 5 30 96 72 47 
71 43 21 23 14 35 79 60 26 32 
MACHINES
7 2 3 8 5 4 10 1 6 9 
8 6 3 9 10 7 1 2 4 5 
4 9 6 8 10 3 5 2 1 7 
9 10 3 7 5 2 8 4 6 1 
8 4 6 1 7 9 2 3 10 5 
4 5 3 9 7 6 2 10 8 1 
8 4 10 3 6 1 5 2 9 7 
1 3 4 6 9 10 2 8 5 7 
3 8 5 2 6 7 4 10 1 9 
9 3 10 6 8 4 2 1 7 5 
8 1 2 9 3 6 7 5 4 10 
7 4 8 1 2 5 3 6 9 10 
2 4 10 7 9 3 6 1 5 8 
3 6 7 4 1 9 2 8 5 10 
6 8 2 10 3 9 1 7 5 4 
