2064608845,6067015479
15,10,10
70 74 77 82 9 72 77 39 4 78 
36 38 38 71 35 20 91 90 3 67 
30 45 98 74 53 94 75 28 27 23 
44 83 7 37 59 67 98 74 30 37 
85 36 57 5 88 95 79 45 63 30 
94 10 64 40 51 29 54 34 31 70 
33 92 11 34 84 6 97 69 94 87 
54 19 30 49 50 14 30 44 16 16 
43 30 24 93 95 6 34 23 45 45 
8 82 19 47 5 14 53 30 47 59 
70 58 61 9 39 98 17 45 97 21 
71 89 71 17 62 6 36 73 8 68 
92 88 43 29 35 22 10 17 89 40 
96 98 46 45 46 92 59 74 85 63 
36 84 51 81 59 53 59 83 9 48 
MACHINES
4 9 7 1 2 5 6 8 10 3 
3 2 6 5 8 7 9 1 10 4 
6 5 2 9 7 10 1 4 3 8 
5 1 3 9 8 2 10 7 6 4 
3 7 5 6 1 10 4 2 8 9 
1 7 10 4 3 9 2 5 8 6 
1 10 8 5 6 4 9 3 7 2 
7 6 8 1 3 4 9 10 2 5 
2 4 6 5 10 1 7 8 9 3 
7 10 9 1 2 3 6 4 8 5 
5 8 7 9 3 4 2 6 1 10 
2 8 6 1 9 10 7 4 3 5 
9 7 8 1 4 5 2 6 3 10 
5 6 8 7 9 3 10 1 4 2 
8 1 10 2 9 7 5 3 4 6 
