7687012126,3211424184
15,10,10
79 95 26 65 67 29 24 42 80 64 
27 82 57 84 70 15 11 37 36 8 
85 39 68 84 88 58 26 90 12 59 
24 64 2 21 56 81 64 61 16 52 
60 15 87 62 29 34 17 46 48 28 
58 60 65 30 1 23 74 56 90 18 
86 56 5 74 49 49 93 90 6 68 
31 25 39 94 52 41 38 53 5 8 
97 4 61 85 61 10 11 18 48 16 
19 47 49 39 42 36 31 63 26 36 
30 31 76 9 96 42 8 19 98 54 
98 84 32 25 58 51 74 95 84 4 
64 40 6 4 28 80 36 47 37 3 
40 50 2 55 6 39 47 76 18 21 
45 86 36 59 3 52 79 69 36 94 
MACHINES
4 6 1 8 2 3 5 9 10 7 
1 6 9 3 10 7 5 2 8 4 
1 8 7 3 10 5 2 9 6 4 
6 1 9 2 8 5 3 10 4 7 
3 6 8 1 7 9 5 4 2 10 
1 7 10 3 2 9 6 4 5 8 
7 8 3 6 5 2 4 1 9 10 
3 10 8 7 5 4 1 6 2 9 
2 5 3 7 6 1 10 9 8 4 
3 2 1 4 9 10 7 5 8 6 
6 7 1 2 10 9 8 5 4 3 
6 5 2 1 7 10 3 9 8 4 
3 7 10 8 2 9 4 6 1 5 
6 10 2 5 3 1 9 7 4 8 
10 3 5 9 1 4 2 6 8 7 
