5365020098,7690379540
15,10,10
75 67 13 56 18 63 1 4 5 13 
28 49 19 46 32 16 59 73 88 82 
21 76 76 33 20 19 28 48 58 16 
63 82 68 10 98 95 70 1 9 52 
41 13 49 70 22 8 84 49 75 5 
30 20 89 8 30 34 17 7 48 43 
10 20 86 30 56 43 3 39 63 11 
31 60 84 12 83 64 47 63 33 97 
73 53 22 49 72 50 69 91 69 69 
93 52 70 15 89 9 67 34 24 65 
47 12 38 73 64 20 73 39 50 59 
71 49 77 20 73 94 58 85 69 19 
35 55 82 64 93 7 83 49 6 96 
34 45 27 97 68 75 53 13 1 7 
97 27 59 40 20 30 69 18 27 14 
MACHINES
7 2 8 9 6 1 3 10 5 4 
4 5 8 9 7 6 3 10 1 2 
6 7 4 3 10 5 2 8 9 1 
3 7 9 10 8 6 5 1 2 4 
3 9 4 8 2 10 7 5 6 1 
4 8 6 3 7 9 10 1 5 2 
2 3 6 5 8 10 7 9 4 1 
8 7 5 4 3 2 6 1 10 9 
4 8 1 7 10 2 5 3 6 9 
6 4 1 3 7 8 5 9 2 10 
7 3 6 8 4 1 2 9 5 10 
1 4 9 7 6 8 5 2 10 3 
9 6 2 4 7 1 5 3 8 10 
2 4 3 7 8 6 1 10 5 9 
9 8 3 7 6 1 4 2 5 10 
