8531742089,1652461608
15,10,10
77 90 73 51 82 13 16 65 10 81 
64 41 3 36 41 24 42 17 78 29 
67 60 33 22 53 12 26 94 15 21 
35 28 93 64 62 12 18 92 69 29 
14 89 90 47 68 2 94 30 20 14 
18 59 2 38 40 15 6 71 65 9 
64 92 44 95 94 18 37 37 49 41 
99 62 25 60 2 73 60 26 21 82 
11 15 16 5 48 63 76 42 84 99 
79 58 20 35 10 16 73 42 75 41 
45 17 24 39 51 93 91 11 89 7 
62 18 64 76 73 10 22 32 49 88 
2 21 42 6 72 81 48 24 37 16 
85 72 28 99 69 5 13 88 52 92 
63 65 49 62 88 84 57 26 16 71 
MACHINES
6 5 3 8 2 9 7 1 10 4 
8 4 10 7 3 6 2 1 9 5 
9 7 5 3 4 1 2 6 10 8 
10 5 6 3 9 4 1 2 7 8 
9 6 5 2 10 3 8 7 4 1 
5 8 7 10 1 4 9 3 2 6 
9 10 6 2 4 7 3 8 5 1 
9 5 7 6 4 1 10 3 2 8 
6 1 9 8 4 7 3 5 2 10 
3 1 7 8 2 10 5 6 4 9 
10 2 5 3 7 1 9 4 8 6 
10 7 1 4 6 9 5 3 8 2 
10 6 8 3 7 2 4 1 9 5 
8 7 4 3 6 9 1 10 5 2 
4 9 6 3 5 8 7 1 2 10 
