7112771202,2223478833
15,10,10
76 67 1 9 30 10 36 43 71 48 
71 80 4 97 90 71 28 10 69 28 
28 2 52 48 23 46 97 17 50 64 
83 79 7 55 73 7 64 57 45 24 
6 75 57 80 27 20 88 79 65 94 
22 34 32 46 92 66 2 46 79 34 
2 23 80 70 82 6 33 23 46 69 
80 98 95 47 71 85 61 66 99 79 
70 4 91 67 27 14 90 75 41 65 
16 53 7 47 65 2 80 57 20 8 
56 45 59 3 25 68 47 21 9 37 
65 19 70 57 12 97 59 94 93 3 
56 36 24 60 72 98 71 24 24 15 
35 13 81 25 17 12 71 3 64 52 
58 47 25 52 75 91 91 31 16 4 
MACHINES
2 6 9 4 8 10 5 7 3 1 
7 2 8 5 4 10 3 1 9 6 
4 9 10 3 1 2 6 7 8 5 
7 10 4 5 2 6 3 9 1 8 
3 4 6 10 5 1 7 9 8 2 
6 5 1 10 9 3 7 8 4 2 
10 6 9 2 5 8 3 1 7 4 
5 10 8 1 6 9 7 3 2 4 
8 4 1 5 10 6 9 3 7 2 
8 1 2 4 10 6 9 7 3 5 
2 7 9 4 5 6 8 1 3 10 
10 2 1 3 5 4 8 6 9 7 
3 9 5 6 4 2 1 8 10 7 
2 7 5 9 10 6 8 1 3 4 
5 10 9 3 6 4 7 8 2 1 
