1484751701,5242030998
15,10,10
7 85 20 78 24 3 49 27 23 14 
99 25 58 6 11 11 62 74 38 5 
34 77 95 4 53 84 8 55 76 58 
55 64 31 16 7 97 40 57 15 71 
3 43 89 51 63 53 70 15 24 31 
43 88 87 43 2 96 81 66 45 38 
46 45 43 95 13 96 81 50 9 34 
81 57 10 38 85 29 46 13 79 88 
61 96 94 58 59 18 50 18 87 93 
32 97 96 61 95 83 90 16 40 25 
28 18 38 81 87 56 92 6 16 91 
98 65 50 39 30 34 68 68 30 73 
26 31 19 48 52 79 33 40 45 64 
90 36 36 91 36 91 27 58 28 7 
98 2 99 21 41 93 5 92 45 54 
MACHINES
3 8 6 7 10 4 5 2 9 1 
9 10 3 2 8 6 1 5 4 7 
8 9 5 3 4 10 6 2 7 1 
6 10 9 7 1 8 2 4 5 3 
7 8 5 1 3 4 6 2 9 10 
3 8 9 1 5 6 10 4 2 7 
7 3 4 2 5 1 10 8 9 6 
7 8 5 6 10 9 1 2 4 3 
7 8 6 1 9 2 10 5 4 3 
5 8 7 3 1 4 6 9 2 10 
7 9 3 2 1 4 5 8 10 6 
5 4 3 8 6 10 1 9 2 7 
2 6 7 1 3 10 9 5 8 4 
4 3 6 9 8 10 7 1 2 5 
6 3 5 10 7 9 4 8 2 1 
