8461360934,4437444318
15,10,10
8 60 62 85 47 25 91 56 32 17 
70 91 56 42 66 16 90 66 87 8 
21 22 28 79 37 9 94 68 35 16 
81 39 48 66 34 71 42 96 36 56 
24 71 27 38 61 29 89 79 48 32 
86 15 69 48 8 39 85 29 52 15 
35 58 49 2 87 1 34 84 78 76 
76 5 31 61 13 94 47 94 81 69 
36 63 85 47 43 66 79 71 21 61 
29 88 91 59 9 5 83 57 46 61 
42 15 94 55 86 21 3 56 84 88 
92 98 26 51 48 9 15 68 22 12 
38 12 22 22 93 17 4 49 74 17 
85 5 89 85 80 17 8 26 60 53 
59 30 74 67 91 2 98 88 8 17 
MACHINES
8 10 1 3 4 7 2 6 5 9 
6 2 3 1 4 9 8 7 10 5 
8 10 2 4 3 9 5 6 7 1 
6 10 7 4 3 1 9 2 5 8 
8 6 1 7 2 3 5 10 9 4 
7 5 4 3 10 2 8 1 9 6 
4 10 8 1 7 9 5 3 6 2 
3 5 6 1 10 7 2 8 4 9 
9 7 8 6 1 3 2 10 5 4 
4 9 10 8 2 5 6 1 7 3 
6 3 10 7 2 1 9 8 4 5 
3 7 4 5 2 1 10 9 6 8 
10 6 5 2 3 7 4 8 9 1 
6 3 2 8 9 5 4 10 1 7 
8 3 9 6 2 1 10 5 7 4 
