7860304964,9587322674
15,10,10
92 75 8 23 21 76 72 61 5 48 
5 18 10 15 85 98 60 21 5 34 
99 10 52 62 36 93 37 21 31 91 
77 95 2 48 1 56 36 81 12 54 
28 37 95 33 27 67 54 64 78 59 
44 72 31 28 8 92 45 53 28 73 
26 33 44 56 67 37 66 36 25 97 
92 76 46 41 6 40 12 65 42 71 
66 2 21 16 91 62 20 69 96 45 
47 81 39 47 69 3 2 4 69 56 
79 57 48 31 72 63 25 81 13 84 
81 86 92 66 73 46 52 19 73 9 
72 15 26 92 25 14 30 39 27 58 
81 75 33 5 89 88 88 79 21 56 
10 76 72 2 73 18 40 92 4 34 
MACHINES
7 2 9 8 10 1 4 5 6 3 
4 8 10 3 6 5 7 2 1 9 
5 2 7 1 10 6 8 9 4 3 
8 10 2 1 6 5 9 7 4 3 
8 2 7 6 4 1 3 9 5 10 
5 10 1 7 6 2 3 8 4 9 
4 2 8 1 9 6 3 7 10 5 
7 10 4 6 3 1 5 2 9 8 
5 3 2 7 9 1 8 4 10 6 
6 1 7 8 5 3 4 9 10 2 
4 5 6 7 10 1 3 9 8 2 
10 6 5 2 8 4 9 3 1 7 
9 10 5 4 3 7 6 2 1 8 
7 3 2 5 9 6 8 1 10 4 
8 3 10 6 9 4 1 7 2 5 
