7564651794,2254697646
15,15,15
10 29 26 78 6 98 44 8 18 21 35 40 78 23 68 
99 39 33 20 59 84 89 20 42 16 43 70 97 63 69 
61 86 1 33 44 99 78 9 26 87 83 40 49 74 82 
18 4 20 11 1 35 97 89 70 14 82 22 21 50 75 
73 14 8 44 41 81 93 50 35 28 96 87 86 31 54 
21 83 18 35 51 20 26 71 97 12 38 34 28 4 43 
46 49 45 20 5 14 32 85 75 89 90 28 91 27 47 
32 81 19 73 98 56 53 15 44 30 18 1 70 76 33 
86 40 22 52 61 12 12 78 78 55 96 31 92 28 26 
90 56 27 3 90 92 96 55 44 69 88 83 59 30 40 
63 46 71 18 22 71 27 99 83 38 3 85 1 18 67 
62 22 79 69 38 9 58 47 39 1 27 92 68 6 70 
30 89 15 23 50 5 42 10 20 59 82 69 67 2 70 
75 87 35 55 81 92 93 63 42 37 12 89 78 6 38 
25 12 38 8 52 56 34 63 51 96 32 16 17 82 97 
MACHINES
12 2 4 7 8 1 11 10 9 5 13 15 3 6 14 
12 6 4 7 15 1 2 8 9 11 14 5 13 10 3 
8 6 7 13 4 11 2 12 3 15 9 5 1 10 14 
13 8 7 3 12 11 2 10 1 6 5 4 14 9 15 
14 13 15 12 4 8 7 6 1 10 3 5 9 11 2 
14 13 6 11 8 10 3 15 7 5 2 9 1 4 12 
8 4 12 9 10 2 1 11 13 15 14 3 6 7 5 
6 1 7 11 13 5 8 12 4 14 2 3 10 9 15 
7 11 12 9 10 2 5 14 1 8 4 6 13 3 15 
1 15 5 8 4 11 7 9 6 14 12 13 3 10 2 
2 12 3 10 9 7 13 4 5 15 6 8 14 1 11 
11 12 8 13 10 15 1 9 7 2 14 5 3 4 6 
6 12 10 2 14 8 4 15 9 11 3 5 7 1 13 
2 6 13 9 15 4 8 5 7 1 10 3 12 14 11 
3 9 14 8 6 11 15 7 2 4 13 12 1 10 5 
