3167970709,4866503504
15,15,15
6 90 11 12 68 50 65 38 26 26 89 70 56 3 28 
93 32 17 88 10 57 16 24 84 63 48 12 36 77 83 
34 87 30 28 56 59 39 35 30 24 40 72 58 71 95 
7 88 23 83 78 33 37 66 61 66 27 19 90 51 23 
76 12 16 6 33 36 97 86 40 93 28 38 99 42 65 
54 50 24 27 58 36 63 84 60 3 10 62 28 22 30 
2 39 51 47 64 59 81 55 7 24 81 39 27 5 11 
2 10 50 64 99 93 67 75 21 79 80 32 47 20 93 
16 29 56 53 39 89 86 11 14 24 35 8 18 71 52 
70 69 56 17 68 47 67 27 34 46 85 67 99 83 6 
67 20 23 64 66 73 3 19 16 42 22 5 6 97 62 
27 3 44 32 26 7 43 13 68 68 89 48 30 92 55 
97 52 38 71 60 68 11 49 7 96 18 32 76 39 72 
57 91 50 34 88 84 66 66 26 94 22 36 38 22 11 
57 83 62 49 23 72 94 19 6 13 69 98 52 5 28 
MACHINES
11 15 6 1 14 13 8 4 7 9 12 3 2 5 10 
1 3 8 15 11 5 6 14 4 10 7 12 2 13 9 
12 4 8 5 13 6 11 7 15 14 2 9 3 1 10 
3 12 7 13 6 15 9 1 14 11 8 5 10 4 2 
5 9 4 13 6 15 2 10 1 8 11 12 3 7 14 
6 8 2 5 4 12 14 7 13 9 15 3 10 11 1 
6 8 5 2 1 13 14 4 15 7 3 10 11 9 12 
6 14 12 1 4 5 2 15 11 13 3 7 10 9 8 
5 4 15 2 1 14 11 10 12 6 3 8 13 7 9 
3 2 4 15 9 13 5 8 11 6 12 1 7 10 14 
14 8 15 9 13 12 5 10 7 2 1 3 4 6 11 
13 15 1 10 6 5 9 14 8 7 11 3 12 4 2 
9 14 15 10 7 5 11 4 13 2 6 8 1 3 12 
14 6 15 4 8 13 3 1 7 9 11 10 2 5 12 
6 4 11 7 15 12 5 10 8 9 14 2 1 13 3 
