6771618320,2022501807
15,15,15
84 21 52 60 38 1 31 57 30 4 71 10 7 2 48 
19 7 52 48 17 74 74 46 88 8 83 74 88 94 32 
61 56 93 74 67 47 73 67 5 71 53 34 42 57 73 
61 72 21 57 52 31 98 77 27 84 72 28 62 51 90 
95 29 41 99 42 99 78 85 16 88 99 52 77 68 1 
22 96 56 33 57 63 68 50 70 89 27 55 67 28 76 
2 91 43 27 80 2 7 90 77 62 49 32 34 44 42 
89 81 95 47 52 36 63 21 62 84 87 6 22 17 82 
30 5 35 65 72 22 79 19 47 45 98 64 64 53 43 
95 24 78 41 22 12 91 29 17 68 50 2 47 80 76 
71 89 96 67 34 97 24 8 64 32 2 62 73 19 62 
2 56 9 84 84 95 98 13 52 87 95 8 55 96 86 
27 61 6 17 1 89 45 37 2 72 6 76 85 55 60 
95 53 4 17 15 75 97 9 34 51 59 98 86 36 36 
20 56 68 18 60 22 21 40 35 24 67 10 17 80 67 
MACHINES
3 15 9 13 6 10 7 12 8 14 5 2 4 11 1 
5 11 13 3 6 15 4 14 2 7 8 12 1 10 9 
13 2 3 10 12 15 9 8 1 14 7 11 5 6 4 
9 10 12 15 11 6 4 1 8 13 14 7 2 3 5 
5 14 9 4 1 12 2 3 8 7 11 6 15 10 13 
14 3 11 13 15 6 7 4 9 1 5 10 8 12 2 
14 5 2 7 12 1 8 3 13 15 4 10 6 11 9 
12 2 1 8 7 9 3 14 6 13 5 4 11 15 10 
10 14 13 11 7 15 2 5 1 6 3 8 12 4 9 
15 13 3 12 11 10 9 14 5 2 7 6 4 8 1 
14 8 4 13 9 15 2 5 6 11 7 10 12 3 1 
6 10 14 4 2 1 7 9 5 12 13 8 3 15 11 
10 5 9 3 15 1 6 13 7 2 8 11 12 4 14 
5 3 8 1 2 9 7 14 6 13 12 4 15 10 11 
12 5 2 7 4 1 10 9 8 13 3 6 11 14 15 
