2700538217,5156767561
15,15,15
76 94 42 15 45 24 81 26 92 29 77 14 15 9 36 
5 40 93 20 14 26 88 8 58 17 22 41 31 80 51 
77 11 2 59 67 72 72 75 46 97 57 1 34 73 68 
33 70 62 17 91 23 63 43 37 9 77 58 43 75 65 
52 40 12 87 57 1 39 4 67 71 97 73 47 49 33 
95 45 54 48 4 39 17 20 39 96 63 1 94 97 97 
50 82 48 63 25 38 9 76 13 61 60 11 44 86 29 
61 77 35 79 68 2 35 49 27 12 89 59 30 99 11 
42 7 90 92 59 65 4 61 52 38 46 66 48 94 67 
6 23 64 63 10 68 73 74 82 21 71 89 85 47 5 
49 92 30 74 21 3 33 34 48 27 48 10 40 70 89 
17 44 40 7 59 45 71 90 43 40 58 48 68 93 2 
24 62 10 94 29 93 83 40 77 45 57 30 7 28 82 
60 76 57 55 19 87 38 29 97 49 10 38 64 79 34 
20 65 12 77 39 18 58 36 66 71 41 16 5 10 42 
MACHINES
7 14 10 9 4 12 15 8 13 5 3 11 6 1 2 
10 2 3 14 15 6 8 5 12 4 13 9 1 11 7 
8 3 10 6 4 13 1 7 9 12 14 2 5 11 15 
12 7 10 8 4 13 14 9 11 6 5 1 2 15 3 
15 10 1 5 4 7 6 9 14 2 11 13 3 8 12 
1 12 3 13 9 6 15 4 2 10 5 11 7 14 8 
4 10 3 12 7 15 2 14 5 1 11 9 8 6 13 
9 6 14 4 3 8 1 13 5 10 15 2 7 11 12 
8 15 3 11 10 13 12 2 9 1 7 4 5 14 6 
10 13 12 8 2 11 5 3 4 7 15 14 6 9 1 
8 13 6 15 3 2 11 4 1 12 7 9 10 14 5 
4 7 14 12 9 3 2 10 1 5 13 11 6 15 8 
9 10 12 14 13 11 3 6 15 7 5 1 2 4 8 
5 4 11 10 12 1 8 15 13 6 2 9 3 7 14 
4 12 9 10 13 5 8 15 14 11 6 7 3 1 2 
