1352418571,6044483307
15,15,15
36 67 69 17 6 67 39 82 58 68 59 35 27 97 59 
33 56 5 63 88 52 57 96 60 61 10 2 74 21 15 
91 51 8 78 96 63 96 57 47 60 19 31 12 79 30 
14 68 26 76 44 77 79 21 20 21 41 19 50 97 86 
25 28 77 24 8 43 16 50 85 3 16 23 51 70 12 
92 14 50 82 83 63 9 47 67 25 48 94 31 61 49 
96 63 24 13 14 12 72 83 37 66 11 95 7 59 42 
47 32 57 23 43 74 18 6 3 91 67 6 1 16 19 
1 51 90 22 14 6 82 65 17 94 80 52 4 38 20 
94 69 73 86 44 66 83 6 34 2 8 11 59 52 63 
41 78 31 99 62 66 94 35 51 90 84 57 99 20 20 
96 62 87 88 5 52 19 57 2 13 10 75 36 37 40 
11 78 66 25 24 84 39 83 12 89 12 46 46 99 83 
25 70 63 79 19 14 42 4 32 19 17 27 7 39 15 
36 77 87 23 91 25 97 97 10 22 62 39 69 64 1 
MACHINES
8 1 4 3 14 5 12 10 7 13 6 11 15 9 2 
8 15 2 9 1 3 4 13 5 6 7 12 14 10 11 
11 1 2 13 10 6 15 3 14 7 9 12 8 5 4 
15 13 10 3 11 7 1 14 9 6 5 4 2 12 8 
6 1 11 8 7 10 4 5 13 15 14 2 3 9 12 
14 8 11 7 10 2 6 15 13 3 1 5 9 12 4 
4 3 1 15 11 12 14 5 6 9 2 8 13 10 7 
6 11 1 9 7 13 12 5 3 14 4 10 15 8 2 
2 7 3 5 13 10 6 14 12 11 8 4 1 15 9 
6 2 9 13 5 7 14 8 15 11 1 10 12 4 3 
8 14 10 5 13 9 2 11 15 12 4 1 3 7 6 
1 14 6 3 7 8 11 15 4 5 12 10 9 2 13 
5 9 8 1 12 6 4 2 7 10 15 14 11 3 13 
6 12 8 7 9 15 11 5 14 2 1 10 13 3 4 
14 2 1 4 7 13 10 11 12 6 5 3 8 9 15 
