6012080347,7973841368
15,15,15
23 55 99 37 20 84 91 64 99 3 21 81 21 11 12 
26 86 67 13 65 69 24 60 95 77 70 33 89 72 83 
31 45 4 91 54 71 61 7 1 96 51 36 72 82 39 
33 66 40 45 84 19 60 52 56 7 74 91 96 1 42 
36 22 66 99 22 54 56 63 44 78 69 9 46 68 43 
19 29 21 14 73 91 7 83 66 84 54 34 6 8 69 
46 72 57 5 55 57 17 48 54 72 57 74 23 67 34 
86 90 4 44 35 14 20 18 93 9 76 58 16 63 26 
50 86 19 39 46 41 79 77 5 45 85 53 7 23 86 
58 13 93 59 21 30 69 67 3 50 50 35 83 36 29 
42 1 88 82 43 17 5 34 33 8 8 34 59 83 14 
62 48 2 74 72 22 24 53 81 34 34 4 23 51 24 
22 32 57 72 60 91 97 98 34 72 54 70 43 44 46 
26 9 92 18 41 72 67 43 38 92 82 51 6 22 63 
34 66 44 82 71 61 43 62 27 45 96 94 78 90 25 
MACHINES
12 15 11 7 3 2 1 4 5 10 9 13 14 8 6 
3 14 1 11 10 7 2 5 9 6 15 13 4 12 8 
7 14 5 4 6 1 13 2 3 11 10 8 9 15 12 
6 4 10 11 1 7 2 13 14 12 3 15 5 9 8 
5 3 15 11 7 12 10 9 14 8 4 1 13 2 6 
7 6 5 11 12 13 14 15 9 4 3 2 1 8 10 
10 1 5 14 9 2 7 3 12 13 15 8 6 4 11 
8 10 4 1 5 3 2 14 9 11 6 13 12 15 7 
12 1 15 6 13 7 8 11 10 9 3 4 5 14 2 
6 2 12 1 4 15 14 5 10 11 3 7 13 8 9 
12 7 4 9 2 3 15 11 6 14 1 5 10 8 13 
10 2 3 11 6 13 1 9 14 4 7 12 15 5 8 
4 8 10 15 6 5 7 3 12 2 14 13 9 1 11 
11 5 14 15 13 7 1 4 6 9 8 2 12 10 3 
3 13 2 8 1 4 9 10 12 14 6 5 11 7 15 
