2538024608,4228440916
15,15,15
34 39 71 95 38 40 8 24 53 9 83 10 28 70 6 
71 38 55 49 5 26 93 23 5 59 96 91 93 54 46 
33 11 93 82 31 80 50 9 28 49 71 26 2 95 3 
48 98 15 67 86 67 2 15 63 19 5 67 57 15 65 
42 20 67 96 90 33 91 14 25 15 54 26 42 43 64 
49 90 96 34 19 37 63 31 40 12 61 67 19 35 4 
37 8 92 67 37 95 89 11 35 78 62 27 21 76 70 
96 30 44 84 18 95 25 28 61 85 45 40 31 53 67 
47 9 41 76 72 45 73 12 39 76 92 38 1 24 19 
66 17 65 75 6 55 27 76 18 42 43 28 83 38 43 
65 37 95 5 52 24 3 42 81 32 50 78 39 41 95 
97 88 14 32 89 17 69 25 82 41 67 18 10 27 51 
63 97 62 67 22 63 27 9 18 15 20 20 21 75 47 
77 38 8 3 90 34 6 34 42 26 91 98 94 41 62 
82 64 81 97 99 52 85 96 82 53 97 42 65 76 3 
MACHINES
8 4 11 7 14 6 12 15 9 5 1 2 3 10 13 
9 8 3 12 4 5 7 2 14 13 11 15 6 10 1 
15 14 7 13 11 3 9 8 1 4 2 12 5 6 10 
9 13 5 1 2 7 12 14 3 11 10 4 15 6 8 
1 4 11 9 3 8 12 15 6 14 2 10 7 5 13 
13 8 4 1 14 15 9 10 6 11 3 2 7 12 5 
14 6 2 15 11 10 8 1 5 12 4 9 7 3 13 
3 12 15 10 13 8 1 6 7 14 5 9 11 2 4 
8 3 2 6 9 15 12 10 5 14 13 4 1 11 7 
12 3 14 5 1 4 9 11 6 13 7 15 2 10 8 
9 14 4 11 1 6 5 8 15 13 10 12 7 2 3 
13 9 7 11 3 5 15 8 4 10 1 6 14 2 12 
6 12 8 11 4 13 9 2 15 1 14 5 3 10 7 
7 6 15 10 3 5 4 9 11 12 2 13 8 1 14 
12 5 14 8 11 7 15 4 1 3 2 6 9 13 10 
