3600937029,7662210400
15,15,15
29 31 2 78 28 66 62 78 48 9 56 98 3 83 4 
26 63 45 73 47 35 9 26 44 59 68 40 68 46 14 
71 54 56 56 32 9 31 13 23 36 45 55 49 71 27 
26 4 52 52 6 59 23 59 80 79 70 89 45 18 41 
49 15 26 71 78 4 15 77 79 9 6 65 81 66 34 
18 41 87 46 27 31 72 72 73 71 82 28 77 77 61 
76 97 5 37 63 9 75 32 29 57 56 26 87 67 9 
80 47 56 10 33 72 5 71 38 57 22 87 64 55 38 
81 57 64 71 93 58 50 45 87 31 20 4 93 9 28 
45 43 30 81 93 92 28 16 30 25 8 69 16 23 40 
59 94 80 43 52 81 33 45 11 99 3 36 3 29 89 
32 80 30 30 27 17 4 1 5 75 15 87 99 44 55 
66 75 85 49 65 60 62 4 33 74 91 56 55 12 87 
90 60 36 11 43 83 98 77 38 15 39 51 7 11 64 
60 15 7 79 63 9 84 84 10 17 22 60 62 18 87 
MACHINES
4 2 3 8 5 14 11 13 12 6 1 10 9 15 7 
7 3 13 1 6 11 5 4 15 14 9 2 12 10 8 
12 9 6 15 11 3 7 4 13 2 14 10 5 1 8 
6 4 2 9 10 7 11 14 8 1 13 3 12 5 15 
9 11 2 7 10 5 8 15 12 14 1 3 4 13 6 
1 5 9 13 8 4 2 7 15 10 3 12 14 6 11 
11 7 8 3 12 5 6 15 10 4 13 14 9 2 1 
3 11 4 5 14 2 8 1 7 9 13 15 12 6 10 
9 2 4 12 13 14 5 3 8 11 6 7 15 1 10 
8 13 11 7 15 5 6 1 9 4 12 2 10 14 3 
4 12 6 15 7 2 14 9 10 1 8 13 5 3 11 
9 7 8 15 2 13 1 5 4 10 11 3 6 12 14 
4 11 14 1 12 15 7 8 13 6 5 10 3 9 2 
8 6 1 2 5 3 11 9 10 12 15 13 4 7 14 
10 12 11 4 2 13 9 5 15 7 1 3 8 14 6 
