4327000281,1305962732
15,15,15
94 17 88 32 89 18 52 30 1 96 84 31 61 91 96 
63 21 30 75 13 77 70 59 61 6 94 98 51 58 37 
78 24 63 99 96 69 49 74 53 53 94 12 31 42 83 
28 8 65 24 60 18 98 1 21 88 35 68 39 38 66 
97 97 35 44 12 7 76 28 17 74 45 11 89 8 54 
42 26 20 30 8 4 42 51 1 24 94 8 32 17 72 
53 41 30 44 16 46 91 70 63 2 84 91 34 42 24 
52 41 37 66 12 13 72 58 66 61 81 24 56 2 25 
64 64 6 98 17 72 44 5 29 66 40 95 12 76 51 
53 8 7 59 35 54 17 57 86 97 95 17 34 68 46 
93 74 78 81 31 70 15 52 74 69 77 15 68 38 40 
11 73 11 86 88 96 36 59 11 65 19 87 75 84 66 
92 72 92 17 44 82 1 45 20 19 8 98 89 82 22 
5 65 25 67 41 58 43 78 79 76 4 41 4 24 1 
55 12 75 31 93 64 78 22 11 86 50 24 76 40 94 
MACHINES
11 5 9 12 15 13 4 6 2 7 1 3 8 10 14 
7 8 14 10 4 13 5 9 2 1 3 12 11 15 6 
5 14 7 1 9 12 3 10 13 15 4 2 11 8 6 
15 11 1 13 14 8 10 7 6 12 3 9 4 5 2 
12 6 1 4 15 13 11 2 5 7 9 8 10 14 3 
2 10 1 9 7 14 11 6 13 3 5 4 12 8 15 
8 5 14 13 12 9 15 10 4 11 2 7 6 3 1 
2 5 9 13 6 14 4 3 10 11 15 8 1 7 12 
5 9 1 12 14 13 15 6 11 7 4 8 2 3 10 
11 15 13 9 6 10 1 8 4 12 7 2 3 5 14 
14 4 5 13 12 2 15 6 8 7 10 11 3 1 9 
8 3 14 12 6 11 13 7 9 5 4 10 2 1 15 
6 8 2 15 11 12 5 4 3 9 7 10 1 14 13 
7 4 10 9 12 5 11 15 3 1 2 8 6 13 14 
10 5 11 15 2 12 14 13 8 7 6 1 9 3 4 
