2623580168,9255868209
15,15,15
84 56 26 13 56 80 62 8 27 71 13 46 86 75 21 
79 57 2 65 27 69 15 46 5 37 86 70 41 5 57 
92 49 41 48 75 74 30 87 69 88 61 91 44 10 63 
23 97 66 65 61 90 14 60 60 57 89 55 32 37 94 
53 18 84 72 29 52 41 23 83 70 69 61 58 8 10 
96 94 63 6 73 29 52 76 62 37 85 68 84 39 76 
79 18 15 10 44 62 68 24 31 49 3 53 54 60 95 
15 30 34 95 67 24 59 21 33 17 19 81 65 76 77 
37 53 13 98 65 73 71 94 58 38 44 85 58 29 68 
70 33 11 18 73 46 33 88 24 85 43 92 93 85 74 
21 22 3 10 34 92 76 29 79 8 54 77 74 35 29 
14 61 18 32 51 79 72 16 6 25 36 44 87 47 38 
32 49 4 99 10 87 15 26 57 71 89 1 25 71 28 
86 14 61 18 6 27 29 13 10 70 75 94 99 23 99 
26 28 80 20 56 33 75 74 50 61 22 86 9 86 29 
MACHINES
2 6 4 5 7 14 8 15 12 3 10 1 9 11 13 
4 13 11 9 2 6 7 12 10 14 15 1 3 5 8 
6 2 5 14 9 7 8 4 12 10 15 11 3 1 13 
15 13 3 9 1 7 4 2 10 14 5 8 12 6 11 
15 1 12 8 5 7 2 3 9 10 6 4 13 11 14 
7 6 8 15 2 12 3 10 14 9 11 4 5 1 13 
6 3 8 15 1 11 9 14 5 7 13 10 4 2 12 
10 2 9 4 1 7 14 6 3 8 11 5 13 12 15 
11 14 10 7 1 13 9 12 2 6 3 15 8 5 4 
2 15 10 9 12 8 3 14 11 6 7 1 4 13 5 
5 14 6 11 1 7 15 13 9 12 3 4 10 2 8 
15 9 6 12 13 10 2 4 11 3 14 5 8 7 1 
5 2 10 12 13 14 15 11 3 7 8 9 1 4 6 
8 6 12 2 13 5 11 9 14 4 1 7 15 3 10 
13 5 1 3 9 14 15 10 12 8 4 11 7 6 2 
