2789943406,9953061331
15,20,20
33 73 83 51 11 51 48 44 22 94 82 52 79 42 45 31 98 50 23 52 
61 58 88 63 49 39 1 27 40 23 75 36 44 97 91 60 54 9 53 32 
52 48 41 66 80 88 6 68 78 99 10 85 35 85 12 79 72 23 30 55 
30 28 83 99 66 72 30 48 18 69 32 9 97 39 38 66 69 59 96 26 
30 13 95 42 83 81 31 77 36 52 13 93 79 1 50 67 61 16 15 39 
22 52 50 25 69 42 22 55 26 13 12 5 78 84 38 48 65 50 47 68 
25 54 28 65 75 74 98 92 2 22 36 84 12 22 48 97 95 29 18 64 
61 83 55 39 37 73 15 74 36 53 18 94 17 56 18 68 39 57 4 27 
77 97 17 74 58 91 54 94 58 76 62 58 98 91 8 45 78 18 20 26 
98 57 20 83 70 82 58 10 41 32 1 21 16 42 21 13 5 26 94 90 
8 2 99 78 45 65 40 95 44 77 89 52 51 73 80 93 37 84 84 25 
4 6 64 67 33 31 54 10 42 58 48 95 3 57 12 82 79 92 32 21 
47 6 42 35 38 45 50 95 70 44 32 33 93 5 15 42 96 40 17 60 
43 47 34 58 51 66 17 41 85 90 46 93 51 45 36 80 28 55 34 21 
52 38 75 70 57 11 26 39 64 72 64 24 88 28 18 92 46 17 34 28 
MACHINES
3 14 6 7 20 4 18 13 11 17 8 9 12 19 15 1 2 5 16 10 
11 7 3 6 13 12 14 20 15 5 2 19 10 1 16 8 9 4 17 18 
19 3 1 7 13 18 17 15 8 9 5 4 10 16 11 20 2 12 14 6 
14 8 12 3 13 20 6 18 16 10 15 19 2 17 7 4 5 1 9 11 
5 20 12 19 1 14 7 17 9 3 6 4 18 11 10 8 15 16 2 13 
14 17 20 15 11 6 3 8 10 5 2 13 16 18 4 1 9 7 12 19 
16 6 19 5 10 14 20 18 7 11 4 2 12 1 8 3 15 9 13 17 
8 9 6 19 16 13 2 11 3 5 17 10 15 7 18 14 1 20 4 12 
7 9 14 4 8 18 2 5 13 20 3 12 1 6 10 11 15 16 19 17 
16 15 10 2 13 6 1 12 19 17 11 3 7 5 18 14 20 8 4 9 
8 1 19 10 20 7 4 16 14 15 6 2 13 3 18 5 11 9 12 17 
1 20 5 19 8 10 11 3 17 16 4 15 14 9 13 6 18 12 2 7 
16 2 13 10 11 5 17 20 19 3 9 12 8 1 7 4 14 18 6 15 
18 4 10 20 5 9 12 13 8 17 11 7 1 15 6 3 19 14 2 16 
18 8 9 16 14 13 15 7 20 3 10 1 2 12 4 17 5 6 19 11 
