8303566239,5481500311
15,20,20
25 61 60 78 56 95 41 64 85 79 3 3 15 61 13 50 55 11 85 74 
83 39 99 22 48 22 29 21 95 52 44 58 39 65 28 61 62 98 2 21 
25 46 60 76 14 98 71 43 63 80 31 45 16 62 80 86 29 91 92 29 
98 45 28 20 87 36 12 50 91 71 81 85 45 42 29 91 55 30 99 57 
79 34 47 59 74 96 16 9 52 49 66 43 26 47 47 84 92 86 57 46 
18 95 67 56 18 39 12 90 45 56 84 68 64 12 82 87 55 78 27 53 
67 41 57 63 42 5 28 1 46 31 41 92 79 64 40 3 99 52 53 33 
42 32 73 2 48 24 29 90 80 7 15 99 53 43 74 68 13 78 20 67 
22 69 35 83 57 10 24 71 75 98 4 80 23 27 33 10 6 41 10 48 
93 41 45 7 79 65 24 73 78 33 49 2 82 91 59 90 19 64 69 54 
49 50 8 96 88 35 29 47 69 26 62 13 8 82 46 56 34 89 83 51 
69 3 67 73 52 99 64 73 9 58 67 12 74 7 34 64 1 13 15 97 
64 53 13 89 93 65 85 58 93 85 55 45 89 10 60 97 52 90 94 52 
31 47 87 54 76 31 33 40 59 56 89 91 22 6 28 31 22 74 5 8 
76 72 57 63 77 93 32 56 36 38 69 51 89 13 29 66 7 55 8 73 
MACHINES
16 1 9 20 18 10 19 5 8 2 13 12 7 11 4 6 15 3 14 17 
16 6 2 3 14 19 7 13 20 11 18 10 17 12 9 5 15 8 4 1 
4 15 5 9 11 16 2 3 1 13 20 10 8 14 7 12 18 17 19 6 
11 13 16 10 4 5 19 17 14 1 20 9 15 7 8 6 2 18 3 12 
10 8 13 4 1 17 11 16 12 9 6 20 5 2 14 7 15 19 18 3 
13 15 9 18 20 2 17 5 1 3 6 8 12 14 11 7 4 10 16 19 
11 10 7 3 20 4 18 5 12 1 16 17 14 6 2 9 19 15 13 8 
13 16 11 2 17 18 9 1 3 10 5 14 12 6 20 8 4 7 19 15 
18 4 20 7 2 17 3 14 10 8 19 13 11 6 16 1 12 15 9 5 
15 7 6 2 3 1 16 12 5 10 11 9 4 20 18 8 14 13 19 17 
9 8 3 4 13 14 17 20 18 19 11 6 1 5 12 16 2 7 15 10 
16 10 12 8 19 1 13 6 15 17 2 7 4 20 3 18 11 14 5 9 
17 13 14 20 7 11 6 18 10 3 1 9 4 19 15 16 8 5 12 2 
2 20 8 15 12 16 7 4 5 13 19 9 3 11 6 18 17 10 14 1 
1 17 9 19 3 20 16 7 2 4 13 8 14 18 10 6 15 12 5 11 
