9252468434,3182355146
15,20,20
29 99 43 54 60 38 50 17 77 33 80 57 35 84 40 10 16 50 24 54 
20 31 27 3 39 92 36 74 1 56 42 86 97 45 29 62 8 46 73 81 
85 54 22 23 9 64 54 33 10 55 75 77 60 91 67 9 45 85 6 44 
74 36 34 6 44 46 14 93 6 2 74 55 1 99 41 8 35 30 2 83 
41 17 80 54 74 56 72 23 42 71 40 52 90 64 23 24 73 87 24 50 
61 55 42 28 11 1 51 34 25 2 74 34 36 55 78 2 55 8 63 1 
9 10 54 42 36 9 13 17 33 18 14 78 45 57 77 83 40 29 91 23 
83 39 13 21 79 97 46 47 27 94 77 1 18 34 58 19 76 73 20 6 
93 22 39 54 49 50 16 40 40 16 21 42 59 65 17 40 16 51 70 62 
57 15 40 23 87 96 15 87 49 83 37 95 6 36 14 65 48 90 38 95 
33 20 10 3 75 80 54 10 16 1 56 56 2 86 43 72 6 35 87 57 
46 20 47 1 39 24 8 89 23 53 67 12 79 22 51 9 42 17 17 38 
85 19 44 96 21 49 44 4 86 78 51 98 18 42 8 11 22 35 61 85 
31 49 83 59 92 92 47 60 99 7 22 47 62 62 17 45 42 21 80 17 
39 59 20 97 23 24 28 5 9 18 84 36 70 40 7 64 51 16 71 48 
MACHINES
5 14 6 18 4 1 2 3 12 11 7 17 8 16 19 9 15 20 13 10 
7 10 2 9 3 14 17 8 18 13 20 1 15 19 11 12 6 16 5 4 
20 2 15 16 6 14 7 5 10 9 12 17 13 3 11 1 4 8 19 18 
12 18 8 1 6 20 5 2 16 14 13 3 19 9 15 11 7 10 17 4 
15 10 5 12 4 19 20 11 14 8 17 6 1 7 16 3 9 13 18 2 
9 16 4 13 14 12 6 8 17 5 1 20 7 2 15 3 11 19 10 18 
14 13 5 3 10 18 19 4 11 1 6 12 8 17 2 7 9 15 20 16 
20 7 5 8 17 15 6 14 18 12 19 1 9 3 16 4 10 13 2 11 
7 18 5 20 3 1 12 16 14 15 9 8 17 13 10 4 2 19 6 11 
18 14 11 15 7 17 5 12 19 20 3 9 6 1 13 10 16 8 4 2 
4 14 12 6 10 17 11 19 5 13 15 3 7 9 1 18 20 16 8 2 
16 17 3 10 19 18 20 13 9 12 7 5 4 14 15 11 2 6 1 8 
3 6 7 4 2 11 12 16 5 1 18 13 17 15 14 8 19 10 20 9 
18 13 8 1 19 6 15 2 5 12 11 10 17 16 20 4 9 3 7 14 
16 7 1 15 17 12 19 3 10 2 5 13 11 18 9 20 8 4 14 6 
