9323846245,3405712516
15,20,20
37 41 95 75 57 37 25 91 43 32 22 37 62 53 60 17 46 13 61 91 
47 14 21 44 63 86 49 35 28 60 97 43 38 40 14 11 76 24 73 47 
63 36 74 21 45 30 97 78 5 35 46 37 76 75 58 46 58 18 42 35 
21 24 49 73 71 66 32 70 31 49 58 44 20 50 3 4 6 19 83 76 
44 75 82 97 60 68 96 36 69 41 15 10 53 86 40 57 86 13 85 35 
49 35 35 23 90 10 37 98 16 40 49 83 15 75 15 31 21 90 33 20 
38 61 52 12 98 53 25 56 76 92 64 96 97 94 30 41 10 89 76 66 
98 14 97 49 19 60 63 11 33 89 26 96 55 3 12 99 32 65 32 33 
24 73 44 74 38 83 64 61 71 66 57 34 17 64 18 4 35 68 78 14 
29 41 83 98 92 94 4 70 36 72 65 56 44 99 61 53 11 83 34 33 
7 46 73 58 4 3 69 16 29 12 47 18 67 51 76 48 40 69 7 67 
54 35 84 1 63 39 9 48 70 69 36 64 6 11 48 99 10 71 48 28 
48 39 53 97 18 51 61 61 61 45 63 11 59 90 72 69 98 18 33 43 
51 15 88 11 66 50 40 14 53 88 55 43 21 36 97 29 20 30 61 68 
98 25 3 87 93 62 36 69 9 11 89 82 87 2 46 7 23 16 78 60 
MACHINES
18 3 2 9 5 4 10 11 1 7 12 14 13 20 15 19 16 17 8 6 
6 7 19 13 16 10 12 1 2 8 9 14 5 20 18 3 4 15 11 17 
18 14 6 3 17 5 15 4 16 19 9 2 8 1 11 13 10 20 7 12 
1 14 12 3 9 11 6 10 8 20 17 15 2 13 7 5 4 19 16 18 
11 12 19 18 7 20 10 4 9 17 5 1 15 16 3 8 2 6 14 13 
1 6 11 15 2 12 16 7 14 3 9 4 13 20 19 17 8 10 18 5 
15 11 4 9 6 14 8 2 7 5 16 18 12 19 17 10 1 20 13 3 
16 19 5 11 7 12 13 18 8 14 6 10 9 15 4 17 3 2 20 1 
11 2 9 19 1 16 8 7 18 3 6 17 5 14 4 13 12 15 20 10 
5 14 8 19 6 10 15 4 11 16 7 18 1 12 9 3 20 17 2 13 
12 4 11 15 18 6 3 7 2 8 5 14 10 9 16 19 20 1 13 17 
9 13 2 1 12 4 8 15 6 11 7 20 10 16 14 18 17 3 19 5 
11 8 9 3 6 13 2 4 18 1 17 14 10 19 7 15 20 16 5 12 
6 5 19 12 20 14 3 1 11 7 10 15 13 16 18 9 4 2 17 8 
9 16 1 14 15 5 2 18 3 4 11 7 13 12 20 8 10 6 19 17 
