2048770764,2220533435
15,20,20
71 54 60 90 74 15 24 65 44 89 46 86 37 35 11 82 23 87 1 28 
92 5 89 69 96 49 77 56 82 27 68 22 55 66 62 63 27 64 91 45 
22 11 8 4 76 34 25 19 26 66 3 16 97 40 57 69 69 43 8 29 
61 50 49 71 12 12 83 73 53 31 13 48 77 41 80 5 14 39 41 85 
29 11 22 80 90 22 69 70 18 83 43 82 45 14 88 62 92 81 64 60 
51 57 85 96 73 74 25 75 59 2 97 51 54 18 27 18 65 6 62 83 
80 98 22 6 35 77 88 43 79 82 82 77 23 47 32 68 48 61 34 66 
86 23 52 21 88 31 24 86 55 27 74 28 66 7 99 47 34 75 80 10 
90 21 56 86 98 94 60 29 42 26 41 75 13 83 37 60 76 71 94 58 
67 48 59 43 18 83 38 3 62 51 20 42 31 1 78 74 56 89 77 28 
64 82 48 31 80 30 47 30 51 92 28 93 77 35 76 83 14 61 9 6 
28 67 51 60 28 14 17 60 96 74 41 86 51 17 75 85 60 76 81 27 
1 13 51 44 89 99 76 67 45 54 72 76 82 82 15 89 97 64 83 90 
34 21 4 6 57 17 23 44 8 10 91 88 78 83 20 24 58 87 12 62 
77 96 66 59 98 36 30 20 95 43 48 24 45 79 53 91 14 40 6 33 
MACHINES
9 15 7 3 5 12 11 16 13 2 1 10 4 8 20 19 18 6 17 14 
17 13 2 6 16 9 3 20 10 19 14 12 15 11 7 1 5 18 8 4 
8 12 10 14 7 20 6 17 5 9 1 13 4 15 2 11 18 16 19 3 
3 11 17 14 15 10 12 7 4 2 8 6 18 19 13 9 20 16 1 5 
14 8 11 10 12 9 16 3 5 4 13 20 6 1 15 17 7 2 18 19 
11 12 16 7 19 14 1 15 13 9 4 2 3 8 6 17 10 5 20 18 
11 7 16 13 18 14 15 5 12 19 3 6 10 20 1 2 9 17 8 4 
17 7 8 2 20 3 13 16 15 14 18 19 12 5 6 1 11 4 9 10 
11 5 19 12 2 1 17 14 4 13 3 20 15 16 18 8 7 9 10 6 
20 7 14 19 8 12 5 11 3 18 4 1 9 6 13 10 17 15 2 16 
15 6 16 10 18 13 3 20 5 9 19 4 1 12 17 8 2 11 14 7 
20 14 5 18 19 7 2 8 16 15 6 13 9 12 11 17 3 10 4 1 
2 20 1 5 6 19 15 3 11 7 17 10 8 12 14 4 16 9 18 13 
14 19 3 2 9 20 7 17 6 12 11 13 8 18 1 4 10 5 16 15 
11 13 20 16 4 6 5 2 15 19 18 7 12 17 8 1 10 14 9 3 
