8800199203,4904976964
15,20,20
16 74 25 62 68 99 81 91 36 1 73 72 56 73 35 14 30 3 59 25 
51 63 55 11 64 73 66 40 39 13 40 66 6 35 51 96 3 92 51 96 
9 85 60 29 78 47 95 55 83 55 51 32 82 93 47 38 26 14 5 46 
32 53 37 16 16 59 3 27 36 4 66 94 56 23 81 41 11 38 77 40 
15 40 22 9 32 60 2 78 94 82 84 11 62 72 41 31 85 47 37 37 
82 55 95 82 49 51 73 80 23 91 91 5 26 7 2 16 71 36 55 97 
24 41 59 83 29 60 10 85 64 89 11 84 8 2 10 94 31 66 23 98 
47 93 48 54 78 88 97 79 5 3 65 65 41 27 22 46 21 96 98 21 
20 96 19 59 4 56 19 93 6 41 79 61 59 19 91 41 83 18 4 14 
18 98 59 48 4 78 88 29 11 43 52 44 24 41 62 30 46 56 85 80 
44 8 57 84 48 59 13 93 31 39 15 96 38 68 88 47 42 50 98 95 
44 92 20 91 39 28 24 43 40 14 21 5 23 38 3 93 29 33 85 90 
64 38 68 78 84 39 42 89 39 14 67 46 15 26 21 13 41 16 78 88 
93 31 32 27 53 9 21 75 32 5 5 46 16 93 64 15 53 55 97 60 
11 77 77 57 56 84 72 40 47 27 65 87 70 90 66 36 40 87 25 20 
MACHINES
13 9 5 10 3 6 8 12 11 19 17 16 2 1 15 14 20 18 4 7 
14 20 3 9 12 1 11 19 16 6 2 15 18 13 5 4 7 8 10 17 
4 14 20 2 9 8 18 7 11 12 1 17 19 3 6 10 16 13 15 5 
4 6 20 13 18 1 11 10 8 19 16 9 2 5 12 14 15 17 7 3 
19 10 4 18 1 11 7 15 2 14 9 5 20 16 13 6 12 17 8 3 
12 8 15 4 17 16 10 20 7 13 14 9 3 18 19 2 1 5 11 6 
3 5 19 12 20 4 14 8 16 7 11 17 9 13 15 1 2 18 10 6 
14 3 15 7 2 12 5 4 18 16 8 9 20 6 19 13 1 17 11 10 
18 14 3 10 2 7 11 16 9 5 6 19 12 4 15 17 8 1 20 13 
15 20 5 3 19 1 14 11 17 2 8 7 6 9 16 4 13 18 10 12 
9 14 11 5 6 4 15 8 1 16 13 7 12 2 10 20 18 19 3 17 
15 14 8 2 4 3 1 7 9 11 10 12 6 20 16 13 17 18 19 5 
4 1 3 8 20 2 15 17 12 13 14 6 5 18 19 9 10 7 11 16 
7 10 16 4 2 17 6 15 13 14 11 1 9 5 20 19 8 18 12 3 
1 3 8 12 2 13 7 18 19 16 17 5 6 10 11 14 20 4 15 9 
