5989070833,6682233959
15,20,20
63 82 57 84 8 52 6 62 31 49 55 30 54 1 20 99 84 32 88 44 
92 65 95 76 74 56 6 31 27 92 9 27 90 35 78 35 12 17 26 6 
55 96 88 74 14 38 98 34 87 93 12 41 31 83 99 4 41 52 60 25 
72 35 21 47 31 35 17 37 21 83 32 59 31 14 83 60 21 77 4 70 
61 12 30 87 62 70 96 28 59 10 73 14 54 38 80 65 82 80 34 58 
84 79 25 5 4 79 88 98 88 36 30 19 86 53 87 56 73 32 6 48 
53 78 37 2 13 22 3 82 96 41 90 63 30 44 5 49 98 79 63 57 
46 83 56 69 79 46 81 52 67 97 60 44 4 13 30 46 86 63 81 63 
79 61 56 66 63 83 87 70 64 98 1 32 17 32 12 92 36 10 36 70 
29 62 48 50 76 17 90 77 83 53 41 72 58 77 28 20 48 9 16 36 
69 50 15 79 22 34 21 81 43 24 43 57 77 18 50 83 58 34 45 21 
33 48 52 61 16 38 32 35 51 87 62 8 68 94 43 7 15 35 78 98 
99 51 55 61 74 96 64 69 15 81 9 26 40 1 36 31 78 41 11 11 
61 76 41 72 53 94 52 10 66 46 88 61 36 33 82 38 31 98 7 77 
4 2 66 2 85 65 86 76 48 60 6 30 59 44 51 22 74 25 7 32 
MACHINES
14 9 10 15 3 12 18 6 5 19 17 13 7 2 4 16 20 1 11 8 
17 11 3 13 1 19 6 2 16 9 10 8 12 18 7 4 20 14 15 5 
8 4 11 6 1 14 3 2 18 9 19 7 17 5 20 10 16 15 13 12 
6 11 16 15 3 9 4 12 20 13 10 7 5 17 14 19 1 18 8 2 
1 10 18 7 15 9 6 3 19 8 4 13 20 17 5 12 11 14 2 16 
11 19 20 9 8 7 18 1 12 6 15 13 3 17 2 10 16 14 4 5 
7 19 13 3 10 5 8 4 12 16 2 6 9 14 20 11 1 18 17 15 
14 3 1 16 19 10 4 9 15 5 6 2 17 7 13 20 11 18 8 12 
18 14 15 9 8 3 1 4 12 16 6 19 7 20 10 5 17 13 2 11 
11 9 16 17 7 1 20 14 10 3 2 18 13 12 19 4 15 5 8 6 
5 16 15 9 18 14 11 6 3 2 10 17 13 20 1 8 19 12 4 7 
8 10 16 18 1 15 11 13 7 14 20 9 19 3 5 2 6 17 12 4 
8 19 11 3 1 9 13 7 10 17 16 20 4 18 14 15 5 6 12 2 
18 6 9 16 5 19 4 20 2 14 1 7 10 15 17 13 8 12 3 11 
5 18 2 17 8 1 13 14 6 9 19 3 20 10 12 11 7 4 16 15 
