5338479646,3642382093
15,20,20
63 9 93 47 29 38 67 29 46 63 68 43 58 30 15 86 29 60 49 99 
44 46 14 7 68 76 28 55 10 98 86 7 38 78 40 57 2 98 56 14 
19 97 11 1 93 47 53 67 52 13 32 11 41 37 27 15 81 81 24 14 
90 33 14 96 2 74 26 56 44 92 90 12 66 94 61 97 69 42 15 5 
72 17 97 89 1 10 35 19 15 35 39 29 80 85 93 55 52 21 76 30 
11 3 82 49 85 37 36 6 99 32 43 99 92 68 61 22 19 92 7 10 
86 40 80 50 36 32 36 24 98 72 46 36 93 14 3 94 86 38 49 31 
11 95 35 4 57 8 94 91 32 64 19 39 11 90 39 7 35 18 27 57 
34 4 31 48 55 43 98 21 17 22 82 71 18 34 7 45 54 72 95 48 
77 14 7 21 14 96 21 81 90 94 60 51 54 34 64 26 17 30 46 4 
33 98 60 88 37 44 57 99 29 9 67 10 5 34 90 13 48 52 82 81 
27 52 37 33 48 9 3 13 28 3 38 7 77 63 74 29 13 44 3 41 
42 30 46 66 84 68 50 82 73 76 9 65 12 33 49 85 25 1 68 59 
62 59 18 60 15 68 78 86 19 13 48 39 42 47 52 33 60 22 95 75 
74 86 49 24 29 45 83 56 6 12 41 40 90 2 66 31 86 11 18 1 
MACHINES
19 14 20 1 3 13 8 6 10 12 4 9 11 16 18 7 15 2 5 17 
3 8 18 4 6 5 13 12 2 14 19 9 1 16 7 17 20 15 11 10 
11 4 12 8 10 16 1 15 18 13 2 9 17 5 3 14 19 20 7 6 
3 12 8 17 19 11 16 15 7 20 2 1 13 6 5 9 10 14 4 18 
1 20 7 14 4 16 5 6 9 8 11 15 13 12 19 18 17 3 10 2 
6 16 8 2 18 3 13 20 5 14 17 7 19 15 9 10 11 12 4 1 
5 19 14 3 11 18 6 10 12 16 1 9 17 4 20 7 13 8 2 15 
12 13 5 3 14 19 10 20 4 2 9 6 1 8 15 18 11 7 16 17 
3 9 19 17 2 15 6 11 13 18 8 1 16 4 20 14 12 7 5 10 
7 10 14 17 15 5 19 11 20 8 1 3 13 9 12 18 6 16 2 4 
3 13 7 19 18 14 12 2 15 1 8 10 16 11 5 20 4 17 6 9 
2 5 4 15 17 8 1 6 14 13 16 18 9 19 12 11 10 3 20 7 
8 4 18 9 10 16 15 17 12 1 2 14 7 13 19 5 11 6 3 20 
2 3 5 8 13 15 16 9 14 6 20 12 4 18 1 10 11 7 17 19 
17 10 16 20 6 19 11 9 8 14 12 2 13 4 1 15 5 18 7 3 
