6732986143,9102671898
15,20,20
87 65 33 87 17 20 96 78 82 14 59 39 27 95 94 24 80 29 38 6 
51 12 51 43 25 98 70 69 20 20 86 56 97 8 44 16 50 82 17 27 
67 69 93 30 43 10 26 25 77 19 54 9 51 79 7 4 24 67 27 39 
5 88 61 6 45 66 70 45 4 44 88 63 93 4 62 92 29 9 32 45 
70 45 47 19 75 62 3 72 33 57 67 67 5 38 21 44 79 61 71 78 
9 82 76 22 54 95 99 11 87 33 15 92 52 11 80 83 74 42 27 41 
45 25 33 38 6 63 35 68 68 78 11 60 5 82 34 38 69 26 63 4 
32 62 8 45 39 90 12 96 46 91 3 13 47 6 2 53 47 56 24 64 
46 11 13 86 18 37 29 97 88 11 73 42 8 24 22 87 86 7 7 9 
74 10 50 81 38 47 45 45 28 56 64 41 38 51 46 26 34 95 75 70 
3 15 14 83 84 72 93 89 3 72 54 78 49 60 63 65 52 49 17 78 
63 4 40 4 58 27 84 92 21 86 50 63 69 33 8 69 73 99 94 86 
65 14 93 65 55 22 57 66 44 49 48 7 43 26 95 45 75 86 28 23 
6 7 9 9 38 78 22 58 25 8 2 9 82 63 51 78 64 38 50 73 
26 69 40 8 1 17 86 97 91 38 40 77 13 82 85 75 12 59 15 85 
MACHINES
17 18 19 16 20 12 8 4 14 13 7 1 2 9 5 3 15 10 6 11 
19 15 1 20 12 18 8 6 11 4 14 2 17 9 5 16 13 7 10 3 
11 18 12 15 16 5 3 7 8 19 9 10 13 6 17 14 4 1 2 20 
19 4 20 2 10 3 9 6 18 15 8 17 1 14 5 7 11 16 12 13 
11 15 17 20 3 7 4 14 18 16 12 1 6 19 2 9 13 8 10 5 
2 5 9 12 14 20 6 10 15 8 1 16 4 11 3 7 18 19 13 17 
17 20 15 19 14 1 11 9 13 5 12 7 2 4 8 16 3 6 10 18 
5 9 15 4 1 19 20 11 14 12 2 6 18 3 17 13 10 8 16 7 
7 4 19 2 5 8 1 11 9 17 15 6 14 13 16 18 10 3 12 20 
20 2 3 5 9 17 18 14 4 13 19 15 10 7 16 8 12 6 11 1 
16 12 6 13 5 4 11 1 7 20 15 14 19 3 2 17 10 8 9 18 
13 18 6 4 5 14 8 17 7 10 12 19 3 1 9 11 20 16 2 15 
5 1 12 14 17 6 19 4 18 20 9 15 8 3 13 16 7 2 10 11 
18 6 15 19 11 3 2 7 5 20 16 10 8 17 9 12 1 13 4 14 
19 6 9 2 1 8 20 15 3 16 11 13 12 10 5 14 17 4 7 18 
