6256802504,9417527626
15,20,20
5 70 13 6 56 21 85 42 21 35 39 35 26 98 96 23 72 32 23 42 
92 44 18 34 57 85 33 61 54 28 66 22 36 10 8 38 36 5 66 41 
83 36 52 17 59 69 26 28 88 3 83 75 92 14 67 84 5 27 2 83 
3 20 68 99 90 43 28 12 93 21 72 31 87 98 92 26 68 24 72 73 
43 6 11 24 50 76 45 59 43 78 88 80 50 56 57 42 80 61 52 87 
47 53 8 26 83 59 32 1 69 11 72 28 79 27 32 4 36 51 46 89 
14 41 86 40 16 29 33 77 74 73 76 87 67 97 75 66 29 42 35 87 
33 22 42 41 58 81 50 32 74 98 93 35 65 48 50 89 49 47 1 40 
70 30 45 96 56 31 76 43 80 62 31 7 43 41 75 76 30 58 15 49 
77 16 36 38 46 16 9 33 29 90 18 81 96 41 4 73 52 96 66 82 
1 74 12 83 99 48 97 21 73 21 3 37 92 76 64 94 98 60 10 49 
8 75 18 36 72 65 99 4 37 36 63 94 86 6 99 78 86 71 58 7 
73 30 33 56 45 53 4 90 62 56 2 23 47 5 82 14 12 73 98 41 
11 59 39 66 71 62 24 63 65 71 55 33 36 22 39 12 49 39 95 46 
13 52 39 1 55 12 72 57 91 59 91 19 66 19 84 37 61 11 75 84 
MACHINES
1 6 20 18 2 10 14 12 3 4 5 15 8 19 13 16 9 17 11 7 
8 9 17 4 10 6 3 7 16 11 1 14 20 15 18 13 19 5 12 2 
1 3 5 16 19 12 18 6 2 17 4 11 13 9 15 7 8 14 10 20 
8 5 19 6 2 13 10 3 4 15 7 17 1 11 12 18 16 20 9 14 
2 20 4 10 5 12 15 11 1 14 3 19 6 16 8 13 17 18 7 9 
15 18 5 12 13 2 20 10 3 8 4 7 16 19 14 9 17 11 6 1 
5 12 16 7 14 6 11 8 2 13 20 10 1 3 9 15 18 19 17 4 
18 14 2 4 15 9 8 19 17 5 6 3 7 10 12 13 20 11 1 16 
19 10 1 4 3 9 5 12 11 8 2 13 18 16 14 17 20 15 7 6 
17 11 1 3 2 19 9 16 13 20 7 4 10 12 18 8 5 15 14 6 
8 5 18 2 14 7 1 11 20 12 13 15 3 19 4 16 9 10 17 6 
20 16 13 10 9 2 8 1 4 7 19 14 3 12 17 15 18 5 11 6 
3 13 12 15 18 8 5 2 10 20 6 1 9 11 7 16 19 17 14 4 
13 20 10 1 6 15 14 4 16 9 19 7 12 2 8 17 18 3 11 5 
17 5 10 19 13 20 7 9 4 3 15 12 6 2 14 8 16 1 11 18 
