7657802606,7962871397
15,25,25
37 83 53 72 5 92 83 38 13 7 53 28 46 6 53 49 58 79 56 25 66 50 90 59 52 
30 15 84 84 35 20 7 31 57 61 76 87 97 63 34 10 21 8 16 52 30 12 85 3 38 
70 99 88 49 66 58 33 53 50 51 17 69 79 88 86 63 4 41 11 56 39 86 15 84 88 
95 49 36 76 19 14 54 60 97 98 50 76 47 13 27 41 12 48 42 69 39 7 17 87 83 
54 78 83 92 65 17 35 31 19 90 31 52 44 59 48 63 49 22 1 97 15 84 65 31 33 
7 61 20 18 94 1 66 82 3 75 87 50 17 36 74 95 58 66 68 10 72 57 69 98 85 
97 18 60 15 76 77 34 68 10 60 18 28 44 56 22 49 23 41 25 62 83 30 48 40 9 
79 10 38 95 54 49 58 90 57 28 38 41 26 82 29 46 42 53 68 83 25 74 73 30 98 
9 10 92 57 36 47 71 68 3 18 52 15 11 93 71 95 67 95 38 33 30 33 82 1 9 
29 80 58 53 47 52 71 90 78 51 90 53 79 82 23 35 51 27 91 51 63 73 88 66 95 
76 49 1 22 10 71 86 76 44 13 54 23 68 69 66 39 19 42 67 69 6 93 53 81 13 
38 87 75 65 9 52 71 39 11 22 1 13 81 4 65 78 15 91 3 60 48 55 94 57 11 
63 2 79 48 99 8 67 15 74 64 75 26 96 73 54 16 70 25 74 35 97 36 23 17 2 
52 19 66 69 61 48 10 29 13 40 42 89 86 84 93 20 26 45 50 74 6 3 83 81 25 
83 86 15 70 11 83 68 48 93 97 22 62 95 2 45 47 15 53 50 11 48 88 51 50 81 
MACHINES
20 21 12 14 5 19 6 25 23 15 17 1 8 10 16 13 3 2 22 9 18 11 24 7 4 
5 4 16 25 14 6 18 23 21 10 1 8 19 9 12 2 13 20 11 15 3 7 17 24 22 
13 2 22 5 21 11 16 7 6 15 9 14 4 8 1 10 25 24 20 3 19 12 23 17 18 
17 16 25 14 11 9 3 10 18 13 12 15 4 1 6 23 21 19 2 24 20 8 7 22 5 
8 23 2 3 6 9 13 15 14 20 1 5 17 12 21 16 11 24 10 25 7 18 4 22 19 
1 11 3 25 14 7 19 4 5 18 2 24 15 13 21 23 8 22 12 17 6 16 10 20 9 
16 15 25 22 20 6 11 10 2 5 8 13 17 4 3 18 12 24 1 9 21 23 19 14 7 
25 5 19 17 22 10 21 7 20 11 6 18 9 16 1 2 3 23 14 8 4 15 24 13 12 
23 19 20 6 22 9 17 8 3 16 7 12 10 18 13 15 5 14 4 24 1 21 2 11 25 
20 16 8 6 3 2 9 17 21 19 14 4 12 18 22 7 23 25 11 5 13 15 1 24 10 
22 3 12 7 8 20 17 10 1 19 23 15 6 25 9 13 14 21 16 11 2 24 18 4 5 
2 23 5 22 9 7 8 11 25 13 21 14 18 15 20 1 24 4 19 6 16 10 12 3 17 
19 14 25 18 11 7 16 4 5 22 1 6 17 23 15 13 8 20 12 10 21 2 9 3 24 
12 3 6 7 16 13 21 9 14 22 17 5 19 4 20 18 2 23 25 8 1 10 24 11 15 
25 3 15 14 23 22 21 17 20 24 16 7 11 12 1 4 6 5 19 10 2 8 18 13 9 
