9426468207,9513407928
15,25,25
44 55 61 22 18 13 86 49 75 49 40 96 60 38 67 74 35 73 61 34 24 50 56 44 57 
18 83 21 51 23 80 45 65 1 47 11 30 87 48 49 79 53 99 14 30 10 78 94 86 39 
62 65 44 1 39 50 66 12 38 84 72 71 8 74 57 17 1 48 44 81 19 47 56 30 2 
22 83 72 16 28 18 13 10 43 71 79 22 9 70 97 26 48 49 15 38 89 53 86 92 7 
91 14 99 37 66 49 75 95 86 46 90 63 65 97 8 38 67 1 2 15 10 94 51 60 4 
22 64 19 11 39 32 61 58 72 7 8 41 33 11 47 7 3 15 92 25 84 2 42 74 50 
16 70 40 9 64 65 55 88 14 77 33 46 61 44 52 69 52 87 42 39 33 36 90 56 83 
18 74 62 48 39 33 98 67 25 2 24 53 18 79 95 56 92 92 29 16 95 97 60 48 33 
3 29 75 94 88 41 36 36 99 21 62 23 48 73 35 13 76 25 37 93 18 73 86 58 28 
43 41 61 78 9 43 73 81 60 20 5 40 56 66 29 86 5 72 23 54 5 56 79 34 75 
86 2 33 55 37 18 22 27 5 9 37 29 21 36 78 41 60 27 39 19 10 2 89 98 16 
24 10 74 85 97 1 76 85 24 44 53 40 88 55 75 35 33 63 58 2 85 55 90 32 51 
1 97 46 53 22 25 92 85 96 83 56 58 57 68 76 17 19 67 86 26 15 90 75 3 19 
33 36 91 55 65 85 48 20 49 17 90 18 38 72 34 29 35 23 13 22 99 63 69 41 57 
85 46 20 16 64 32 6 35 93 25 52 70 79 38 73 68 7 11 90 71 72 8 1 37 89 
MACHINES
1 24 19 3 9 17 8 15 21 2 22 18 16 11 7 23 12 14 25 4 5 10 6 13 20 
7 23 4 14 17 21 5 18 16 22 11 6 9 10 19 13 2 20 15 12 24 8 1 3 25 
13 8 14 4 11 25 9 2 20 5 15 12 23 24 21 6 3 16 18 17 10 1 22 19 7 
20 6 2 18 23 7 13 4 19 15 21 16 17 1 11 10 25 24 5 22 12 9 8 14 3 
5 17 15 3 20 1 6 21 22 25 10 16 7 24 4 19 14 23 2 9 12 11 18 13 8 
22 4 20 9 19 18 14 16 25 15 17 6 10 24 21 11 12 8 1 5 23 7 2 3 13 
12 9 2 23 6 21 22 13 15 19 11 17 1 14 16 18 20 25 10 4 3 7 8 5 24 
24 5 22 14 7 20 15 25 3 9 10 21 13 19 8 17 4 1 16 11 23 12 18 2 6 
17 5 12 16 13 14 2 8 11 4 23 6 15 3 20 18 25 19 7 24 21 22 10 9 1 
15 20 13 2 24 21 7 6 12 8 16 9 11 23 10 14 19 18 22 3 25 4 17 5 1 
2 1 21 13 23 5 8 12 16 11 14 10 3 18 25 22 15 7 20 9 4 24 17 19 6 
10 9 19 7 5 6 1 24 14 15 20 2 3 13 8 12 22 21 18 17 23 16 25 4 11 
5 15 17 7 20 21 24 23 25 3 22 6 11 12 9 4 18 1 13 14 2 8 10 16 19 
10 3 15 4 22 20 13 14 11 8 25 18 24 5 2 21 17 16 6 19 12 7 1 9 23 
6 4 14 10 18 16 8 20 25 5 21 17 3 19 15 1 13 7 12 23 9 2 22 11 24 
