5271981076,7032641756
15,25,25
6 39 92 16 6 63 39 52 39 3 67 95 86 9 95 81 97 79 40 64 52 82 86 13 73 
69 82 31 46 41 85 24 23 3 37 43 98 18 27 82 23 20 90 24 62 50 6 25 54 18 
65 74 80 13 93 32 79 35 51 83 85 44 80 56 21 30 62 18 12 80 35 42 53 84 3 
95 84 17 4 17 11 20 55 30 31 88 13 57 16 96 36 15 32 64 3 44 81 13 40 71 
25 7 61 92 56 70 98 24 32 72 54 50 38 8 51 18 35 93 33 98 94 72 93 71 97 
2 51 40 85 86 79 30 33 20 43 71 25 46 69 60 49 94 80 21 64 6 49 75 35 1 
89 42 14 30 23 29 30 49 37 94 33 15 12 68 43 23 80 69 94 85 31 96 78 60 42 
17 64 20 93 9 83 51 12 63 36 27 29 24 23 17 76 31 79 92 26 8 91 2 93 87 
63 32 5 27 36 71 28 87 29 91 69 8 99 22 90 80 37 38 16 38 20 66 12 99 86 
70 66 82 80 87 14 88 60 87 48 2 19 71 94 73 33 21 10 5 20 84 33 98 79 61 
61 69 68 55 87 37 19 88 34 57 14 57 30 44 12 15 91 69 13 68 64 27 47 99 1 
93 45 76 11 2 88 12 95 86 82 25 10 32 30 89 62 49 54 60 13 90 63 97 40 52 
62 97 36 83 67 18 26 98 64 53 86 46 62 97 43 92 68 75 90 36 87 30 94 45 64 
1 52 93 49 59 4 46 85 82 11 6 81 69 82 23 97 72 40 95 19 62 50 11 64 80 
56 60 88 41 48 13 14 22 5 45 39 38 67 74 46 33 24 86 20 76 96 84 95 1 89 
MACHINES
12 22 15 4 16 20 14 5 18 7 1 13 19 11 17 9 3 8 10 21 25 2 24 6 23 
21 19 13 24 17 14 6 4 9 8 20 23 1 15 2 25 18 11 22 10 7 16 5 12 3 
21 14 19 20 8 18 2 16 9 1 13 6 11 3 12 15 22 24 10 25 17 4 5 23 7 
25 13 10 11 7 12 21 22 18 24 20 2 14 17 15 6 23 9 19 1 16 8 3 4 5 
7 22 10 13 8 20 1 18 5 15 14 24 4 19 9 6 21 11 23 2 25 12 16 3 17 
25 16 19 4 2 14 23 10 11 7 9 6 3 13 15 24 5 12 18 17 22 8 20 1 21 
20 10 13 22 11 14 17 9 19 24 1 4 7 16 18 8 21 23 3 2 12 5 25 15 6 
7 22 24 10 18 16 25 15 6 23 4 8 21 13 12 1 17 5 2 9 11 20 14 3 19 
17 1 5 19 9 21 8 6 12 13 2 15 23 3 14 16 25 24 7 18 11 10 4 20 22 
8 18 24 7 5 11 6 2 15 25 19 10 12 21 16 9 17 13 14 22 23 1 3 20 4 
18 3 5 12 15 17 8 20 23 4 14 16 25 2 1 9 10 7 21 19 6 11 22 24 13 
17 15 6 8 21 10 1 24 16 20 4 13 12 18 11 9 3 7 19 14 25 23 22 2 5 
23 13 15 19 10 2 4 16 12 14 11 17 24 25 6 5 22 18 20 21 8 7 9 1 3 
6 16 18 21 23 2 24 15 3 8 22 9 14 1 20 11 17 7 25 19 12 10 13 5 4 
19 3 15 17 1 18 6 2 22 14 4 9 10 8 12 7 16 21 13 20 23 5 24 11 25 
