8487497957,3845801111
15,25,25
66 78 57 91 54 5 31 35 27 65 68 77 28 8 45 3 93 9 65 31 40 20 45 14 61 
26 5 71 75 14 27 82 62 55 53 52 25 25 33 77 70 34 18 16 62 40 62 98 17 70 
33 61 21 86 56 35 11 13 43 17 58 14 38 57 56 91 56 93 46 39 43 64 39 62 22 
60 86 21 55 60 3 76 19 20 92 95 8 56 42 47 56 36 86 33 42 75 21 13 81 9 
19 63 39 90 64 62 39 31 84 63 7 23 73 44 85 31 73 15 85 62 79 77 69 28 5 
85 98 56 12 42 92 93 13 86 19 27 94 4 76 60 8 22 73 32 82 49 59 81 35 54 
65 13 90 24 55 92 27 75 37 77 44 56 40 97 9 15 92 10 54 98 7 66 46 51 70 
92 93 75 49 11 6 41 58 81 75 89 26 16 63 40 69 79 22 35 71 3 68 30 84 61 
10 90 79 16 36 37 12 60 35 56 22 86 1 86 84 11 9 87 37 85 6 98 97 94 37 
42 80 29 96 92 62 87 22 63 99 42 28 90 36 87 63 45 32 68 87 28 14 22 43 88 
4 95 80 76 4 95 76 44 77 19 14 39 90 88 19 38 72 14 1 36 19 37 98 92 58 
62 17 96 22 90 59 60 13 69 52 44 33 15 97 99 53 8 41 46 12 91 89 37 61 84 
71 68 80 64 1 82 16 28 75 6 57 3 9 16 67 19 49 91 38 79 99 2 88 13 27 
96 69 82 72 74 59 84 8 28 71 84 54 46 73 7 80 26 37 40 41 58 9 93 73 99 
57 94 71 94 68 77 21 48 17 94 13 8 98 4 67 48 26 38 84 5 11 50 67 68 15 
MACHINES
8 5 12 18 6 4 7 16 21 9 14 22 19 13 17 23 2 1 3 11 20 10 25 24 15 
7 12 15 2 22 25 19 17 11 1 21 18 3 14 10 24 6 13 9 4 20 23 5 8 16 
7 13 4 2 23 3 6 11 12 15 25 17 21 9 10 1 19 8 20 16 14 24 18 5 22 
11 18 13 15 6 19 12 10 14 25 9 3 23 1 4 2 22 17 20 5 21 16 7 8 24 
23 6 9 21 14 7 18 4 1 25 16 3 10 17 22 13 19 15 24 5 12 2 11 8 20 
8 12 2 15 19 22 25 7 14 18 21 4 3 20 17 16 6 5 10 23 11 9 13 24 1 
25 19 22 14 1 18 13 3 20 23 4 11 7 2 15 21 24 5 16 6 9 17 12 10 8 
18 7 14 22 20 9 15 23 13 1 21 17 16 8 4 3 6 19 10 5 24 11 12 2 25 
11 17 18 21 7 23 19 24 6 10 16 8 15 13 2 3 5 20 1 22 14 25 9 12 4 
1 25 3 4 23 16 24 2 13 5 21 7 10 18 15 12 6 11 19 9 17 8 14 22 20 
22 6 23 4 8 1 10 11 17 16 25 7 14 21 3 9 20 12 19 2 15 18 13 5 24 
19 13 14 15 1 17 23 3 4 12 20 24 21 18 25 2 11 8 16 7 6 10 9 5 22 
25 20 4 12 19 9 21 24 2 1 16 3 8 7 13 11 14 15 5 10 22 23 17 6 18 
3 12 14 20 19 25 18 21 1 2 5 10 4 7 6 23 17 8 15 24 13 11 9 22 16 
23 2 24 7 1 19 14 18 4 12 6 13 5 15 21 3 22 20 16 10 25 9 11 8 17 
