7679359675,8618634282
15,25,25
61 27 53 44 69 64 9 64 98 10 27 93 16 99 57 46 95 59 85 76 71 69 42 68 83 
67 23 12 25 50 28 51 61 2 84 85 31 49 71 6 42 55 37 93 73 60 13 87 60 80 
58 47 49 20 97 70 2 74 30 67 92 69 37 78 70 70 91 32 95 89 41 10 88 95 10 
6 73 1 30 81 21 91 17 48 99 45 28 38 30 63 65 81 21 20 93 90 2 85 30 36 
68 30 18 53 31 15 83 63 90 88 47 11 74 15 46 22 1 38 37 51 82 81 63 88 32 
11 50 68 23 53 58 75 21 84 93 53 71 5 41 68 53 96 99 50 40 3 5 28 71 8 
18 45 57 50 95 24 19 10 32 24 62 96 54 41 3 51 25 17 66 56 71 25 97 81 57 
34 89 53 30 73 99 45 11 20 38 76 99 97 2 86 62 79 57 39 9 46 71 8 76 64 
38 94 77 65 99 50 33 50 9 77 9 90 87 13 28 3 37 91 30 15 93 89 69 21 30 
6 86 3 18 31 64 76 96 87 62 99 93 86 63 94 47 10 7 79 59 35 24 56 41 89 
54 3 22 65 11 82 62 68 15 61 60 64 72 39 51 6 6 80 9 94 12 33 61 71 90 
64 36 45 49 57 12 25 44 53 21 5 96 10 19 45 90 59 61 73 36 64 38 29 66 43 
65 45 55 49 74 41 15 62 29 11 37 5 13 88 47 1 20 77 3 24 10 57 54 90 18 
55 37 83 42 79 93 82 96 81 99 30 3 13 48 77 59 71 62 9 88 92 63 85 19 87 
37 38 42 18 79 60 5 73 9 40 15 75 42 28 32 67 73 70 77 83 83 39 19 44 56 
MACHINES
13 2 14 4 8 25 19 16 15 7 1 3 5 10 18 21 6 24 20 22 11 12 17 23 9 
5 16 21 22 14 25 13 10 18 6 12 7 20 24 4 9 15 3 19 17 23 1 11 8 2 
9 17 20 21 3 15 12 25 8 4 13 7 14 18 22 16 10 19 6 2 24 1 11 5 23 
9 11 23 25 22 5 7 13 1 18 2 4 21 3 24 15 19 10 20 17 14 6 12 16 8 
5 23 21 15 10 13 24 16 4 25 12 18 3 11 7 8 17 1 6 22 19 20 9 14 2 
25 6 21 16 7 1 3 11 20 5 24 23 17 22 19 12 2 15 9 8 4 13 14 18 10 
19 21 20 16 25 18 5 7 8 3 6 17 23 4 22 12 1 11 13 15 10 24 9 14 2 
16 6 19 14 12 5 20 8 25 10 15 2 18 9 23 17 4 1 24 22 21 3 11 13 7 
25 23 12 4 21 16 13 19 1 9 2 5 7 8 20 18 10 17 6 15 11 14 24 22 3 
6 8 1 16 11 25 5 20 24 15 3 13 12 23 4 22 17 9 18 2 19 21 10 7 14 
7 18 1 19 14 4 22 3 5 20 16 8 21 11 15 25 17 12 13 9 10 6 23 2 24 
24 25 11 9 7 3 21 1 8 17 20 5 18 19 23 6 4 15 22 16 13 10 14 12 2 
3 25 18 23 16 13 1 14 17 24 8 6 19 7 15 20 22 21 9 5 12 2 4 11 10 
24 7 17 21 2 3 9 20 13 18 22 23 1 8 11 4 10 15 12 25 6 19 14 16 5 
7 5 1 11 6 4 2 14 3 24 17 13 18 10 12 9 20 15 22 25 16 8 21 23 19 
