6375842991,6056292449
15,25,25
78 9 24 70 2 80 94 66 30 82 8 5 5 93 63 13 93 3 50 36 67 5 77 30 58 
85 47 63 68 45 86 39 74 96 46 22 64 41 68 84 47 16 41 82 66 6 76 37 48 70 
45 5 26 11 36 58 5 5 55 60 8 78 88 54 88 25 44 14 46 33 34 41 84 64 31 
62 3 38 87 69 68 61 41 9 91 10 78 60 63 94 40 64 15 16 37 49 7 47 28 66 
5 60 74 77 46 30 49 6 30 93 62 35 47 43 92 3 42 85 65 24 81 93 62 20 8 
43 22 41 64 42 49 13 11 56 82 51 50 92 8 47 4 34 78 18 53 1 92 33 7 31 
81 77 99 13 36 49 82 26 98 94 36 39 31 26 74 36 14 41 81 94 52 56 6 75 85 
56 10 8 35 77 36 71 16 54 4 57 16 44 77 93 87 23 37 63 43 85 2 79 92 73 
58 45 42 43 58 30 17 9 33 30 5 82 88 22 83 20 3 71 46 13 90 21 65 34 50 
91 4 47 80 18 27 82 6 11 11 9 81 16 65 95 77 82 34 41 11 39 54 80 51 27 
29 71 67 7 88 77 46 62 89 52 93 95 68 93 91 10 63 89 68 79 35 83 25 20 74 
46 81 44 87 75 19 92 21 3 9 84 90 79 13 60 58 51 67 66 88 41 4 68 80 62 
67 56 53 47 83 80 53 46 91 18 98 86 1 91 60 82 5 12 8 61 73 93 87 84 69 
91 14 73 29 30 8 63 81 50 91 43 63 50 90 71 5 24 51 4 50 53 61 30 52 10 
95 72 25 27 16 48 17 98 10 79 35 90 10 1 85 94 1 78 63 30 79 34 89 64 87 
MACHINES
18 16 14 24 15 5 17 23 25 6 22 10 8 21 12 2 20 11 1 13 3 4 7 19 9 
9 5 13 18 24 4 8 10 1 20 12 2 15 6 3 14 22 19 7 17 16 23 25 11 21 
4 13 12 24 9 20 16 25 3 14 11 15 22 23 6 2 8 1 5 21 17 7 10 19 18 
18 8 14 6 4 19 13 25 21 17 1 10 24 20 5 12 7 2 11 3 23 16 22 15 9 
17 9 19 8 14 24 15 11 20 12 7 3 22 18 13 21 6 23 2 4 10 5 25 1 16 
2 15 5 11 13 12 19 23 16 18 6 9 14 8 3 10 22 24 20 21 1 25 17 7 4 
19 24 11 13 1 15 23 14 2 10 5 6 16 9 18 22 4 3 25 12 20 8 17 21 7 
6 20 24 23 8 10 3 15 11 12 16 19 1 25 9 13 2 14 4 7 5 21 22 18 17 
20 17 23 3 15 22 8 16 10 2 24 9 25 13 19 12 21 7 4 1 11 6 18 14 5 
13 6 10 12 11 15 4 14 16 17 7 19 24 9 21 23 8 2 3 18 25 20 1 22 5 
12 16 2 11 8 18 1 15 25 17 3 14 13 6 9 22 24 21 4 7 23 5 19 20 10 
12 6 20 16 23 11 13 15 2 24 4 9 25 5 17 3 21 14 19 18 10 8 22 1 7 
15 16 1 13 8 9 7 23 19 17 18 4 5 24 22 20 21 6 25 11 10 3 2 14 12 
10 5 24 11 21 16 20 9 19 12 8 7 14 3 4 13 25 6 22 1 2 18 17 23 15 
14 5 24 23 13 12 11 6 7 25 20 15 4 9 21 16 19 1 10 3 22 2 18 8 17 
