6885632303,8348133755
15,25,25
58 26 67 5 20 35 61 96 22 17 21 56 12 87 12 2 86 16 26 29 61 7 14 52 2 
65 80 20 98 17 89 10 51 5 15 70 30 41 64 10 68 33 12 55 91 95 2 35 87 58 
22 27 87 2 73 24 52 17 65 15 70 78 12 8 44 9 46 44 87 18 39 62 88 32 92 
64 33 2 7 2 23 75 61 69 29 15 17 51 31 56 15 8 63 24 35 7 42 40 23 93 
14 52 33 64 49 55 80 66 22 98 43 68 53 3 85 28 96 49 46 43 80 14 99 82 49 
17 74 56 56 55 3 57 37 95 26 51 6 90 39 18 53 90 42 86 43 97 13 45 88 4 
63 37 12 79 91 79 44 80 72 64 39 15 47 76 51 85 26 13 32 22 81 12 50 2 75 
50 69 20 43 43 65 31 1 92 6 41 42 2 99 58 40 92 92 40 31 95 1 28 53 88 
29 40 86 50 9 9 7 20 5 88 9 97 62 2 9 33 93 78 9 85 79 6 92 22 59 
78 85 71 93 50 35 88 27 31 75 44 19 88 61 44 77 65 80 9 85 91 79 88 17 18 
23 9 30 54 32 52 12 41 39 32 74 90 59 90 3 56 35 97 64 19 6 75 23 13 23 
47 19 6 18 85 49 93 32 5 82 74 32 92 31 54 37 36 31 79 54 36 17 39 95 24 
10 94 6 93 76 1 80 99 39 23 22 44 18 96 68 62 93 28 28 24 19 94 36 40 53 
54 38 40 9 96 61 11 4 85 69 25 27 4 56 83 53 13 9 74 69 40 86 40 36 43 
39 99 76 11 36 28 56 89 93 41 86 2 20 77 3 97 88 10 90 79 48 6 33 90 38 
MACHINES
13 4 21 7 24 14 8 23 6 20 11 15 5 9 17 12 18 2 3 25 1 22 10 16 19 
9 15 11 16 19 4 13 3 23 12 6 14 18 17 22 1 10 8 5 21 24 20 7 25 2 
16 8 11 23 22 4 15 20 6 12 19 21 10 18 7 1 14 25 2 9 5 3 24 17 13 
7 15 5 23 6 18 24 16 9 8 10 25 19 14 1 2 13 4 22 3 21 17 20 12 11 
18 1 25 19 22 4 3 23 17 11 8 14 15 16 7 6 12 2 13 10 5 20 21 9 24 
24 15 8 9 11 20 17 16 4 23 25 7 12 18 19 21 5 2 14 3 6 10 13 1 22 
18 13 9 19 11 22 3 5 2 8 10 17 25 15 20 4 14 21 23 7 1 16 12 24 6 
10 3 22 25 11 16 7 23 20 13 5 12 1 19 21 2 24 8 6 9 18 15 4 14 17 
12 25 5 14 6 24 7 8 10 11 3 4 17 9 18 22 13 1 15 23 16 20 19 21 2 
8 14 21 17 11 18 19 4 12 13 9 1 22 10 7 16 23 5 25 2 24 3 20 6 15 
19 11 21 15 9 13 14 24 1 18 8 23 10 4 20 2 5 3 12 7 16 22 17 6 25 
14 24 5 12 18 22 6 17 9 3 20 16 1 15 7 23 8 21 11 4 19 2 13 10 25 
18 19 3 20 4 2 12 11 15 24 13 16 21 6 9 7 14 1 8 22 5 10 25 23 17 
7 21 14 20 12 22 10 24 9 19 6 1 16 4 3 5 8 2 25 18 13 15 23 11 17 
7 20 9 22 13 2 4 25 16 17 6 18 24 19 11 12 23 1 3 14 10 8 21 5 15 
