9607834250,4125870867
15,25,25
59 1 79 45 73 93 49 96 90 95 94 36 2 63 53 92 17 22 40 46 40 18 11 19 17 
43 56 92 13 83 14 82 52 32 34 15 59 48 9 14 12 26 30 5 88 90 99 62 2 60 
74 47 83 55 65 34 86 27 61 61 41 16 66 55 13 55 76 66 69 88 30 31 58 63 51 
47 92 31 16 9 32 91 41 42 27 39 16 96 72 54 26 85 73 87 25 87 7 59 53 71 
52 85 19 43 12 2 56 24 45 93 99 38 79 51 42 14 78 1 12 4 18 32 20 45 26 
4 78 12 16 94 25 1 57 70 12 83 98 28 4 23 50 13 8 19 43 63 37 48 50 17 
58 69 1 32 82 3 68 24 32 77 21 39 92 62 22 1 33 91 85 73 7 86 51 39 5 
58 99 56 37 7 97 45 69 78 41 32 82 78 74 60 7 29 5 39 34 60 38 61 52 53 
32 68 6 8 66 78 36 3 34 82 81 89 96 64 80 19 68 75 85 73 86 52 10 3 63 
75 69 82 28 39 46 32 82 3 61 30 92 19 14 59 12 49 26 17 72 7 64 33 31 39 
44 25 26 95 27 16 87 19 47 84 66 30 18 26 8 94 88 19 77 73 16 63 61 3 72 
11 30 99 28 90 39 48 48 69 87 46 53 47 20 67 5 9 11 16 11 54 81 81 61 38 
18 43 64 4 61 22 37 43 66 85 59 75 55 64 62 24 60 12 88 46 75 75 85 22 87 
40 5 81 54 76 54 58 46 77 95 63 44 11 60 47 24 80 75 3 92 22 19 59 70 48 
53 53 46 3 9 67 73 28 97 66 50 24 93 74 17 19 3 51 68 66 85 24 30 21 48 
MACHINES
12 4 2 9 23 21 24 5 7 8 11 19 25 6 17 10 18 1 14 13 22 20 15 3 16 
16 7 19 20 6 3 25 17 1 18 23 8 2 11 5 12 15 14 24 4 9 22 10 13 21 
9 4 18 22 5 6 20 7 14 3 24 12 16 25 10 2 1 15 23 11 19 8 17 13 21 
6 24 5 3 22 8 15 21 7 25 9 11 13 16 10 12 20 17 19 14 1 4 2 23 18 
4 7 22 16 19 20 12 15 6 21 9 18 10 1 11 25 2 17 3 24 14 13 5 23 8 
17 2 5 13 24 9 7 4 20 18 6 12 15 1 25 22 21 16 19 8 10 23 14 11 3 
7 24 23 19 8 18 4 14 3 11 10 16 22 25 20 2 13 17 15 21 5 12 1 6 9 
24 22 10 20 17 21 14 6 11 13 18 15 23 2 12 25 19 8 5 16 7 9 4 3 1 
15 11 16 23 19 13 1 22 7 2 8 12 21 3 25 10 18 6 14 5 24 17 20 4 9 
16 21 12 1 14 9 6 22 15 13 11 8 4 7 25 3 10 20 19 18 17 23 5 2 24 
14 19 21 15 6 11 13 7 16 25 1 5 10 9 4 2 18 12 3 22 23 20 17 8 24 
3 9 20 17 14 7 15 13 8 6 19 16 10 1 11 22 21 25 18 23 24 2 5 4 12 
24 22 7 2 13 25 9 19 11 21 12 8 10 15 18 23 6 20 14 1 4 17 3 5 16 
7 15 14 1 5 3 4 25 23 13 17 18 16 21 19 8 22 11 2 12 20 10 9 24 6 
4 15 14 22 2 8 3 23 1 21 10 24 17 9 13 25 20 12 11 6 16 7 18 19 5 
