1979464769,2099577120
15,25,25
7 40 23 8 95 82 82 12 39 54 37 55 21 26 73 39 91 63 77 54 89 51 56 94 2 
29 48 58 58 85 55 4 57 99 32 19 37 63 73 11 95 19 99 35 80 78 32 6 61 21 
23 30 67 4 57 31 85 87 53 41 21 32 11 79 3 60 97 13 37 93 5 81 26 5 18 
55 44 28 44 9 16 25 54 52 34 26 43 51 14 26 26 92 54 52 20 55 44 83 82 63 
59 95 77 4 76 37 38 42 26 72 95 91 90 80 55 57 86 81 63 85 98 49 54 59 25 
51 70 55 26 62 89 95 41 22 48 67 73 20 19 84 94 26 99 19 81 36 29 11 50 55 
95 69 78 34 87 17 54 5 75 84 12 96 22 35 61 18 17 59 98 48 8 40 51 69 40 
95 58 40 58 30 13 73 30 19 66 47 89 17 47 3 53 21 16 74 42 42 55 39 14 37 
29 22 46 69 65 50 21 77 73 29 72 71 9 5 27 17 4 23 32 24 36 69 92 96 34 
34 83 43 13 53 54 10 74 3 38 69 28 66 65 80 13 46 10 96 53 36 4 85 68 57 
58 17 76 66 26 52 63 94 20 44 61 13 20 99 86 82 88 48 71 6 15 91 67 69 11 
83 54 51 34 45 3 87 16 70 63 76 82 53 5 84 38 98 41 84 95 21 99 84 27 51 
93 77 29 8 87 56 45 87 49 29 12 4 16 25 27 76 38 40 37 49 17 55 99 92 56 
14 13 40 65 61 45 92 55 66 71 25 4 50 53 37 40 67 31 75 96 37 53 10 86 86 
87 5 8 18 15 8 88 83 17 17 49 18 4 64 20 47 73 55 90 21 51 78 98 62 94 
MACHINES
1 12 15 13 16 9 4 25 10 3 14 8 24 23 6 7 21 17 22 18 2 11 19 5 20 
1 7 17 21 6 14 3 16 20 9 10 4 23 19 11 22 5 15 25 18 13 12 2 24 8 
11 22 13 7 10 6 5 24 8 20 17 16 4 12 18 2 21 9 19 3 15 23 25 14 1 
15 24 8 5 9 6 11 19 21 7 1 14 25 20 22 17 10 2 16 12 23 4 18 3 13 
23 19 16 9 24 7 6 12 14 21 11 17 13 1 3 15 18 2 8 5 20 4 10 25 22 
11 3 20 12 4 8 10 25 19 15 24 18 17 5 9 2 6 1 14 13 7 22 21 23 16 
6 21 11 14 25 13 3 8 16 4 23 12 1 7 24 19 18 22 2 20 9 10 17 15 5 
8 18 15 10 25 13 7 4 19 5 11 24 21 17 14 9 6 23 1 12 22 2 20 3 16 
1 20 19 23 14 9 24 18 16 22 5 17 15 2 13 7 12 11 3 6 25 10 4 21 8 
25 16 6 10 11 15 7 21 2 4 24 14 9 17 19 1 3 23 13 22 8 12 20 5 18 
16 11 24 4 20 3 23 9 12 14 1 22 10 5 7 13 17 2 6 19 25 21 8 18 15 
20 8 6 13 19 22 12 9 16 14 18 17 23 10 25 24 11 4 15 2 1 21 5 7 3 
24 16 1 21 9 25 12 11 18 3 10 17 15 20 5 23 8 22 13 7 2 14 6 4 19 
2 11 25 3 12 1 17 6 21 7 22 10 20 8 16 9 18 13 5 23 24 14 15 19 4 
24 13 5 14 6 15 18 17 12 19 23 4 8 9 16 3 25 21 1 22 20 2 11 10 7 
