6219005988,1134257658
15,25,25
12 52 13 48 96 88 21 85 37 10 25 71 36 12 95 73 55 66 7 78 63 30 54 43 51 
20 61 70 23 47 22 43 92 16 51 60 37 28 90 4 81 51 71 3 74 36 7 67 22 89 
62 92 28 85 3 19 43 28 1 32 81 99 53 67 26 81 45 85 50 33 68 16 87 58 11 
68 65 7 56 38 24 32 68 57 23 78 36 44 10 3 67 73 16 42 73 9 71 9 48 81 
96 53 84 81 20 92 68 3 14 39 14 72 87 51 80 83 95 96 13 59 16 41 36 56 66 
1 25 56 88 5 12 3 58 71 26 83 12 81 1 17 98 92 68 91 52 58 81 57 39 62 
67 48 90 12 43 63 53 64 33 51 33 15 36 62 78 24 86 28 18 75 46 26 63 73 94 
21 53 67 5 75 79 68 75 32 33 10 25 88 56 36 8 1 61 89 60 67 18 94 47 57 
91 84 69 30 37 96 72 62 97 66 23 48 19 85 50 59 79 33 2 25 95 94 40 62 58 
81 81 15 5 62 30 12 72 52 43 79 26 37 93 7 37 87 41 88 24 22 9 27 29 22 
49 42 62 38 60 76 51 88 47 3 86 77 24 65 77 55 97 78 31 22 41 64 8 77 40 
78 49 87 41 87 49 90 60 32 41 12 45 20 21 61 47 47 52 32 60 24 80 53 36 45 
28 42 37 40 80 96 71 94 17 14 11 64 83 76 60 90 79 14 1 82 78 56 98 28 96 
51 28 95 12 68 97 53 76 42 11 84 89 36 64 26 54 61 94 15 61 48 87 78 69 71 
96 78 10 9 38 72 41 98 43 56 86 15 31 35 64 16 12 13 69 24 80 75 96 5 50 
MACHINES
6 4 9 22 19 24 1 12 17 2 15 14 16 18 20 3 11 5 25 10 21 7 8 13 23 
2 9 7 1 17 22 23 10 25 24 6 4 19 12 8 15 21 3 14 16 11 5 18 20 13 
10 7 22 25 17 14 11 12 16 20 15 18 8 19 3 24 5 2 23 13 9 4 6 1 21 
12 1 17 14 10 11 3 2 18 7 19 8 4 16 20 6 24 21 5 22 9 13 25 23 15 
11 16 6 2 24 19 7 15 8 13 5 23 14 18 20 3 9 1 10 12 17 22 21 4 25 
11 2 14 7 8 9 17 20 13 5 15 18 6 10 3 19 23 16 1 24 22 25 21 4 12 
9 12 13 25 18 24 5 3 14 2 4 1 21 20 11 19 22 16 15 10 6 23 8 17 7 
22 9 15 4 11 24 6 21 3 23 7 17 13 18 19 12 2 20 25 1 14 16 8 5 10 
7 10 1 24 25 17 16 11 22 2 18 13 8 4 5 6 12 19 3 14 20 15 21 23 9 
19 17 14 24 11 20 25 10 9 3 22 2 18 4 5 21 1 13 6 15 23 12 16 8 7 
20 23 5 11 22 24 13 17 2 14 8 1 10 21 19 3 15 7 25 4 6 16 12 9 18 
14 25 17 23 13 8 11 19 15 1 6 22 12 5 18 3 2 20 24 21 16 7 10 9 4 
16 21 17 10 2 5 12 3 15 18 24 14 8 11 4 25 22 6 1 19 9 7 13 23 20 
3 19 12 9 11 10 6 8 17 20 2 25 14 5 23 24 1 21 22 18 4 7 13 15 16 
20 5 11 22 2 15 14 21 4 10 3 24 7 13 25 8 17 23 6 9 12 16 18 19 1 
