9288795776,1973686460
15,30,30
80 44 52 26 81 35 4 85 53 97 72 65 35 44 22 45 99 89 45 15 3 48 27 53 70 70 68 82 98 14 
39 76 98 4 6 82 51 33 19 72 60 17 19 7 43 1 78 73 91 32 75 11 29 47 21 95 41 50 54 24 
34 12 5 27 36 70 31 11 42 19 42 27 54 16 16 11 1 52 37 36 86 37 16 28 88 87 41 26 11 82 
11 44 30 39 16 60 26 4 67 32 48 61 76 69 40 94 81 47 2 53 35 22 22 38 86 1 1 19 10 78 
45 34 79 25 26 48 67 99 90 78 3 62 54 67 79 8 33 4 65 98 55 53 55 25 17 51 66 36 77 52 
44 10 43 67 72 74 24 70 95 36 58 83 45 57 30 29 35 13 90 63 27 43 40 92 29 49 7 85 28 80 
86 90 34 3 70 33 21 14 35 12 96 16 17 7 30 89 32 84 13 4 41 75 97 68 26 74 93 13 27 29 
30 82 83 93 60 32 60 6 43 92 23 73 12 28 53 31 64 60 31 44 84 11 38 73 39 63 80 11 83 1 
81 16 56 50 32 21 5 54 28 25 29 28 4 72 3 22 29 63 63 73 2 11 94 38 62 84 13 93 42 1 
8 70 47 14 47 57 51 80 7 80 85 61 65 18 43 82 61 53 92 51 32 67 37 3 37 62 3 46 32 24 
81 25 78 7 60 38 55 13 92 1 64 50 25 87 6 72 17 1 70 92 82 38 16 56 61 84 22 97 93 70 
86 71 3 22 3 16 85 55 16 77 17 33 21 97 38 94 56 40 89 93 50 7 41 14 78 9 97 45 49 8 
35 20 79 32 9 34 78 88 38 1 17 36 4 4 43 17 3 73 25 40 12 29 35 29 72 8 35 25 29 29 
56 64 13 9 56 62 66 87 7 7 70 18 14 98 18 60 81 66 95 2 3 94 46 42 11 68 15 65 55 80 
44 70 45 80 59 32 66 15 77 19 97 35 54 64 43 74 21 18 71 40 12 86 79 6 51 56 46 12 60 19 
MACHINES
17 27 6 5 1 8 16 20 13 24 3 28 30 4 2 21 29 25 7 18 19 15 11 10 22 12 9 23 26 14 
2 16 29 15 13 11 10 27 22 19 12 17 1 28 6 23 5 3 4 24 21 18 20 7 26 30 14 25 9 8 
26 19 4 11 18 28 5 24 23 16 13 29 15 10 12 30 22 17 14 1 2 8 27 6 21 25 3 7 20 9 
24 1 9 12 18 3 27 4 7 21 2 8 15 14 6 19 25 5 29 22 13 30 23 26 17 20 16 10 28 11 
24 6 22 8 18 29 27 4 25 9 28 2 5 20 17 26 16 30 19 13 23 15 1 12 3 10 14 11 7 21 
16 26 2 21 14 11 27 19 7 29 23 28 15 20 30 3 9 5 12 25 13 10 17 22 8 24 1 6 4 18 
1 19 6 10 11 17 15 20 27 23 26 30 18 3 28 21 25 14 9 13 8 7 22 29 24 4 2 12 5 16 
2 22 9 26 18 12 30 28 5 10 14 27 21 1 23 19 6 3 4 11 8 29 15 16 17 7 25 24 13 20 
22 5 7 15 26 2 6 9 14 25 12 29 3 17 21 4 30 24 18 11 19 20 23 8 28 10 16 13 1 27 
29 18 4 15 9 14 8 24 10 17 21 25 1 26 28 7 2 27 13 12 3 5 30 6 11 19 20 23 22 16 
21 16 10 5 18 3 8 11 15 7 24 9 2 22 28 23 13 17 12 26 4 20 1 29 30 19 25 14 6 27 
2 29 15 16 11 12 20 24 8 3 17 10 9 13 6 7 18 5 25 21 22 4 27 30 1 26 28 19 23 14 
30 9 20 7 19 13 6 21 12 28 23 1 8 2 15 25 24 16 26 5 22 29 10 27 17 14 11 3 4 18 
29 25 20 7 21 16 9 13 1 18 6 8 17 24 23 28 26 22 10 11 19 12 3 5 15 27 4 30 2 14 
8 27 26 11 3 5 21 9 20 29 25 6 18 30 24 2 19 4 23 10 22 17 16 12 1 14 28 7 15 13 
