6671789405,9109550379
15,30,30
70 83 18 10 49 80 47 83 24 47 35 4 61 56 78 95 9 12 65 12 85 17 16 19 13 57 46 84 86 38 
40 29 90 83 70 5 87 97 99 37 94 17 77 10 57 56 67 42 10 75 31 95 44 28 40 65 81 38 92 96 
16 3 8 8 47 90 64 94 43 6 12 10 83 94 1 71 3 81 70 79 28 80 15 89 15 6 36 37 36 66 
22 57 76 79 75 53 54 55 45 75 27 55 60 93 48 71 54 72 95 36 97 70 98 95 77 31 61 67 21 84 
75 60 3 71 11 22 10 59 75 45 52 88 89 81 45 74 89 22 66 15 18 9 72 16 81 84 72 80 16 96 
20 79 97 16 82 47 65 6 8 98 29 21 24 43 32 40 64 94 70 53 55 91 63 90 60 44 14 29 26 58 
92 22 47 47 38 39 64 37 42 58 61 28 30 64 83 57 27 8 2 1 15 24 70 61 9 73 69 96 33 78 
99 42 5 16 74 85 8 33 87 52 83 92 3 85 46 50 61 83 74 70 99 22 78 49 36 85 37 66 35 17 
98 7 41 77 33 35 49 16 3 76 47 25 58 17 92 9 36 54 23 48 1 97 23 67 25 69 36 19 40 33 
20 79 31 12 68 39 44 28 34 62 83 14 3 83 50 52 57 79 52 63 58 70 2 54 47 52 7 44 17 91 
46 26 97 97 55 70 85 43 23 1 86 58 10 30 16 31 2 80 99 25 67 58 53 97 28 32 60 78 89 32 
22 16 5 21 69 49 23 89 76 13 35 76 59 21 98 46 80 34 57 99 35 55 94 78 79 78 44 75 87 53 
73 63 20 43 76 53 70 55 53 85 10 90 85 34 63 98 21 33 30 58 5 97 38 28 42 78 63 26 69 1 
60 65 1 37 74 71 21 16 44 67 10 86 46 15 91 54 70 95 45 27 88 8 35 74 63 54 28 42 43 63 
13 31 28 63 45 34 11 85 67 18 64 41 51 86 22 58 22 90 18 98 98 68 87 40 90 27 86 14 90 75 
MACHINES
27 10 30 24 28 17 7 6 15 11 18 29 9 26 19 14 12 20 4 2 22 3 1 23 21 5 25 8 13 16 
1 21 15 22 25 12 17 8 5 4 10 20 18 14 13 27 7 30 29 24 2 23 26 16 28 9 11 3 19 6 
20 23 28 22 17 10 18 25 16 2 11 15 21 4 24 5 1 29 13 27 14 3 12 26 19 8 6 7 30 9 
7 8 26 17 6 20 30 19 5 11 9 22 15 3 21 2 1 13 14 29 23 18 4 10 24 27 16 25 28 12 
2 3 27 21 11 9 7 18 28 4 5 10 24 15 23 20 6 22 12 30 14 17 13 8 19 29 26 16 25 1 
21 11 16 2 26 25 28 6 23 17 14 29 8 9 4 20 13 22 7 15 24 18 19 12 30 1 27 10 3 5 
15 4 2 28 14 25 24 9 21 20 22 16 26 13 5 7 27 6 29 30 12 8 3 19 1 11 17 23 18 10 
11 18 9 7 16 26 28 17 24 21 20 15 5 25 2 12 1 3 10 27 13 30 19 14 6 23 29 8 22 4 
19 5 20 30 22 25 26 17 8 12 13 21 2 10 27 14 29 18 11 6 16 9 3 1 28 4 7 23 15 24 
25 3 17 15 19 8 13 20 24 18 16 7 2 9 11 5 29 14 30 6 1 26 10 27 21 22 28 4 12 23 
2 24 21 26 27 19 11 17 3 8 12 14 10 13 7 29 20 28 22 5 25 6 1 15 23 30 9 18 16 4 
14 1 18 27 29 30 24 6 11 10 20 4 16 8 12 9 5 17 13 19 3 28 25 26 7 22 2 15 21 23 
12 16 29 6 8 7 19 26 22 25 21 18 4 28 11 3 10 9 1 15 14 23 2 5 20 27 24 13 30 17 
14 22 10 17 13 7 24 1 5 2 15 28 20 11 26 4 25 21 30 19 23 29 18 3 6 9 8 16 12 27 
9 8 4 24 22 10 21 13 25 19 16 23 20 27 26 6 2 15 29 1 30 18 12 3 7 11 17 28 5 14 
