5511483528,2220667019
15,30,30
76 88 38 23 92 59 65 12 57 91 20 58 5 62 72 30 5 23 20 34 37 88 75 12 32 75 81 67 68 12 
97 67 7 17 38 47 65 97 65 84 66 11 94 32 22 2 54 90 94 25 47 47 83 56 63 39 62 94 73 71 
78 69 83 41 71 50 48 20 67 1 58 72 47 79 58 58 1 81 53 86 43 91 88 41 83 15 51 14 75 86 
54 52 47 29 21 22 33 17 12 68 72 84 82 69 27 68 81 21 54 98 89 44 8 45 14 20 4 26 44 82 
65 56 91 1 59 32 95 67 59 3 59 38 59 42 98 58 88 66 8 5 92 56 75 88 71 1 9 29 60 99 
80 22 36 43 64 76 6 83 17 80 59 87 70 85 46 10 83 3 49 52 10 21 5 96 32 6 18 17 68 35 
51 54 64 22 66 57 5 45 40 61 30 3 31 14 39 28 4 66 28 65 47 40 33 86 81 32 95 54 63 50 
39 10 90 95 49 21 56 44 46 49 85 58 2 46 9 12 41 45 29 37 48 12 30 39 96 85 23 36 61 54 
85 43 28 96 17 54 76 77 59 9 22 18 29 15 17 10 29 83 53 22 79 33 25 89 40 89 46 87 50 66 
21 74 98 61 89 77 42 72 99 13 72 63 26 16 73 64 49 82 29 81 41 60 3 41 64 4 88 50 49 86 
71 34 21 49 1 64 54 20 18 91 82 48 8 38 93 64 49 75 86 9 20 22 74 58 88 51 2 49 88 25 
81 27 50 51 37 35 6 49 88 78 47 18 71 91 51 30 68 36 69 36 17 34 99 74 96 95 52 31 80 37 
78 4 88 1 2 6 85 95 57 38 12 71 73 64 37 25 49 9 25 37 77 19 85 80 22 46 42 11 56 54 
40 79 62 28 24 28 32 56 83 55 92 86 3 20 52 53 22 94 14 80 16 28 53 72 27 30 3 86 35 57 
49 10 11 83 77 86 1 79 60 65 49 95 16 89 60 30 97 1 71 73 16 44 3 45 4 54 4 68 31 37 
MACHINES
28 21 29 9 11 24 15 25 17 8 5 27 20 10 3 2 19 6 14 13 18 12 26 22 30 23 7 16 4 1 
14 25 15 16 8 22 9 24 7 27 26 29 4 18 30 5 13 21 10 19 11 20 6 17 28 23 12 2 3 1 
29 27 10 6 15 18 22 21 3 5 16 11 12 9 20 28 26 8 23 17 14 2 24 25 30 19 1 7 4 13 
9 12 20 11 2 19 1 30 26 17 28 8 22 27 24 25 6 4 10 21 29 14 13 7 3 23 5 16 18 15 
21 14 10 15 6 29 19 24 25 12 5 3 22 2 1 30 28 9 8 17 16 26 23 27 20 11 18 13 4 7 
6 1 18 27 30 14 13 8 11 22 19 4 23 26 12 20 15 9 24 28 7 10 3 16 21 25 5 17 2 29 
7 17 18 25 27 22 6 5 4 1 13 8 23 3 14 10 29 11 19 16 28 2 20 24 9 30 26 12 21 15 
24 10 22 27 1 30 3 15 21 14 29 18 26 4 2 28 6 5 23 13 8 12 11 17 20 25 9 16 7 19 
28 16 30 14 12 17 4 8 21 22 27 25 2 29 10 11 19 5 24 23 7 9 6 20 18 13 15 26 1 3 
26 5 27 6 30 17 24 12 18 14 22 23 9 29 13 20 21 4 10 19 2 28 25 16 11 3 1 8 7 15 
17 19 30 1 13 21 22 18 23 14 26 15 2 7 5 29 12 28 16 11 9 10 8 3 20 27 24 4 6 25 
19 24 8 17 25 21 14 4 23 6 15 27 7 2 3 10 29 16 28 18 13 9 1 22 26 30 11 5 20 12 
3 20 15 28 23 18 12 2 4 1 16 10 30 27 7 11 9 21 26 24 17 25 29 22 6 13 14 5 19 8 
27 3 7 6 26 9 30 21 19 20 28 24 16 8 15 10 23 14 17 29 2 1 25 22 18 12 5 4 11 13 
18 23 9 6 4 20 21 26 2 25 7 22 11 30 17 10 15 28 24 1 29 3 19 8 12 5 14 13 16 27 
