9796119993,1421618367
15,30,30
11 58 24 57 5 90 48 21 18 38 15 65 38 31 31 85 41 91 31 55 26 84 22 23 10 32 82 34 36 83 
49 51 27 47 74 54 78 82 66 48 14 38 84 90 31 22 49 40 61 84 44 63 12 39 20 35 55 22 72 43 
83 74 25 83 10 24 74 85 33 87 44 17 45 61 74 23 34 14 85 2 56 54 57 4 60 70 78 63 81 34 
27 30 70 41 90 99 11 8 77 6 33 30 55 26 79 67 30 32 41 81 47 43 71 68 18 89 51 11 17 4 
80 24 81 43 65 48 17 51 49 40 66 34 89 77 6 60 53 25 36 19 55 67 38 85 38 48 89 96 33 87 
39 54 68 55 7 57 34 55 74 98 71 86 20 89 3 19 86 75 8 56 87 11 29 63 40 55 94 54 87 73 
83 1 82 55 74 37 82 26 61 16 93 2 95 28 89 65 24 38 86 37 59 29 40 42 81 22 78 2 86 14 
74 96 32 67 52 30 66 15 25 95 99 97 80 18 46 74 38 75 65 74 98 91 86 11 3 16 45 50 88 69 
94 33 59 1 34 77 16 42 51 28 32 46 28 80 62 94 98 7 88 71 25 40 40 11 14 78 32 52 54 54 
76 41 86 91 4 38 81 25 15 18 1 86 53 30 80 55 19 45 88 73 30 10 46 60 34 22 43 98 90 34 
36 32 73 47 62 73 56 65 9 12 42 45 88 78 69 72 18 83 55 61 63 81 49 2 40 52 10 83 2 71 
31 64 3 50 36 83 28 39 11 9 66 77 26 11 43 55 61 56 17 11 13 22 67 78 39 39 87 44 61 74 
67 20 53 89 43 45 8 61 30 60 48 97 99 78 59 87 94 58 97 86 65 37 48 49 3 68 22 12 92 47 
84 80 27 27 98 56 64 36 18 36 46 81 97 96 43 29 5 25 6 69 54 5 62 93 41 13 71 60 95 96 
64 39 25 78 57 70 89 88 12 90 38 28 18 99 93 19 53 38 78 47 20 39 24 52 75 59 35 95 73 61 
MACHINES
2 9 19 7 5 26 18 4 17 15 24 14 22 16 29 3 6 10 30 23 13 20 1 25 28 12 27 8 21 11 
19 7 15 22 6 30 12 3 14 20 16 29 11 2 5 18 10 17 27 13 21 26 1 23 28 8 9 24 25 4 
17 5 10 13 1 26 12 20 24 4 29 19 21 8 9 23 6 14 27 3 2 25 28 18 15 16 30 22 7 11 
27 28 6 15 29 23 9 18 11 3 8 10 24 1 2 12 4 19 20 22 7 16 14 17 13 26 30 25 21 5 
3 8 28 19 23 2 1 13 9 20 12 16 25 27 6 14 26 22 29 18 7 24 17 30 4 10 21 5 11 15 
5 19 26 15 10 13 22 30 14 3 23 18 21 12 25 24 29 2 4 8 20 16 7 11 9 28 17 1 27 6 
2 26 12 27 28 16 9 14 7 4 23 15 22 20 30 24 11 19 1 18 5 13 8 3 29 25 21 10 17 6 
24 23 18 14 2 15 28 11 3 27 30 16 10 4 13 26 12 17 5 9 29 20 8 25 19 6 22 21 7 1 
19 28 5 3 26 12 30 17 9 18 22 29 4 23 21 14 7 10 1 25 16 2 11 6 15 27 20 8 13 24 
4 5 7 20 21 3 25 27 15 10 26 23 13 14 12 18 11 29 2 1 30 16 24 17 9 19 8 6 28 22 
4 29 22 16 17 26 23 7 24 1 12 3 30 8 5 11 18 27 9 20 14 2 21 25 6 28 13 10 19 15 
11 14 17 27 12 21 6 7 13 28 1 4 18 3 15 23 16 10 24 19 26 5 9 22 30 20 29 8 2 25 
24 27 19 30 2 22 21 4 8 10 3 18 5 28 23 9 6 12 26 16 11 20 29 1 13 25 14 17 15 7 
10 15 6 8 11 5 18 30 28 12 27 1 4 20 14 21 9 29 3 26 23 19 7 22 24 17 2 16 13 25 
26 3 1 30 20 2 24 13 22 7 29 25 17 23 19 8 14 16 28 15 6 4 21 10 11 12 5 18 27 9 
