2887947422,5102331949
15,30,30
73 94 27 53 83 92 34 92 34 46 48 4 98 9 53 84 92 45 59 4 73 97 7 56 63 72 30 40 23 37 
25 35 68 73 80 74 11 3 86 85 64 85 16 80 33 81 27 64 23 96 90 63 61 28 8 42 9 11 31 42 
79 85 11 48 38 85 26 37 69 66 84 81 10 78 74 23 78 23 57 17 3 22 17 73 98 40 99 85 66 72 
57 48 63 53 62 42 15 10 59 49 86 78 23 16 27 13 95 1 61 34 37 94 31 34 53 26 72 38 50 29 
76 20 79 59 26 70 54 13 2 37 93 4 51 81 16 5 29 32 44 58 35 55 33 86 47 57 84 45 23 58 
68 74 24 35 82 39 41 36 84 26 69 32 32 35 53 43 74 60 33 39 45 61 94 98 74 96 3 53 90 36 
51 11 43 78 47 41 39 32 97 43 30 59 48 60 57 26 36 21 68 22 22 70 87 64 12 51 25 75 62 48 
95 28 39 19 82 71 54 42 84 3 29 45 46 72 78 16 14 22 52 85 37 21 19 31 57 22 38 2 41 44 
80 20 39 9 35 5 69 66 42 30 27 48 69 30 33 82 39 27 7 73 47 74 98 99 92 39 49 18 79 34 
10 91 71 31 17 60 12 85 95 15 80 55 33 70 77 74 97 51 27 75 43 47 63 13 89 56 4 64 42 67 
66 74 14 3 11 25 87 36 39 71 81 77 60 16 91 98 13 40 93 93 67 44 27 54 59 97 26 4 53 8 
65 44 5 53 44 11 60 18 43 15 83 67 87 15 43 6 51 13 20 22 6 42 97 56 74 59 95 71 58 14 
68 81 31 45 20 99 95 3 84 47 52 39 85 97 21 29 19 16 4 89 79 74 86 18 68 42 68 4 18 42 
44 2 58 52 36 84 53 70 25 95 23 10 52 21 98 77 50 76 33 93 63 76 41 93 21 76 12 66 75 36 
18 84 56 86 85 33 85 4 18 66 84 60 50 79 72 19 83 88 23 30 4 5 39 99 72 64 13 82 31 43 
MACHINES
5 6 10 2 26 22 9 30 7 14 11 24 3 4 16 27 12 18 20 25 15 23 19 13 17 8 21 29 28 1 
19 24 15 30 4 10 11 28 23 3 27 13 20 22 12 6 8 16 2 29 17 9 18 14 1 26 7 25 21 5 
25 8 14 29 26 4 19 27 16 23 22 13 2 5 6 28 9 3 11 7 20 24 30 1 15 21 12 10 18 17 
30 14 20 8 25 3 1 26 10 13 12 9 27 28 23 19 4 11 7 18 29 22 21 16 5 17 24 6 2 15 
6 15 26 22 24 13 27 11 20 29 12 14 3 4 30 7 23 25 1 10 21 5 8 2 18 19 28 9 17 16 
29 3 14 28 23 7 18 1 19 12 30 20 26 15 8 2 5 25 11 22 17 21 9 24 16 4 6 10 13 27 
20 23 22 18 29 8 5 15 3 27 10 17 13 30 12 21 11 9 26 2 7 14 24 16 19 4 6 25 28 1 
8 10 26 9 3 24 7 18 21 1 27 12 11 2 5 23 14 29 22 15 17 6 4 20 16 13 19 28 25 30 
16 4 24 25 2 22 14 26 1 19 10 23 17 21 27 5 8 13 18 15 28 11 29 30 3 7 12 20 6 9 
12 14 24 8 2 23 30 7 17 1 5 10 27 6 29 26 3 20 21 9 4 28 19 15 16 22 11 18 25 13 
26 17 3 27 7 4 19 22 5 18 20 8 15 21 14 1 13 12 16 29 11 6 2 10 9 23 25 28 30 24 
12 25 17 23 1 5 28 4 2 11 29 22 18 21 30 7 19 13 14 10 8 16 15 26 3 24 6 20 9 27 
14 19 27 8 5 28 10 3 15 22 21 20 25 1 24 7 4 26 6 11 9 12 13 16 29 17 2 18 23 30 
3 30 24 27 5 8 15 19 28 4 1 26 12 18 13 14 25 23 21 20 16 22 17 6 9 7 10 29 11 2 
3 17 14 18 12 2 21 7 30 11 24 10 4 20 26 5 13 23 29 25 19 9 15 1 16 8 27 28 6 22 
