2062612383,2452809164
15,30,30
59 17 65 65 21 76 77 65 31 69 8 34 91 52 36 39 68 68 79 73 99 46 98 79 31 44 81 24 70 76 
21 52 97 19 96 79 81 69 11 52 47 12 48 80 67 79 86 43 59 6 33 14 89 15 55 6 50 78 69 62 
13 67 72 70 94 73 27 4 61 52 58 94 92 91 86 62 89 22 80 43 18 12 10 77 39 54 46 46 62 53 
82 45 8 50 19 22 32 6 39 76 13 45 81 40 48 66 44 64 6 7 95 51 19 1 92 3 42 26 40 17 
58 18 71 80 39 17 83 50 88 17 49 41 78 97 87 2 11 51 30 39 45 88 30 31 14 7 4 73 42 34 
7 74 2 17 73 52 41 33 34 65 98 59 15 52 92 24 14 6 98 71 20 79 22 75 76 85 36 73 14 91 
19 2 27 95 68 18 98 53 33 47 11 16 58 45 23 29 65 69 26 2 50 7 8 60 60 29 32 40 55 67 
22 33 17 78 18 84 80 95 92 7 94 97 36 95 89 91 77 9 32 7 59 49 5 2 83 71 87 35 13 97 
82 76 86 1 54 2 93 14 93 4 65 12 15 86 11 54 32 56 68 25 5 87 26 91 86 40 65 99 89 14 
98 87 60 29 46 50 65 24 25 61 93 80 34 31 9 32 51 22 86 98 28 98 46 81 39 95 74 39 14 97 
52 85 16 72 49 78 97 12 28 96 91 46 3 95 47 62 2 34 15 24 24 18 70 89 71 16 88 98 7 88 
77 7 5 93 53 37 38 54 64 85 42 61 56 32 32 14 96 72 75 91 51 94 56 69 9 3 58 88 37 38 
96 15 43 78 95 33 9 33 19 82 58 17 57 18 41 28 26 34 60 78 80 82 41 79 89 37 10 14 61 87 
66 63 25 84 32 45 47 99 58 11 59 3 76 87 64 39 34 32 23 47 89 54 42 50 84 34 45 31 27 30 
30 23 29 42 76 65 85 78 69 68 65 47 89 78 67 43 20 8 51 38 26 50 84 52 50 53 63 4 6 84 
MACHINES
23 21 9 19 8 5 29 17 6 4 7 30 26 18 22 16 1 20 10 28 27 11 15 14 2 3 24 25 12 13 
15 29 22 23 6 14 9 2 18 5 21 17 19 10 1 13 7 27 4 24 20 11 25 30 16 28 8 26 12 3 
18 7 15 4 26 14 13 20 11 5 30 1 19 24 16 27 29 9 2 10 6 22 21 8 3 25 12 23 17 28 
28 2 9 7 4 22 10 16 24 29 19 21 30 20 18 25 26 11 3 6 1 5 14 15 13 23 12 27 8 17 
4 25 5 6 10 29 23 2 21 13 17 14 9 24 3 12 1 16 20 30 18 15 22 28 7 26 11 19 27 8 
15 18 8 30 21 13 28 25 19 3 10 24 2 17 22 1 23 12 14 20 26 6 27 4 9 16 29 7 5 11 
2 28 13 4 21 20 25 24 23 22 5 18 10 9 15 6 30 27 14 19 11 16 1 29 26 7 12 8 17 3 
25 15 24 30 26 17 3 13 14 21 8 18 29 7 11 16 28 19 23 27 1 6 22 20 4 5 9 12 2 10 
7 21 24 28 27 3 23 1 22 18 30 15 4 14 25 19 13 20 17 26 5 2 9 29 8 16 10 12 11 6 
13 28 14 19 26 15 25 18 6 17 4 22 21 3 24 20 30 27 9 7 12 16 23 11 5 8 1 29 2 10 
15 14 26 8 21 29 24 16 19 28 6 5 11 3 13 4 30 27 1 9 17 7 10 20 22 23 25 12 18 2 
30 2 8 20 1 12 5 21 19 10 29 25 3 17 15 27 6 26 16 28 23 22 18 11 9 4 24 13 14 7 
24 11 13 9 14 29 17 25 10 23 15 27 2 21 26 7 19 6 3 22 4 20 5 18 30 16 8 12 28 1 
18 30 8 23 3 28 27 24 20 25 4 14 7 12 11 6 13 16 19 21 9 5 26 29 1 15 17 2 22 10 
26 20 3 28 12 10 13 18 22 29 27 6 14 19 4 30 7 9 16 2 1 15 11 23 5 21 8 24 25 17 
