2675843736,1612021446
15,30,30
28 45 9 87 44 16 26 52 40 68 50 18 81 60 23 61 60 27 75 38 23 85 48 64 40 98 18 18 76 97 
49 8 36 3 96 83 1 33 27 27 58 15 23 46 97 14 62 69 96 19 19 62 40 22 44 98 27 7 72 87 
4 33 79 14 10 2 38 41 69 86 96 92 36 21 60 33 82 84 8 18 38 6 75 14 81 83 14 68 31 73 
14 11 70 68 6 81 61 83 64 86 64 97 41 16 73 77 33 92 73 30 72 15 97 71 17 75 72 60 61 29 
7 3 7 37 17 49 76 43 51 86 78 83 12 73 57 60 81 33 36 27 84 93 54 45 46 54 4 10 43 20 
79 56 20 37 94 48 53 15 29 7 60 11 80 43 92 65 49 55 31 88 20 88 24 35 1 52 13 27 54 52 
17 86 93 99 6 46 8 78 86 51 31 48 36 90 66 97 6 6 59 8 82 31 97 53 73 10 67 40 24 13 
68 80 94 90 67 30 33 86 90 43 81 40 96 31 94 73 18 18 91 77 23 88 33 49 52 34 47 25 39 6 
33 38 30 91 34 53 37 28 35 63 25 75 30 37 15 64 21 24 86 18 34 6 66 65 60 86 36 67 96 23 
31 66 93 70 88 96 24 34 19 53 7 29 80 59 84 71 54 5 90 53 94 36 23 50 94 91 88 78 72 78 
48 26 43 2 57 21 72 58 30 18 82 27 62 31 9 24 15 46 29 68 40 30 22 19 94 13 93 48 17 91 
33 48 87 85 62 1 62 23 79 30 56 72 94 93 63 95 29 40 41 32 91 10 9 16 42 98 57 24 69 10 
73 53 94 52 75 20 30 28 88 43 35 43 43 30 22 25 2 77 88 9 99 95 94 55 10 79 35 3 4 9 
1 44 79 61 52 63 98 89 83 75 30 85 26 74 45 27 66 67 75 57 45 60 80 46 4 8 60 34 75 24 
42 58 87 62 66 47 61 24 88 51 95 47 78 67 56 32 50 13 32 37 5 35 57 51 78 28 56 39 24 47 
MACHINES
5 15 10 18 30 3 21 13 4 24 26 22 17 20 19 14 7 12 23 11 27 25 16 9 28 1 2 6 29 8 
1 4 5 22 6 29 7 23 13 2 10 24 25 14 17 12 3 20 11 21 18 15 30 28 27 9 8 19 26 16 
12 18 27 9 8 1 19 17 7 29 14 21 24 30 16 22 4 5 23 10 25 15 2 6 20 3 11 28 26 13 
22 29 1 30 6 15 21 16 2 11 18 20 5 3 27 26 7 25 8 12 14 13 19 4 23 9 28 17 10 24 
12 7 14 16 15 1 20 11 19 26 3 18 21 4 6 25 22 27 24 5 28 2 8 17 13 29 9 23 30 10 
13 5 28 21 7 18 19 27 14 22 20 3 2 29 11 6 16 15 24 30 10 23 25 26 12 9 8 17 4 1 
7 21 3 5 22 16 26 12 8 2 28 6 14 11 29 4 27 13 9 17 1 25 23 30 15 24 19 10 20 18 
5 10 9 13 28 23 12 3 24 4 30 16 14 22 1 18 21 25 11 27 17 15 29 8 2 20 7 6 19 26 
21 14 20 4 10 9 13 19 16 5 24 1 2 15 28 27 12 22 18 17 3 11 8 7 6 23 29 26 25 30 
3 7 9 5 18 15 23 12 28 26 6 2 27 25 24 13 19 29 17 8 21 20 16 30 22 10 14 11 4 1 
3 19 30 26 18 12 7 6 11 21 10 17 1 23 2 15 22 8 13 20 25 27 14 4 28 16 24 29 9 5 
13 3 5 8 7 12 27 24 10 14 9 29 19 28 4 26 25 11 18 16 22 21 2 6 17 15 20 30 23 1 
3 26 25 15 29 18 7 19 24 30 27 1 20 11 4 16 21 6 13 14 9 5 12 22 10 8 2 28 17 23 
2 20 7 30 12 19 18 28 9 22 4 21 16 3 26 10 15 6 17 29 24 14 13 27 23 1 25 8 5 11 
9 20 6 28 14 10 19 4 17 23 25 29 2 27 3 15 11 30 24 7 21 22 16 12 5 26 13 18 8 1 
