4592052558,2621440438
15,30,30
36 96 77 72 20 31 34 73 65 53 98 89 87 56 98 82 36 63 45 40 74 89 62 27 8 51 51 94 23 3 
60 99 66 60 93 51 50 60 1 1 47 65 53 3 96 83 8 63 72 38 24 30 57 85 71 39 62 99 21 34 
61 18 31 2 28 44 58 69 54 3 87 76 90 36 75 78 31 20 1 39 17 13 77 30 36 14 26 93 7 95 
26 8 55 82 69 48 64 27 12 99 6 43 92 30 5 70 45 36 66 60 4 55 6 29 98 64 30 26 79 50 
97 37 25 61 54 42 31 16 45 75 87 35 41 4 89 57 9 81 64 11 16 48 18 97 39 38 77 94 56 16 
29 76 40 19 96 6 19 47 9 7 44 51 57 40 91 11 26 64 81 63 39 93 86 22 29 72 97 64 72 30 
1 78 57 3 16 42 72 1 92 34 95 97 59 89 99 6 85 77 91 3 64 86 33 57 30 22 76 55 61 27 
93 26 90 82 73 49 66 11 70 45 6 98 31 80 72 78 17 8 55 66 21 32 4 3 76 48 60 3 12 98 
43 60 80 21 45 28 19 23 12 42 43 99 87 86 43 94 21 92 4 18 83 59 42 16 65 22 78 86 45 11 
90 81 44 22 26 64 88 99 52 5 99 54 43 54 65 81 55 2 2 88 55 76 50 88 91 48 41 86 64 4 
90 94 98 86 34 31 29 20 52 97 27 89 95 51 53 75 48 70 80 22 49 59 36 92 64 95 72 79 40 97 
74 63 27 14 2 87 93 7 44 67 76 18 77 93 9 31 4 44 41 10 29 92 33 54 33 19 56 84 28 15 
60 61 2 48 71 53 8 10 84 49 53 70 15 67 10 17 14 36 53 44 31 56 70 15 71 89 78 22 77 27 
51 48 6 14 95 41 73 12 94 26 56 54 46 27 11 59 95 57 92 71 39 86 56 81 46 24 71 53 25 11 
27 98 27 33 87 4 70 26 64 97 31 12 10 48 42 62 40 5 25 88 74 15 1 98 3 3 60 53 39 64 
MACHINES
3 16 20 18 14 22 12 6 10 25 29 7 17 23 30 27 15 26 28 19 13 2 4 1 9 21 5 11 8 24 
8 26 28 19 5 24 29 3 15 4 21 9 30 16 27 2 13 7 6 12 25 14 22 11 23 1 20 17 10 18 
23 12 11 18 13 27 3 8 17 20 19 10 6 30 7 1 9 24 26 21 22 28 4 14 5 2 25 15 16 29 
1 3 20 13 23 9 19 7 29 10 8 30 16 14 12 21 2 22 17 28 26 11 15 6 24 18 25 5 27 4 
6 12 9 17 29 3 26 25 27 10 11 28 2 1 16 18 24 21 30 20 23 8 7 19 14 15 22 4 5 13 
4 20 11 12 21 17 10 24 8 30 14 7 28 19 3 23 9 13 5 25 26 16 6 18 2 1 29 27 15 22 
25 7 8 3 13 6 29 5 12 23 16 26 18 30 19 9 15 27 22 2 1 4 11 10 21 28 17 20 14 24 
6 2 10 11 1 29 24 28 15 27 18 5 3 30 22 7 9 8 13 12 16 25 17 21 23 4 14 20 26 19 
26 27 22 20 24 13 29 16 10 11 18 7 28 23 15 3 19 1 12 17 4 6 5 9 8 14 21 2 25 30 
13 26 14 22 29 5 24 4 19 25 28 16 9 23 20 6 21 7 10 30 12 3 11 18 15 27 17 8 1 2 
18 12 22 4 9 14 29 24 1 7 15 3 20 23 11 16 10 27 17 19 21 26 28 5 25 13 8 2 6 30 
29 27 18 17 11 6 30 28 1 10 5 4 2 15 16 8 21 13 22 9 23 24 20 26 3 25 19 14 7 12 
7 21 26 6 10 28 27 24 23 15 30 25 4 29 3 13 9 18 2 8 16 1 11 20 5 17 22 12 14 19 
13 17 10 23 26 7 18 12 8 1 28 25 4 11 20 27 29 3 21 30 15 16 14 5 22 24 9 2 6 19 
4 24 19 23 1 20 12 9 6 16 13 11 15 18 29 7 22 2 26 25 5 27 28 21 10 8 30 17 14 3 
