3283003518,9676461825
15,30,30
56 51 98 59 43 73 87 12 93 67 64 59 55 73 61 50 89 99 64 64 32 61 42 82 58 80 65 33 79 20 
73 11 5 93 27 80 19 34 27 47 80 69 54 86 88 57 6 96 69 77 18 66 45 63 32 41 91 80 54 47 
86 83 74 8 87 68 8 58 83 92 25 70 89 36 97 92 31 44 23 11 98 17 62 20 10 41 35 36 76 18 
94 77 59 52 58 6 5 99 69 92 1 54 43 43 97 14 51 42 22 44 85 46 32 52 7 63 84 59 47 47 
8 51 14 68 99 1 30 84 99 28 39 43 90 8 3 26 25 45 28 95 59 41 35 48 27 21 42 72 86 51 
19 78 47 89 9 86 84 38 57 32 86 61 14 57 43 53 78 62 27 82 62 64 47 56 7 55 4 64 60 40 
22 19 5 95 77 10 43 64 65 96 74 8 71 12 60 20 25 42 31 11 86 86 40 18 71 79 83 43 4 85 
22 68 71 84 33 67 48 69 95 77 71 6 24 62 87 97 93 52 95 88 96 84 3 62 69 16 2 44 95 48 
66 64 65 74 30 33 56 78 73 78 86 38 31 10 94 93 47 87 51 3 65 34 5 14 47 75 52 14 32 38 
58 92 30 79 61 89 76 74 46 67 35 64 8 74 46 56 80 22 74 16 9 85 56 11 77 40 33 92 69 69 
74 52 26 28 21 6 59 51 70 77 50 15 10 39 10 32 30 72 6 22 92 23 72 98 34 16 39 66 39 18 
19 52 8 85 1 50 11 48 95 86 17 66 53 21 12 50 96 25 22 79 23 50 35 5 57 7 63 16 1 30 
26 21 32 43 76 12 6 76 79 57 5 13 40 74 30 94 94 13 81 37 32 13 71 93 39 67 38 91 73 15 
9 65 24 14 17 3 90 83 25 28 22 83 84 5 32 28 63 13 10 63 93 70 40 83 86 69 4 83 57 49 
10 77 87 31 85 11 64 32 80 52 85 25 61 9 69 75 18 45 5 99 56 39 7 88 49 29 37 42 90 21 
MACHINES
30 8 1 21 23 6 19 24 11 5 22 27 2 9 29 7 17 10 14 3 15 28 12 18 13 16 20 25 4 26 
1 22 17 3 21 8 30 4 12 15 5 16 14 23 7 2 25 24 9 20 13 11 6 29 10 18 19 27 26 28 
22 12 29 9 24 21 19 10 27 17 5 18 15 28 8 7 4 13 14 26 30 23 1 3 25 11 20 6 16 2 
9 5 7 8 30 6 17 25 14 16 11 29 13 20 23 10 4 12 27 3 2 1 18 21 15 26 22 24 19 28 
11 5 16 28 12 19 3 10 8 22 7 30 21 26 24 27 1 29 14 4 20 25 17 18 2 23 15 13 9 6 
2 9 20 10 18 14 13 21 28 24 19 22 26 1 11 15 23 5 12 16 4 17 7 29 3 30 25 8 6 27 
22 26 6 27 16 5 20 28 3 4 21 13 7 24 17 12 14 30 29 23 2 9 10 25 15 19 8 18 1 11 
15 5 22 27 17 3 16 21 19 29 10 28 9 2 23 13 14 1 26 11 4 24 25 18 20 30 6 7 8 12 
10 7 5 28 17 1 9 27 26 23 22 29 6 15 2 3 25 18 8 20 19 4 30 13 11 21 24 16 12 14 
22 11 12 7 4 18 1 24 8 9 26 19 15 3 28 16 2 5 30 23 17 29 21 14 13 27 10 25 20 6 
1 19 3 27 29 25 26 20 15 21 7 17 5 14 4 8 22 24 9 13 18 30 23 16 6 11 12 10 2 28 
21 29 22 15 18 17 11 12 26 4 10 24 7 13 6 27 14 2 19 16 9 8 5 1 30 25 28 3 23 20 
23 29 14 21 3 18 28 11 19 2 20 6 7 8 13 12 15 10 24 16 1 4 9 27 30 17 25 5 26 22 
29 25 21 10 16 3 7 19 22 14 28 6 20 2 26 1 4 12 23 5 27 9 15 13 11 18 17 8 24 30 
15 25 12 28 11 7 14 8 16 18 1 23 22 9 26 29 4 27 6 10 5 19 13 20 3 2 24 21 30 17 
