9695721539,9620400716
15,30,30
81 24 66 55 26 92 51 23 9 35 87 74 71 87 7 23 12 14 5 68 59 72 65 8 31 17 89 11 50 84 
43 72 17 66 50 8 47 64 38 43 91 1 5 28 5 36 27 20 52 40 89 11 2 29 16 10 87 88 5 11 
25 83 69 58 89 89 84 87 91 97 23 87 88 14 60 90 55 77 17 7 9 18 69 52 1 25 60 25 66 45 
45 22 51 55 60 60 6 31 73 11 26 94 37 58 58 48 59 29 42 16 16 59 75 49 83 13 34 72 7 53 
89 43 19 89 32 44 56 7 73 71 20 36 74 72 86 87 75 67 99 74 48 5 6 61 4 4 75 21 90 12 
14 34 71 76 33 10 70 39 68 57 4 37 4 41 29 22 82 6 61 2 6 77 56 85 79 44 59 62 44 12 
5 10 38 84 25 97 64 76 45 87 96 61 89 71 95 3 90 19 33 1 80 39 93 29 5 59 76 53 33 93 
80 36 47 59 17 73 94 46 17 45 67 90 93 80 39 22 9 48 53 15 28 63 70 61 97 23 8 50 75 53 
17 94 49 81 47 1 91 32 12 75 13 66 63 94 39 17 92 32 87 96 1 51 28 10 11 42 29 72 12 45 
63 93 93 80 2 73 26 18 57 81 71 42 3 51 73 68 65 38 59 53 99 99 69 6 95 28 22 36 32 59 
58 95 57 24 7 1 96 2 86 95 14 78 76 83 76 27 38 44 48 73 15 73 28 16 25 10 95 46 94 14 
15 92 36 54 93 28 9 23 96 17 61 90 55 32 79 51 28 10 95 43 20 90 5 59 79 84 17 52 19 9 
71 73 60 2 27 10 60 97 3 43 67 14 57 2 7 69 54 42 10 91 90 34 43 34 80 1 92 73 89 4 
78 59 82 94 18 66 86 25 13 41 98 21 27 80 7 41 55 65 59 96 50 82 19 15 74 39 84 17 18 61 
53 85 98 11 5 85 37 30 71 43 50 97 17 28 24 17 41 69 65 50 38 62 62 10 45 98 62 44 52 51 
MACHINES
9 22 13 29 6 7 24 17 18 20 30 19 21 25 3 26 1 4 23 10 28 27 12 15 11 2 16 8 5 14 
18 12 21 28 26 9 8 30 4 5 2 15 16 27 19 29 1 3 10 14 24 13 23 22 25 6 17 11 7 20 
21 16 11 3 25 14 4 12 6 10 24 23 15 29 19 26 18 2 20 7 5 17 8 22 28 1 30 27 13 9 
19 20 27 10 8 29 26 13 16 18 6 9 23 14 3 2 21 17 22 30 11 12 28 5 4 25 7 1 15 24 
29 22 19 16 2 14 7 15 3 1 28 4 8 18 11 21 25 10 27 23 9 20 30 17 26 5 6 24 12 13 
14 11 23 15 18 27 25 12 2 21 4 28 7 29 19 9 30 16 6 13 3 17 24 20 10 1 8 26 22 5 
9 4 15 16 3 2 8 12 10 14 19 22 20 21 28 13 6 5 26 30 23 7 11 25 24 1 17 27 18 29 
23 1 15 16 13 3 30 27 9 10 2 18 11 7 26 21 8 24 22 6 20 19 29 17 28 14 25 12 4 5 
27 8 4 15 7 29 20 11 19 21 3 24 30 13 2 9 16 18 26 1 6 17 14 12 5 25 28 10 22 23 
15 25 27 23 10 17 14 16 24 8 18 29 11 7 22 26 12 28 2 19 21 9 13 30 3 20 6 4 5 1 
6 17 12 7 10 15 16 1 28 21 5 30 4 25 22 11 18 27 20 13 3 23 8 19 14 29 2 24 26 9 
21 22 23 6 9 27 15 19 7 18 26 10 14 29 12 11 30 5 16 3 2 20 24 4 17 1 8 28 25 13 
18 27 12 2 1 23 15 6 22 26 5 9 19 3 20 28 17 16 30 11 13 4 21 29 7 10 24 25 14 8 
7 15 29 11 2 10 13 23 25 14 6 22 21 1 26 27 16 12 8 17 5 28 9 24 3 20 18 30 19 4 
18 9 10 26 15 12 6 4 7 30 24 5 29 17 11 14 19 25 13 28 21 23 3 27 2 8 16 1 20 22 
