8232996279,7355168876
20,10,10
27 37 35 30 76 40 96 52 79 84 
24 52 76 33 14 63 91 62 1 99 
50 84 23 12 97 77 19 92 94 40 
59 84 41 93 69 7 29 75 4 12 
53 27 70 3 17 98 58 47 72 97 
85 4 11 60 3 13 17 21 2 97 
33 65 91 26 7 85 5 45 9 63 
60 9 58 61 25 27 34 19 85 44 
84 74 54 84 17 37 40 25 43 94 
89 13 34 60 40 59 95 13 58 74 
5 33 62 68 5 48 19 44 37 89 
2 12 75 62 88 32 27 30 85 13 
18 21 59 76 64 3 34 32 35 8 
52 36 13 25 67 5 21 13 16 79 
97 16 19 87 68 50 93 33 13 68 
89 22 4 50 11 2 96 14 43 45 
84 47 5 77 95 4 12 16 37 51 
54 44 19 45 41 95 31 64 97 15 
59 48 2 74 78 69 38 20 72 76 
36 57 11 43 85 99 74 63 95 93 
MACHINES
5 4 3 7 6 2 1 10 8 9 
10 6 7 2 3 9 1 4 5 8 
3 5 1 10 4 6 8 9 7 2 
2 7 4 9 3 1 8 6 5 10 
10 4 7 5 8 1 6 9 3 2 
2 7 8 6 9 3 1 4 10 5 
10 2 7 3 1 4 9 5 6 8 
3 4 9 7 5 1 8 6 10 2 
7 9 1 10 4 5 6 3 8 2 
5 7 10 8 2 4 9 1 6 3 
6 8 9 10 1 2 3 4 7 5 
9 6 3 8 4 5 1 2 10 7 
1 9 7 5 6 10 4 8 2 3 
10 4 3 8 5 1 6 2 7 9 
7 2 8 10 1 9 6 3 4 5 
8 1 4 3 6 7 2 10 5 9 
9 1 7 5 2 6 4 10 8 3 
5 2 6 4 3 10 9 7 8 1 
9 5 3 4 2 1 6 8 7 10 
4 6 5 9 1 3 7 2 8 10 
