9034530090,9685587553
20,10,10
98 59 63 94 33 71 25 87 17 80 
29 13 28 41 95 39 62 55 58 72 
76 58 7 20 47 51 24 91 77 83 
3 10 68 18 33 8 68 69 88 81 
48 35 79 30 18 17 68 58 67 56 
4 80 26 68 79 83 22 91 37 6 
91 54 77 91 43 54 46 30 59 92 
1 46 4 77 60 19 42 26 26 31 
50 48 94 3 26 41 1 94 51 51 
97 49 27 72 35 67 8 20 86 20 
93 17 41 55 67 45 92 98 10 42 
30 66 67 49 74 10 79 5 24 19 
15 26 68 32 71 54 93 59 85 71 
90 63 76 30 7 23 97 51 69 42 
26 49 74 34 12 86 8 43 87 42 
57 62 33 76 78 3 54 88 60 5 
34 65 36 84 61 62 17 93 90 98 
48 78 94 42 83 16 70 98 40 82 
49 51 31 12 42 30 53 54 78 67 
56 77 66 83 9 15 82 69 32 14 
MACHINES
6 10 7 8 3 5 2 9 1 4 
7 8 4 9 1 5 2 10 6 3 
4 9 1 7 3 5 10 8 6 2 
7 2 6 3 10 8 9 5 4 1 
4 8 2 3 9 5 6 10 1 7 
6 9 8 3 2 7 1 5 4 10 
8 7 9 1 5 2 10 6 3 4 
2 3 1 6 7 9 10 5 8 4 
2 1 7 5 3 10 9 4 8 6 
1 4 6 3 10 7 2 8 5 9 
8 5 6 4 7 1 2 9 3 10 
7 8 6 2 1 5 10 9 3 4 
5 1 3 6 2 7 9 10 4 8 
8 9 5 10 4 3 7 6 2 1 
8 9 1 5 6 7 3 2 4 10 
9 7 6 3 5 8 10 4 2 1 
10 7 8 3 5 1 4 2 6 9 
1 3 5 8 7 10 9 2 4 6 
6 9 2 8 5 4 10 7 3 1 
6 4 7 10 8 9 3 2 1 5 
