1802017012,4496736038
20,10,10
12 30 82 6 34 2 13 27 61 64 
50 1 20 32 95 70 26 36 28 31 
70 59 47 91 71 63 50 70 73 55 
60 15 89 32 34 54 25 70 54 72 
67 17 40 61 52 31 74 14 47 19 
61 20 84 88 64 69 31 48 70 30 
20 79 5 83 72 30 94 24 32 28 
63 72 83 51 27 75 41 49 22 3 
93 38 16 42 26 72 55 81 92 50 
73 12 72 23 11 83 50 78 76 85 
30 74 46 84 70 19 71 51 18 53 
60 32 50 85 70 2 36 93 51 81 
94 69 72 38 44 72 10 75 32 46 
84 9 15 78 19 29 45 77 45 76 
7 92 86 62 41 36 16 29 38 5 
94 42 44 22 72 33 14 46 63 72 
29 51 5 75 71 39 35 27 58 83 
22 47 54 12 28 97 41 55 22 85 
67 6 29 57 8 12 44 19 96 85 
13 45 50 55 15 89 55 77 97 92 
MACHINES
3 10 2 5 6 9 4 7 1 8 
8 1 3 6 10 9 4 7 2 5 
3 2 1 4 9 7 5 6 8 10 
10 2 6 5 3 8 1 7 9 4 
5 10 3 9 7 4 8 1 6 2 
4 8 7 10 2 9 1 5 3 6 
4 1 8 6 3 10 9 5 2 7 
9 8 1 6 2 3 4 10 7 5 
9 6 8 1 5 10 3 2 7 4 
1 9 6 5 2 3 10 8 4 7 
6 4 1 5 9 3 2 10 8 7 
1 10 3 8 2 4 9 6 7 5 
6 7 10 1 4 9 2 5 8 3 
7 10 9 5 8 4 1 2 3 6 
3 8 10 6 1 5 4 9 7 2 
8 9 7 3 4 6 10 2 5 1 
8 3 9 2 1 5 10 7 4 6 
5 1 4 3 6 2 7 8 9 10 
9 6 7 4 5 2 1 10 8 3 
2 5 7 8 3 4 6 9 10 1 
