8121340161,6797036424
20,10,10
12 15 13 56 21 84 96 52 17 96 
38 17 61 51 68 89 52 8 71 8 
89 92 38 88 57 11 21 9 87 61 
37 5 52 52 57 61 16 51 3 2 
57 81 26 62 51 91 60 50 29 6 
3 64 41 75 22 9 25 93 87 34 
69 32 30 53 83 44 64 36 34 46 
5 10 98 4 46 17 42 55 47 22 
25 26 52 50 58 90 1 84 76 56 
60 43 27 62 17 10 6 54 6 40 
69 12 47 4 32 21 27 46 7 77 
51 5 69 6 77 71 15 65 11 65 
47 1 95 87 56 18 90 59 20 93 
35 11 71 30 7 93 38 24 39 62 
51 19 18 23 78 49 16 54 64 43 
13 69 24 2 81 77 5 50 32 13 
57 1 90 10 40 15 21 27 56 89 
79 45 10 90 56 99 49 62 61 25 
67 97 12 24 20 26 90 69 59 71 
39 37 72 31 92 26 90 54 90 25 
MACHINES
7 6 3 5 8 4 1 10 2 9 
8 1 9 2 3 4 10 7 6 5 
1 5 7 10 9 3 2 6 4 8 
1 4 9 6 5 10 2 7 3 8 
10 7 2 5 9 3 6 8 4 1 
8 4 6 1 10 5 9 3 2 7 
6 4 2 9 10 7 1 8 3 5 
9 4 7 6 8 1 2 3 10 5 
6 7 2 8 9 10 5 4 1 3 
6 2 10 8 4 5 1 7 9 3 
5 9 1 2 7 8 3 10 6 4 
2 1 6 3 7 5 8 10 9 4 
4 1 8 3 10 9 2 5 6 7 
10 8 1 6 3 5 7 4 2 9 
1 5 9 8 7 4 6 3 2 10 
4 3 8 2 10 7 9 1 5 6 
3 4 8 10 5 1 7 2 9 6 
3 2 8 7 4 6 9 10 1 5 
7 5 9 2 6 3 10 1 8 4 
2 7 4 6 5 9 3 1 8 10 
