6789423548,2408464927
20,10,10
54 32 16 50 56 71 16 75 49 39 
7 63 66 66 94 47 33 49 31 70 
99 54 15 35 18 84 90 79 63 86 
55 2 23 54 42 48 23 83 41 92 
57 36 40 11 58 77 23 84 20 26 
25 53 6 7 16 30 36 66 16 72 
99 86 52 35 30 54 16 5 10 5 
50 49 90 69 88 88 80 18 88 47 
63 19 98 73 80 2 12 88 56 69 
86 57 73 80 39 41 96 81 44 48 
29 76 35 43 38 25 71 13 64 52 
99 85 58 4 86 88 54 66 20 75 
53 28 69 16 77 91 70 91 83 70 
36 50 28 99 22 77 33 5 51 94 
39 45 12 33 86 92 48 75 30 38 
33 4 9 58 53 91 41 8 76 40 
32 79 34 51 16 90 77 75 65 22 
86 53 92 71 19 38 65 88 42 80 
68 12 77 54 57 81 96 4 70 88 
72 92 36 29 50 38 95 82 40 63 
MACHINES
6 4 7 10 1 9 3 5 2 8 
7 8 6 3 10 4 2 5 1 9 
10 5 4 2 1 9 3 8 6 7 
8 9 6 4 7 3 5 1 2 10 
2 4 1 3 7 5 10 6 9 8 
4 10 1 3 7 8 9 2 5 6 
9 2 7 6 1 4 5 8 10 3 
1 7 2 5 6 9 4 3 10 8 
8 3 1 2 9 10 7 4 6 5 
10 4 8 3 9 7 2 5 6 1 
2 3 5 6 4 1 10 8 7 9 
6 9 8 4 3 5 10 7 1 2 
4 6 5 8 9 3 7 2 1 10 
5 3 7 4 8 6 10 2 9 1 
9 4 7 1 5 3 10 6 8 2 
3 7 5 1 8 9 2 6 10 4 
1 8 6 7 2 9 5 10 3 4 
8 3 1 7 4 5 6 10 2 9 
8 9 5 7 1 6 3 4 2 10 
8 2 1 4 10 3 6 7 5 9 
