1212782861,3628213837
20,10,10
74 3 30 98 68 57 51 20 8 40 
7 30 83 79 2 92 1 73 39 7 
28 86 29 62 55 95 17 29 71 14 
29 12 18 40 81 3 83 58 18 32 
2 99 55 67 98 27 15 59 90 61 
8 17 36 87 7 51 98 74 10 24 
30 79 42 58 99 61 75 67 91 16 
60 82 78 49 91 62 81 72 14 85 
29 43 32 94 37 79 95 29 6 75 
65 16 91 64 37 24 67 5 70 5 
83 96 41 92 87 66 60 1 82 38 
61 16 98 3 89 43 3 99 28 26 
48 22 69 48 20 61 32 54 44 28 
69 96 32 56 54 11 98 3 10 89 
26 12 49 77 24 91 12 79 84 44 
86 39 38 76 29 56 5 45 26 77 
86 28 49 71 72 47 45 87 91 10 
13 86 59 73 29 56 3 61 37 32 
21 55 7 79 1 75 57 86 46 41 
29 15 35 94 98 6 57 42 2 34 
MACHINES
7 2 6 5 1 8 4 9 10 3 
8 1 9 4 3 10 7 2 6 5 
6 10 2 4 7 8 1 3 9 5 
3 1 7 9 10 5 8 2 6 4 
5 3 6 10 1 2 9 7 4 8 
7 8 10 6 1 3 9 5 4 2 
6 8 9 4 7 5 10 1 2 3 
10 4 6 9 2 7 5 8 1 3 
8 10 4 9 1 5 2 7 6 3 
9 8 1 4 3 10 6 7 2 5 
8 9 7 10 1 4 5 6 2 3 
8 2 4 3 6 7 5 10 9 1 
9 6 8 5 10 1 7 3 4 2 
10 8 2 7 6 9 4 1 3 5 
4 10 3 6 2 1 7 8 5 9 
2 6 7 9 10 5 4 1 3 8 
8 3 7 6 1 9 10 4 2 5 
6 5 8 10 9 2 3 7 4 1 
3 4 8 9 5 6 10 2 7 1 
1 9 2 6 7 8 4 10 3 5 
