4959957651,3351468882
20,10,10
83 77 41 86 54 41 31 67 81 97 
89 78 52 62 24 75 90 53 38 5 
7 48 76 75 52 11 61 49 42 63 
3 92 26 69 79 88 82 68 52 33 
73 25 45 3 33 86 51 11 42 79 
27 36 41 72 54 82 72 12 92 14 
97 99 18 64 10 16 8 76 22 65 
19 36 43 63 29 70 84 90 91 22 
78 21 5 59 96 93 87 42 31 47 
51 80 89 2 57 46 37 99 31 85 
29 87 59 52 73 76 79 24 59 27 
9 16 85 82 87 75 19 59 43 54 
86 62 26 97 31 33 41 67 29 53 
80 26 3 30 72 14 44 66 49 7 
53 43 39 38 39 68 85 82 81 47 
10 90 63 62 65 19 35 5 73 67 
61 38 11 97 43 57 8 73 59 53 
88 25 51 75 16 47 34 55 92 46 
51 56 73 80 81 37 38 62 18 85 
38 25 24 15 69 6 33 37 23 12 
MACHINES
5 8 10 3 7 2 1 9 6 4 
5 8 4 3 9 1 6 7 2 10 
2 3 10 9 8 1 4 5 6 7 
1 6 10 3 2 7 5 8 4 9 
8 7 10 1 4 2 9 5 6 3 
10 1 7 2 4 9 3 6 8 5 
9 10 4 7 6 5 2 8 3 1 
8 3 5 10 7 4 1 2 9 6 
1 9 5 7 3 4 2 10 8 6 
5 9 3 7 6 2 1 4 8 10 
6 10 1 7 4 9 2 5 8 3 
9 2 4 1 6 8 10 7 5 3 
5 1 8 4 6 3 10 7 2 9 
1 5 10 3 8 7 9 6 2 4 
3 7 5 1 8 4 6 9 2 10 
10 8 2 6 3 1 9 5 4 7 
4 9 8 3 10 5 6 7 2 1 
4 6 3 1 8 7 9 5 2 10 
8 2 1 4 9 10 7 6 5 3 
2 1 6 3 4 10 8 5 7 9 
