7448543581,6107118616
20,10,10
56 67 53 90 59 96 47 14 86 5 
71 31 49 79 62 61 61 32 39 9 
53 62 98 95 27 90 37 2 47 69 
42 24 43 27 25 80 15 10 35 14 
13 10 62 30 55 87 43 63 79 68 
4 51 33 9 20 36 80 38 37 23 
23 69 45 9 63 73 61 41 51 15 
76 37 69 55 81 68 31 30 94 61 
4 13 84 20 63 98 89 97 70 66 
24 18 76 7 4 54 13 76 93 76 
64 91 70 43 68 19 97 69 18 71 
15 59 76 41 36 99 21 88 82 4 
85 99 83 78 91 59 98 5 31 93 
1 80 94 1 39 24 68 98 44 15 
79 90 30 21 61 25 31 2 90 38 
95 90 78 90 60 72 17 68 80 15 
95 77 32 71 46 20 87 11 13 81 
73 57 37 44 48 6 91 40 9 82 
91 65 83 20 26 89 33 97 99 72 
68 4 78 10 3 37 93 62 17 84 
MACHINES
1 6 2 4 7 10 5 8 9 3 
6 2 9 10 8 4 3 7 5 1 
3 4 7 6 9 10 5 8 1 2 
6 10 5 2 8 1 4 7 3 9 
6 5 1 10 4 2 7 9 8 3 
7 1 8 9 2 10 3 5 4 6 
10 3 8 4 6 5 1 7 9 2 
9 1 10 8 3 6 5 2 4 7 
1 8 6 7 10 4 3 9 2 5 
9 8 7 4 1 3 2 10 5 6 
3 7 1 2 8 10 4 5 6 9 
2 7 10 5 4 9 6 8 1 3 
1 6 2 4 7 3 10 5 9 8 
10 9 1 3 2 6 5 4 8 7 
4 6 9 2 5 10 8 1 7 3 
7 6 2 4 3 10 8 1 9 5 
10 6 9 3 5 2 7 8 1 4 
10 9 8 6 1 5 4 3 2 7 
5 1 4 3 10 6 7 8 9 2 
3 1 5 9 4 8 10 6 2 7 
