3164322464,1982068929
20,10,10
40 86 71 76 66 94 8 30 59 20 
99 29 60 9 71 89 89 70 26 13 
27 46 71 61 43 85 53 26 70 56 
53 21 7 85 64 5 69 77 35 80 
40 49 59 1 68 17 23 81 75 40 
47 81 11 53 76 40 29 50 27 83 
84 64 43 1 28 95 39 78 86 52 
12 91 15 53 26 84 30 95 7 10 
72 75 67 50 55 6 58 84 79 85 
94 69 73 29 44 80 55 88 36 80 
40 44 56 15 34 67 94 54 24 68 
30 17 14 71 68 95 31 17 24 26 
13 97 85 68 93 22 71 88 26 11 
75 34 52 19 58 70 4 86 32 74 
68 40 32 13 66 64 50 4 56 58 
95 32 76 20 22 94 97 99 91 85 
44 65 40 21 37 44 69 3 46 93 
7 44 99 26 42 57 57 94 44 99 
17 6 26 80 56 24 17 66 39 1 
82 59 8 85 28 10 48 38 91 32 
MACHINES
2 9 10 7 4 3 6 1 5 8 
8 4 7 10 9 2 5 3 6 1 
4 5 9 8 10 2 3 1 6 7 
4 10 7 2 9 6 1 3 8 5 
2 8 3 4 9 7 5 1 10 6 
2 8 9 5 1 3 7 6 4 10 
3 5 7 1 10 2 6 9 4 8 
10 5 3 8 2 7 6 1 9 4 
3 1 7 4 6 2 5 9 8 10 
4 5 7 2 10 9 3 8 1 6 
9 5 3 7 8 2 4 1 6 10 
10 1 4 9 6 8 3 2 7 5 
3 5 8 9 4 6 1 10 7 2 
6 9 4 10 3 1 8 2 7 5 
10 9 8 5 2 6 4 3 1 7 
9 10 8 6 1 5 4 3 7 2 
4 2 9 10 1 6 5 8 7 3 
2 10 9 3 7 1 5 8 6 4 
9 2 10 4 1 7 6 5 8 3 
7 6 8 4 5 10 2 3 9 1 
