9730621118,8217829072
20,15,15
76 47 69 99 22 98 81 24 39 65 57 85 11 97 70 
24 13 45 43 72 6 49 40 3 58 32 87 12 66 4 
64 15 37 63 52 91 26 81 28 42 1 75 67 29 56 
2 30 41 10 71 17 8 66 34 49 27 15 30 19 65 
28 91 46 80 80 74 81 33 72 32 13 79 73 22 72 
65 73 40 53 70 34 23 83 90 3 64 21 1 22 93 
43 97 1 18 36 5 24 29 44 23 92 15 31 71 61 
64 91 67 9 9 45 2 98 87 3 49 58 79 67 42 
82 59 93 48 94 13 46 20 51 90 97 20 9 55 59 
36 24 67 60 91 17 64 13 52 46 54 76 93 40 55 
69 72 88 26 36 84 75 46 4 48 64 8 99 33 49 
40 5 56 79 19 80 86 86 12 43 17 16 79 4 11 
77 14 3 53 41 94 39 88 74 55 7 1 17 53 45 
45 96 56 38 32 81 63 44 16 80 95 21 11 83 63 
15 83 60 85 28 75 56 78 17 23 92 62 91 28 25 
40 91 38 87 31 64 97 56 9 82 55 58 66 67 96 
99 60 24 34 56 22 90 86 4 17 41 28 99 23 87 
13 53 84 17 2 27 91 75 60 78 1 16 94 13 42 
32 84 33 51 80 2 56 32 55 64 43 59 98 10 56 
96 87 52 74 18 54 99 62 61 74 5 57 62 75 72 
MACHINES
7 3 2 9 8 10 1 4 5 6 11 12 13 15 14 
8 2 7 6 15 11 1 5 12 10 3 9 13 4 14 
5 2 11 9 12 10 13 3 8 7 4 14 15 1 6 
10 13 1 12 15 3 9 2 14 8 7 6 11 5 4 
12 3 9 11 6 1 10 8 5 14 13 15 4 2 7 
7 6 10 1 14 13 9 8 2 15 3 5 4 11 12 
11 10 6 8 4 5 9 2 14 13 3 1 7 15 12 
8 7 1 13 2 5 10 11 14 15 9 6 4 3 12 
6 8 2 14 4 9 15 11 12 10 13 7 5 3 1 
6 5 10 11 14 13 15 8 4 3 12 7 9 1 2 
9 3 13 10 12 4 14 5 15 6 8 11 2 7 1 
12 3 7 8 13 5 9 4 1 6 11 15 14 2 10 
12 10 15 13 9 2 1 6 3 8 7 14 4 11 5 
8 12 3 14 10 6 11 4 2 5 15 9 13 1 7 
11 5 8 7 13 1 9 6 2 15 4 10 12 3 14 
12 2 11 15 3 7 9 14 5 1 8 4 10 6 13 
8 5 1 15 12 11 3 14 13 7 4 9 6 2 10 
1 9 12 13 2 4 8 11 7 5 3 6 15 10 14 
1 9 14 3 6 12 10 15 5 8 13 11 4 2 7 
4 12 3 7 14 15 1 8 13 6 10 11 2 5 9 
