7268657442,5597708124
20,15,15
73 30 59 54 7 14 38 71 56 6 73 66 69 96 81 
52 67 49 10 98 87 32 57 40 26 7 12 70 42 99 
28 84 80 98 27 19 2 29 19 14 87 38 32 75 83 
48 91 98 45 82 12 6 9 31 33 47 36 80 97 34 
37 65 24 57 92 59 24 78 64 45 26 75 49 83 35 
49 7 51 97 51 82 46 33 49 7 74 83 94 82 13 
48 49 57 87 13 78 6 89 77 27 10 2 23 4 53 
74 79 41 64 3 38 13 77 78 43 70 93 4 54 39 
69 54 64 69 39 56 26 94 40 39 41 76 29 4 35 
50 45 19 83 44 43 56 21 5 32 73 76 16 11 46 
5 39 87 69 15 15 98 79 83 21 92 57 58 71 35 
46 86 26 32 50 37 10 19 27 81 63 84 61 9 22 
39 89 74 55 71 62 1 21 5 17 4 74 11 84 43 
3 95 17 43 26 60 42 72 51 32 58 34 95 26 81 
6 28 31 79 36 17 36 17 18 1 8 27 32 13 15 
23 59 30 82 90 95 40 88 47 1 99 28 9 32 97 
44 48 94 63 52 10 16 22 89 88 14 12 37 61 8 
45 63 65 13 50 10 18 53 40 90 53 18 94 59 69 
57 27 80 46 59 77 35 62 54 46 58 69 20 36 6 
53 25 13 56 18 75 94 12 20 62 7 32 8 79 51 
MACHINES
3 11 8 12 5 7 13 2 6 10 9 1 4 14 15 
5 1 9 6 4 7 12 10 13 15 14 11 8 2 3 
3 8 10 13 2 1 12 15 4 14 7 11 9 6 5 
1 6 4 9 10 5 15 7 13 12 3 14 2 11 8 
1 9 13 4 6 10 7 12 14 8 15 5 11 2 3 
15 4 1 2 11 7 9 3 12 14 13 8 5 10 6 
9 5 14 11 12 2 6 15 10 8 3 1 4 13 7 
1 3 12 6 15 2 14 7 8 13 5 11 9 4 10 
11 13 2 9 7 5 6 12 15 8 10 3 14 1 4 
3 13 8 1 15 5 11 9 14 4 10 12 7 2 6 
7 1 6 12 5 15 10 8 11 3 2 9 4 13 14 
10 6 3 7 9 11 14 1 5 12 4 15 2 13 8 
10 5 12 8 2 9 4 3 15 6 13 11 1 14 7 
15 6 7 1 9 10 5 2 8 3 4 13 14 11 12 
2 9 3 11 8 1 12 5 7 10 4 13 6 15 14 
14 5 12 7 11 8 4 2 9 13 6 15 3 10 1 
10 9 5 11 8 12 14 6 4 15 1 13 3 7 2 
12 10 7 13 8 2 6 15 1 14 5 4 9 11 3 
15 2 1 4 10 6 9 5 14 3 11 12 7 13 8 
9 14 10 5 1 3 7 11 8 15 12 2 6 13 4 
