9473083780,3563477892
20,15,15
10 2 72 27 10 73 81 22 32 49 67 61 89 54 55 
34 39 37 91 65 20 33 72 87 27 59 6 31 23 38 
8 74 61 25 42 22 30 96 50 23 30 70 59 77 36 
94 77 57 49 85 30 90 70 78 13 54 44 75 44 26 
47 43 26 65 49 10 57 98 56 8 65 86 60 82 77 
25 28 70 74 68 8 37 68 43 80 71 29 6 77 80 
82 95 13 48 1 49 57 57 58 6 22 93 13 49 89 
27 59 97 30 81 1 27 49 42 53 38 47 63 12 21 
6 99 69 57 11 49 34 88 83 31 96 73 18 54 10 
1 99 63 16 51 73 87 64 40 55 72 20 87 66 45 
9 22 6 69 95 7 70 6 15 48 43 28 80 22 54 
43 38 15 82 99 57 62 55 19 25 28 46 97 91 2 
40 67 77 6 82 20 44 68 75 42 11 44 33 75 65 
50 63 74 54 66 88 43 67 56 35 59 85 69 83 44 
1 42 22 68 21 50 85 44 55 94 89 76 22 87 30 
76 85 30 41 88 22 28 23 45 11 75 29 33 28 12 
24 12 81 46 85 36 21 9 56 63 73 85 19 9 92 
80 16 44 3 27 25 78 39 82 63 97 58 27 72 22 
63 38 73 36 25 68 65 71 59 5 28 3 86 22 94 
99 97 75 71 96 31 69 24 70 97 21 20 67 91 94 
MACHINES
13 6 12 9 7 10 14 4 15 5 8 1 11 2 3 
12 5 15 2 4 6 7 9 1 13 11 3 10 8 14 
14 1 6 15 11 5 7 3 10 4 12 13 8 9 2 
12 15 1 13 8 4 9 2 5 11 6 14 10 3 7 
9 13 1 6 5 8 11 14 12 7 10 4 2 15 3 
1 14 12 8 6 2 4 3 15 9 10 11 13 5 7 
8 10 11 1 13 4 3 2 7 6 15 9 12 5 14 
5 8 9 2 4 1 7 11 15 14 13 6 10 12 3 
5 13 1 12 10 15 8 11 2 3 9 14 4 7 6 
3 2 11 13 9 7 6 15 1 8 5 14 12 4 10 
7 2 9 6 11 4 13 1 8 12 3 15 14 10 5 
2 12 1 7 13 11 10 14 4 9 6 3 8 5 15 
15 2 8 14 5 11 9 12 6 13 4 10 1 7 3 
15 3 11 2 14 13 4 12 10 5 7 8 1 6 9 
8 1 2 7 13 5 14 9 4 10 12 15 3 6 11 
2 15 1 11 7 4 13 14 3 5 6 9 12 8 10 
5 7 15 11 14 9 13 8 6 12 10 4 2 3 1 
4 12 1 11 5 13 8 10 15 7 6 14 2 9 3 
11 1 5 14 13 9 3 10 7 2 15 4 6 12 8 
4 5 12 1 11 7 15 14 13 9 2 3 6 10 8 
