8137182840,3686608011
20,15,15
75 52 95 59 44 40 2 59 60 1 11 31 84 63 4 
18 91 95 61 31 91 13 84 19 19 67 99 95 54 72 
27 8 95 47 46 54 44 12 71 23 68 37 73 39 1 
37 78 59 16 17 51 97 2 74 78 94 70 14 19 12 
38 50 18 66 16 11 41 13 44 48 82 26 64 21 40 
94 97 58 46 18 76 98 63 59 46 67 35 74 35 21 
95 47 39 52 76 66 89 74 36 51 67 20 61 89 96 
16 25 68 84 19 7 42 72 50 14 8 53 97 49 48 
4 30 91 39 99 43 42 82 61 23 75 33 94 92 48 
90 79 88 94 9 11 37 87 87 17 35 53 64 10 4 
30 27 20 42 29 18 89 74 72 3 62 88 85 12 99 
66 60 73 81 88 6 94 57 20 47 38 74 57 77 9 
93 34 5 83 14 35 53 58 92 46 70 56 78 44 71 
81 2 17 20 4 70 65 53 11 91 12 34 35 70 83 
50 71 70 41 69 34 99 47 30 89 80 46 62 21 53 
16 61 57 16 52 30 22 99 24 53 8 89 93 82 38 
30 97 69 75 27 75 71 93 25 49 38 23 96 95 34 
66 20 49 75 61 43 52 79 42 15 9 64 12 37 76 
89 60 14 58 4 58 73 39 22 80 29 38 79 1 40 
45 73 77 79 79 21 62 68 90 42 64 8 54 16 57 
MACHINES
9 8 10 4 15 12 13 14 2 7 11 1 3 5 6 
9 4 12 14 6 8 7 11 13 5 15 10 3 2 1 
12 4 7 9 5 2 11 10 3 6 14 13 8 15 1 
7 5 3 14 1 10 9 12 8 13 15 6 2 11 4 
2 8 15 6 4 10 1 9 7 11 13 12 14 3 5 
14 3 13 12 6 8 7 4 15 5 11 10 9 1 2 
3 9 14 5 7 1 6 8 10 4 15 13 11 2 12 
3 8 15 6 13 1 9 10 11 2 5 4 12 7 14 
1 3 8 14 2 11 9 4 7 5 12 6 15 13 10 
14 15 1 2 6 8 13 12 10 5 4 3 11 7 9 
1 2 6 13 3 10 12 9 5 7 14 4 8 15 11 
4 12 8 5 15 6 14 1 9 7 11 13 2 3 10 
8 12 5 2 10 14 4 13 9 1 15 7 6 11 3 
10 13 1 9 3 8 4 11 12 2 7 6 15 14 5 
4 9 13 5 7 15 2 8 14 1 6 10 3 12 11 
15 3 13 9 10 6 7 4 1 8 5 2 11 14 12 
5 14 12 15 4 9 10 7 2 13 8 3 1 11 6 
7 6 5 15 8 3 2 1 11 10 14 4 13 9 12 
13 15 10 2 12 11 9 3 7 1 14 6 8 4 5 
4 5 3 2 15 14 13 8 12 10 7 1 9 6 11 
