6417581226,9658684935
20,15,15
44 72 29 64 85 37 90 72 45 87 39 88 1 13 1 
43 13 19 79 54 7 64 43 60 85 89 90 86 98 13 
47 40 5 50 57 8 95 34 68 11 71 34 10 6 84 
62 15 66 61 23 83 62 50 96 30 22 91 74 13 9 
35 82 30 57 58 49 45 88 2 72 30 99 21 22 83 
58 18 97 95 60 90 67 24 5 35 33 14 6 98 68 
25 28 14 38 44 92 52 91 17 54 33 95 70 46 84 
45 17 46 18 20 72 32 26 30 94 7 17 32 99 39 
87 22 56 91 13 19 17 85 32 86 95 89 9 39 47 
59 88 48 27 47 74 79 62 46 71 65 94 2 47 11 
52 19 69 14 75 30 73 26 86 2 19 85 97 73 94 
91 19 36 1 13 53 96 99 74 88 82 12 27 86 89 
94 83 11 62 53 25 67 27 48 36 17 14 27 57 27 
5 73 15 53 38 96 51 44 44 46 47 54 95 48 6 
94 31 87 60 48 60 31 29 3 22 1 70 96 32 75 
21 64 35 17 95 1 67 81 43 85 83 67 5 58 91 
90 69 60 89 62 10 70 85 12 14 86 49 58 98 7 
39 58 35 65 82 93 24 37 64 23 47 88 17 43 45 
89 59 98 94 80 29 51 26 75 53 91 32 82 12 96 
96 38 62 17 30 40 3 18 20 62 91 42 81 40 16 
MACHINES
6 11 15 3 12 10 14 4 8 1 7 9 5 2 13 
3 1 6 4 11 13 10 14 12 2 7 5 15 9 8 
6 15 14 4 8 9 5 3 13 12 10 1 2 7 11 
13 10 14 3 12 9 8 5 2 7 6 1 15 11 4 
7 1 3 12 14 4 15 5 10 13 6 9 8 2 11 
11 12 10 7 9 2 14 4 15 1 8 6 3 13 5 
13 7 1 2 12 3 6 9 10 11 5 4 8 15 14 
12 5 10 13 3 7 6 14 4 11 15 1 8 2 9 
4 2 13 11 8 6 1 3 7 9 10 5 15 12 14 
6 15 1 4 8 3 13 5 2 12 9 14 11 10 7 
1 12 13 8 11 10 3 4 15 2 5 9 14 7 6 
1 14 8 13 4 12 10 3 7 6 5 11 2 15 9 
3 11 2 6 8 4 1 14 5 7 10 9 15 13 12 
2 11 14 5 4 6 13 3 1 15 7 10 8 12 9 
8 7 15 6 11 4 13 1 9 12 14 3 5 10 2 
15 1 13 7 4 3 5 6 9 8 14 12 11 2 10 
12 10 13 9 6 14 1 2 11 8 3 5 15 7 4 
4 15 8 10 2 1 6 9 5 7 3 13 11 14 12 
7 1 8 5 13 11 10 14 3 4 12 9 15 2 6 
11 10 14 3 12 8 1 2 4 13 5 15 6 7 9 
