7945715103,5803572242
20,15,15
90 5 80 42 49 90 79 89 1 68 67 97 76 1 16 
62 66 81 87 26 78 2 67 74 85 11 24 12 11 27 
15 3 86 24 22 64 81 82 47 35 17 44 34 26 59 
66 6 70 23 92 52 50 16 52 43 43 30 50 90 21 
32 39 96 61 10 17 48 17 3 77 70 24 91 54 32 
60 32 64 90 21 21 93 65 85 6 22 13 20 56 18 
45 8 1 88 43 50 43 47 49 43 13 37 76 52 4 
18 7 41 81 7 60 71 55 75 67 85 5 98 67 62 
10 39 84 93 30 98 57 17 12 2 74 4 72 38 4 
5 33 78 12 77 95 94 51 72 85 58 92 81 41 29 
55 85 60 36 68 2 81 88 29 19 89 49 75 60 4 
5 63 77 61 66 69 88 22 12 96 57 79 55 43 68 
16 31 67 24 10 38 35 45 86 1 65 73 52 44 53 
99 3 56 38 42 60 82 37 66 77 55 56 77 62 33 
45 88 80 38 7 22 24 41 26 88 55 44 35 28 94 
47 46 75 81 35 91 88 33 16 77 37 67 43 97 29 
39 60 76 36 53 69 91 92 46 28 4 66 7 82 74 
80 80 20 5 35 39 79 53 31 20 32 8 50 17 62 
87 67 37 87 2 13 54 19 30 96 30 74 30 67 32 
79 71 85 30 25 99 13 38 71 47 23 31 95 69 3 
MACHINES
2 14 9 6 12 13 5 4 10 15 11 8 3 7 1 
4 8 2 15 6 11 1 5 12 13 9 10 7 3 14 
6 7 10 9 4 14 12 3 15 1 2 8 5 13 11 
14 4 6 11 5 15 10 1 3 7 2 12 8 13 9 
12 10 3 15 1 9 5 6 4 14 7 11 13 2 8 
13 12 1 6 10 7 9 3 11 15 8 14 5 4 2 
8 12 11 14 1 6 5 9 13 4 7 15 2 10 3 
3 13 7 10 9 8 14 15 12 11 2 6 5 4 1 
3 13 11 7 2 10 14 15 4 1 5 12 9 6 8 
15 7 10 4 6 2 14 8 1 5 11 9 12 3 13 
13 7 3 14 10 2 9 8 15 11 5 12 1 4 6 
13 5 1 9 11 14 2 12 7 6 4 10 3 15 8 
8 14 12 11 15 2 5 9 13 7 1 6 4 10 3 
8 2 10 5 6 15 3 12 4 13 14 11 7 1 9 
5 15 9 6 10 12 3 13 11 4 2 1 7 8 14 
11 8 7 1 14 5 12 6 3 9 15 13 4 10 2 
8 1 10 13 3 2 4 5 12 15 11 9 14 7 6 
13 4 6 7 1 2 15 12 10 14 3 5 11 8 9 
13 5 1 10 11 3 4 15 14 9 6 12 2 8 7 
3 1 10 15 5 13 12 2 4 8 14 7 9 6 11 
