2743957368,1307419975
20,15,15
35 68 45 2 22 91 95 16 93 64 56 19 4 88 55 
53 95 42 52 51 29 43 68 67 83 22 18 34 73 46 
44 99 42 33 15 72 61 63 82 74 63 64 12 94 71 
27 35 92 92 7 33 26 14 28 27 80 73 72 52 61 
37 43 20 95 43 13 97 16 98 7 36 56 41 15 22 
84 71 73 63 26 1 23 60 67 30 68 10 87 17 36 
14 75 81 95 29 17 73 20 35 91 31 23 56 22 59 
49 54 72 94 77 90 94 1 62 86 15 34 22 12 46 
67 30 21 94 46 36 72 39 59 92 33 90 82 76 29 
57 20 50 19 56 18 99 63 68 45 36 4 98 13 86 
18 91 29 59 66 77 55 48 58 20 45 6 4 50 93 
50 10 26 34 68 53 25 96 81 54 92 94 93 32 2 
54 97 76 17 10 3 23 51 96 16 80 65 46 57 91 
31 21 29 70 90 20 15 65 23 53 5 31 35 60 12 
83 38 1 1 43 42 87 10 41 14 15 46 58 71 63 
17 75 3 42 81 52 85 88 6 95 59 67 38 6 21 
4 16 94 55 3 96 85 85 92 61 43 9 59 49 30 
29 11 85 23 40 42 85 9 52 39 44 53 39 81 99 
72 1 26 27 61 89 18 56 28 75 51 96 74 23 26 
78 68 18 1 7 59 1 59 63 12 10 54 1 89 71 
MACHINES
4 15 1 13 10 12 9 3 14 8 11 6 5 7 2 
5 8 13 14 6 12 9 3 10 4 7 11 15 1 2 
1 14 12 5 3 8 4 9 15 7 10 13 11 2 6 
1 10 15 11 5 8 4 9 3 2 13 6 14 12 7 
3 7 11 10 14 9 1 2 5 8 15 13 6 4 12 
7 8 4 10 15 9 1 14 3 12 11 2 5 6 13 
13 7 4 3 6 5 12 11 2 10 14 15 9 8 1 
3 12 14 9 4 5 1 2 15 6 10 7 11 13 8 
11 5 4 8 7 13 2 1 14 15 9 3 12 6 10 
9 4 8 2 15 10 14 13 12 6 7 5 3 1 11 
2 13 1 15 4 8 14 12 6 10 7 3 11 9 5 
1 15 9 7 5 11 10 8 14 4 2 13 3 6 12 
3 15 14 7 4 12 9 8 1 13 5 11 10 2 6 
13 4 1 2 5 15 3 11 8 7 12 14 9 6 10 
2 3 9 7 4 1 15 10 11 8 13 12 6 5 14 
10 8 7 1 4 11 12 13 15 5 2 6 9 14 3 
13 10 7 11 15 4 2 6 8 3 12 1 5 9 14 
4 6 14 9 5 12 13 2 10 3 15 8 7 1 11 
6 13 14 3 12 9 10 1 5 15 8 7 2 11 4 
4 11 12 7 2 10 3 14 9 15 6 1 5 13 8 
