2942357988,6926886191
20,15,15
37 29 16 32 84 17 42 83 19 72 78 6 19 1 54 
58 66 76 63 5 41 60 23 93 15 11 84 98 44 91 
10 90 60 56 78 39 79 86 62 29 31 54 91 26 64 
87 57 1 92 40 35 2 23 90 7 26 7 59 3 16 
94 64 48 61 20 88 89 61 37 69 64 51 20 96 11 
32 18 17 98 16 80 7 83 94 34 4 64 82 47 46 
24 82 44 27 13 57 11 1 11 45 73 39 98 83 53 
20 96 76 41 9 59 42 17 47 66 20 73 28 88 22 
48 2 44 58 65 92 70 69 81 77 17 55 17 40 45 
62 1 34 59 98 3 69 69 5 53 42 44 61 78 83 
16 79 4 81 58 12 35 10 73 53 15 63 14 70 9 
89 91 20 19 95 4 9 47 9 93 76 18 61 10 1 
43 57 26 4 62 78 49 72 70 83 94 87 76 37 46 
12 67 30 66 77 88 44 97 99 61 19 36 11 78 75 
60 21 95 97 17 35 78 11 33 42 78 98 58 13 26 
63 87 81 78 36 25 56 7 12 90 87 64 22 26 2 
20 88 40 29 22 99 8 47 60 46 55 56 27 73 70 
77 4 76 23 60 39 89 18 35 18 89 6 25 69 47 
95 89 25 85 53 13 55 38 40 92 21 16 64 53 7 
8 3 36 78 57 49 46 85 10 48 58 86 53 64 93 
MACHINES
15 11 9 8 13 1 3 2 6 14 4 5 7 12 10 
2 7 11 12 10 14 8 6 13 4 15 3 9 5 1 
4 9 7 1 15 3 13 12 14 10 8 6 5 11 2 
5 6 13 1 10 4 14 2 12 7 9 11 3 15 8 
10 8 7 14 11 15 4 2 13 9 5 6 3 12 1 
1 11 10 7 3 6 9 12 14 4 13 5 2 15 8 
5 10 15 13 9 6 3 7 11 1 4 8 14 2 12 
1 8 5 7 6 10 13 15 12 14 11 9 4 2 3 
14 2 13 11 15 7 3 1 4 5 9 6 8 10 12 
13 14 1 5 4 11 9 6 8 10 12 3 2 7 15 
11 1 14 6 4 5 13 7 8 12 10 9 2 15 3 
5 3 7 15 13 10 6 2 9 12 14 8 1 4 11 
3 15 9 2 11 5 1 12 14 7 4 6 13 8 10 
5 4 1 2 14 8 6 12 3 13 7 15 10 9 11 
1 4 7 10 13 8 9 11 6 15 5 2 3 12 14 
9 15 10 4 12 2 3 8 1 14 6 5 7 13 11 
9 13 11 8 10 14 15 3 7 6 4 2 12 1 5 
7 3 8 12 13 10 2 5 1 4 9 14 6 15 11 
13 9 3 11 8 14 7 10 5 1 4 2 6 15 12 
7 15 13 1 9 2 11 10 6 3 14 12 4 5 8 
