1346816641,8361586234
20,15,15
86 59 40 32 27 21 32 32 85 71 85 40 98 47 63 
74 85 85 25 9 91 56 6 92 34 96 57 31 60 91 
74 22 89 42 25 73 35 58 26 88 10 42 98 11 85 
27 79 42 97 85 13 80 45 51 33 85 40 51 55 49 
42 43 91 2 73 7 85 80 54 7 7 79 98 27 61 
35 40 75 68 51 8 83 53 17 60 75 98 19 44 60 
35 8 88 94 40 24 33 61 18 28 58 10 72 34 26 
89 99 59 48 32 98 85 10 29 82 48 21 77 29 43 
40 43 6 25 24 33 46 62 97 50 29 35 60 58 46 
46 80 53 11 97 22 9 66 64 60 34 62 9 7 75 
57 57 88 33 45 90 10 9 40 25 44 97 16 62 4 
66 74 9 33 70 77 23 32 63 87 12 56 14 98 11 
87 83 8 23 92 78 47 59 30 44 97 71 9 8 55 
82 65 35 44 17 55 59 96 93 42 24 57 74 78 36 
57 90 44 36 27 80 32 41 63 2 78 11 27 43 37 
37 46 17 97 73 76 48 45 11 19 69 65 67 27 98 
42 55 28 16 98 25 59 92 38 52 3 81 6 22 12 
4 44 21 53 19 38 22 39 38 27 46 28 81 32 62 
99 80 41 79 88 83 34 23 99 97 84 24 46 97 46 
80 50 57 17 98 81 74 7 73 77 5 27 41 60 45 
MACHINES
11 15 2 4 6 14 3 13 12 9 7 5 8 1 10 
2 3 6 14 13 5 12 4 7 11 9 1 10 8 15 
3 10 7 15 8 14 4 1 13 12 11 2 6 9 5 
11 7 5 8 9 6 2 4 10 13 12 14 1 3 15 
2 7 6 3 4 12 9 13 8 14 1 11 10 15 5 
14 11 12 3 10 4 7 9 5 13 8 2 6 1 15 
14 10 6 2 12 7 8 1 15 9 13 3 5 11 4 
3 15 8 14 10 12 6 13 1 4 9 7 5 2 11 
9 13 1 7 12 2 10 3 11 15 8 5 4 6 14 
3 12 15 9 4 1 10 7 11 6 2 5 14 8 13 
14 4 1 7 9 11 8 12 13 3 5 10 2 6 15 
3 5 8 10 1 2 9 13 15 4 14 6 11 12 7 
8 11 9 1 5 13 6 2 12 7 3 10 4 14 15 
6 14 9 11 3 7 15 5 4 8 1 2 13 10 12 
11 5 4 1 3 10 8 9 15 2 6 7 14 12 13 
8 14 1 5 7 2 11 13 15 12 3 10 6 4 9 
6 5 7 15 1 12 4 9 13 10 11 14 2 8 3 
1 7 3 15 5 4 9 13 14 12 2 8 10 6 11 
3 6 12 10 1 9 11 2 13 15 5 14 7 4 8 
14 6 5 9 1 13 12 2 10 8 15 4 11 3 7 
