9685850051,7985869982
20,15,15
37 83 75 77 64 38 44 28 25 9 66 85 60 67 49 
42 74 18 99 13 33 10 29 41 67 58 50 68 41 83 
20 46 79 23 41 52 75 83 18 81 90 48 73 36 84 
75 87 95 38 19 1 60 40 82 82 58 72 94 31 34 
21 37 40 10 34 41 11 60 76 93 7 71 48 95 35 
74 93 12 25 92 68 78 28 73 45 31 83 97 12 85 
64 79 50 29 67 21 70 14 6 21 69 16 97 78 61 
92 66 88 28 29 94 65 22 27 2 23 44 2 95 44 
14 70 23 14 98 31 38 24 12 96 15 77 47 83 2 
99 11 48 82 42 98 68 90 98 95 27 64 2 58 24 
53 47 80 8 52 95 69 21 8 16 92 59 46 65 24 
10 23 19 49 84 43 64 54 59 53 50 39 66 68 81 
24 47 75 46 46 64 24 49 56 39 19 62 96 93 55 
69 91 50 2 93 18 39 61 84 18 75 31 9 2 44 
19 34 61 98 67 2 17 12 50 60 26 79 11 83 96 
10 53 24 34 4 68 96 28 80 31 45 15 49 55 51 
76 24 68 60 20 35 3 56 72 23 89 25 9 81 98 
10 48 39 24 83 47 50 37 6 22 77 67 64 31 98 
13 58 36 93 24 32 50 25 68 20 93 91 22 18 56 
25 61 33 9 84 16 9 99 22 50 36 92 92 72 21 
MACHINES
1 15 9 12 4 6 10 5 3 14 2 11 13 8 7 
10 15 6 9 12 2 7 1 3 13 5 4 8 11 14 
7 9 3 10 8 15 1 6 4 12 14 5 2 13 11 
1 9 8 2 12 4 10 5 7 6 14 3 15 13 11 
9 13 7 1 5 10 14 12 3 15 4 8 11 2 6 
5 12 1 6 10 14 2 9 3 7 8 13 11 4 15 
3 6 1 4 10 7 11 8 9 12 2 14 13 5 15 
11 13 9 5 10 1 15 14 6 12 7 2 3 8 4 
14 3 2 9 12 13 7 6 8 11 10 1 5 4 15 
6 15 11 4 8 3 10 2 14 9 12 13 1 5 7 
10 4 5 11 6 15 9 13 2 1 12 7 14 3 8 
2 14 5 7 8 3 13 10 6 15 9 11 12 4 1 
14 7 11 13 2 3 8 4 10 5 15 12 6 1 9 
8 14 7 11 4 9 12 5 15 2 10 3 1 13 6 
6 12 4 15 13 2 14 11 8 5 9 10 3 7 1 
13 14 1 4 5 7 10 3 2 11 15 6 8 9 12 
9 10 11 1 12 7 3 2 4 6 5 14 15 8 13 
9 1 10 2 14 11 5 12 6 7 13 8 15 3 4 
11 3 14 1 9 6 13 4 7 15 10 8 2 12 5 
6 10 5 9 3 4 14 11 12 7 8 1 15 13 2 
