9830108861,3683302165
20,20,20
88 84 13 89 1 5 75 38 30 23 30 77 38 55 11 91 41 93 52 17 
58 30 77 43 76 29 23 57 73 59 78 73 77 10 11 73 76 53 73 84 
17 43 73 2 92 3 67 8 99 27 81 33 35 7 9 78 16 69 22 78 
58 50 46 88 28 26 66 15 78 40 28 48 88 47 10 57 16 64 58 55 
25 36 45 39 15 9 48 39 52 31 60 66 4 70 29 90 32 17 93 87 
47 44 74 97 39 39 48 7 97 68 52 15 92 56 60 79 71 23 41 4 
99 17 69 66 12 17 38 65 60 42 22 73 40 27 48 65 89 50 39 18 
92 92 39 62 94 61 21 60 3 17 83 74 76 88 4 26 2 17 37 38 
93 71 17 81 2 92 83 7 43 18 97 82 74 76 27 81 8 80 1 33 
93 63 81 74 63 34 81 80 23 41 2 36 54 9 40 10 73 46 81 48 
90 61 53 42 49 30 60 57 7 43 10 43 66 95 64 99 90 99 76 35 
38 94 2 31 21 37 44 22 89 3 54 52 66 1 26 2 36 18 9 47 
43 98 62 35 95 65 92 19 13 11 27 39 30 49 38 39 37 38 59 30 
7 65 2 47 76 55 28 28 85 3 66 54 22 10 98 49 95 74 12 90 
69 67 73 87 64 22 72 5 93 53 8 63 10 93 46 13 27 43 20 96 
61 18 15 45 82 93 65 71 84 85 1 10 22 48 3 70 48 62 88 94 
84 26 83 75 86 52 51 37 88 63 31 25 71 61 95 57 57 59 21 96 
22 30 57 26 33 60 20 84 2 19 50 80 14 42 40 27 40 56 69 56 
24 41 42 76 69 55 59 29 76 16 91 25 47 68 52 4 38 45 46 99 
70 60 73 96 52 38 96 42 10 4 40 16 40 25 58 71 6 29 17 83 
MACHINES
2 16 5 19 10 1 6 17 12 8 9 3 13 14 11 7 18 4 20 15 
18 7 1 11 9 15 14 16 20 17 12 3 10 19 6 2 13 8 4 5 
8 18 5 20 17 6 11 4 2 9 1 15 16 19 10 3 7 14 12 13 
3 5 14 18 20 8 17 2 7 4 13 11 1 19 6 9 16 10 12 15 
11 12 19 15 1 4 18 7 14 10 3 13 2 17 9 6 16 5 8 20 
6 7 3 13 18 12 8 5 11 1 20 15 19 16 2 17 14 10 9 4 
13 12 19 14 11 4 2 3 5 8 16 10 6 9 7 1 15 18 20 17 
9 16 5 19 4 7 20 2 6 10 8 11 15 17 12 18 13 3 14 1 
9 2 10 5 20 7 1 11 17 16 6 19 8 3 14 18 4 12 13 15 
2 12 5 3 15 10 1 11 18 8 17 6 13 19 20 16 7 9 4 14 
1 4 12 5 6 18 7 9 15 11 16 14 10 20 8 17 2 13 19 3 
14 17 4 20 18 8 11 10 13 6 16 3 1 5 2 19 15 12 7 9 
15 2 4 14 19 8 7 18 16 9 3 13 1 17 10 5 6 12 11 20 
6 18 10 13 16 11 17 20 15 14 9 4 3 8 19 2 1 12 7 5 
13 8 5 17 6 2 15 10 1 7 12 11 16 19 4 3 14 18 9 20 
3 6 10 20 16 7 9 4 1 18 17 13 11 14 2 19 5 8 15 12 
4 16 8 18 7 19 3 15 20 14 17 2 9 12 10 6 11 5 13 1 
18 6 17 15 10 13 2 8 20 1 4 14 12 16 9 3 19 11 5 7 
15 16 3 11 2 1 6 19 12 14 13 10 9 8 7 18 17 20 4 5 
18 1 12 3 11 5 20 4 15 16 14 10 19 6 8 7 2 17 13 9 
