3002785452,1549328592
20,20,20
62 10 94 12 80 86 1 94 1 42 74 40 69 33 75 72 26 1 34 74 
98 47 80 32 7 7 71 14 82 42 57 65 14 20 84 42 63 18 15 32 
79 51 23 9 9 69 45 84 83 65 98 83 54 82 54 38 1 55 95 33 
79 15 10 53 22 82 64 27 93 86 18 32 51 73 59 4 96 96 62 97 
24 86 27 45 15 25 15 18 42 67 66 27 1 41 53 38 3 18 21 87 
94 71 14 45 65 19 23 73 87 97 9 24 75 84 77 27 76 93 95 99 
18 37 53 31 79 39 30 37 71 6 70 83 18 4 68 65 23 29 12 90 
91 86 87 20 57 89 81 58 44 88 61 22 28 43 75 13 65 41 6 98 
43 63 41 87 82 62 44 72 94 65 74 85 31 21 30 13 78 37 27 43 
99 39 5 84 6 94 99 73 51 50 94 67 38 22 45 97 39 13 95 21 
3 40 28 38 70 61 14 97 9 87 58 16 51 12 7 89 78 53 43 14 
34 64 44 35 55 63 3 30 30 78 47 74 54 74 45 59 38 67 35 82 
31 87 58 42 38 42 85 7 31 15 33 74 26 3 22 70 95 15 78 76 
97 41 34 62 86 65 3 34 23 74 24 45 1 19 12 85 70 63 52 79 
61 73 96 27 58 41 3 77 96 40 60 54 9 50 84 62 33 1 39 94 
53 87 57 36 35 96 76 47 91 54 89 49 49 21 33 68 53 53 91 74 
80 88 70 27 11 73 58 23 49 19 12 63 62 56 16 4 32 33 9 78 
81 15 99 17 91 16 33 17 62 93 2 50 42 63 49 84 38 23 17 45 
53 70 21 10 58 16 29 5 82 84 99 6 93 11 20 19 9 21 84 97 
34 43 6 46 51 20 9 44 23 87 37 68 58 94 93 57 35 40 38 61 
MACHINES
19 13 1 15 17 10 9 16 7 6 11 5 8 12 20 18 3 14 2 4 
11 1 16 10 17 14 7 18 8 4 15 12 6 2 9 3 5 20 13 19 
16 7 6 11 20 19 13 5 18 8 4 10 15 3 1 2 12 9 14 17 
16 12 10 11 9 3 2 17 8 4 20 5 6 7 15 18 13 14 1 19 
3 2 12 17 20 15 5 16 7 1 6 10 14 9 11 4 13 8 19 18 
3 18 16 4 2 14 1 5 8 7 15 20 10 9 19 6 13 11 17 12 
4 9 5 19 3 6 7 12 8 18 14 2 1 17 11 13 15 10 20 16 
7 16 6 12 11 19 14 5 2 18 10 8 20 15 9 17 1 3 4 13 
5 4 2 6 18 9 3 7 11 20 1 15 13 16 8 19 10 14 17 12 
18 5 10 8 7 13 16 4 3 15 6 14 12 11 17 2 19 1 9 20 
12 4 16 20 19 17 15 14 13 2 11 6 1 7 8 5 10 3 18 9 
18 10 1 7 14 16 15 2 13 5 3 9 19 12 6 8 11 20 4 17 
20 10 12 6 5 4 15 16 11 3 1 14 7 19 8 17 9 18 13 2 
3 4 5 2 7 20 12 9 13 1 6 18 17 19 8 14 16 15 11 10 
13 5 10 14 17 12 18 6 20 15 7 11 19 2 4 1 3 9 8 16 
16 7 13 12 14 19 8 3 20 17 6 2 9 4 15 5 10 11 1 18 
3 18 13 16 9 14 19 15 10 1 2 20 7 8 6 11 4 17 12 5 
10 9 18 13 4 3 19 16 14 12 6 1 2 20 8 15 11 7 17 5 
20 11 10 16 3 17 6 13 4 8 2 12 1 18 5 9 19 14 7 15 
11 13 6 16 15 1 9 17 3 18 10 14 7 12 5 19 20 2 4 8 
