1454935278,2107511235
20,20,20
16 34 75 96 49 20 22 84 20 47 95 77 82 36 50 63 31 92 64 54 
62 19 97 10 43 80 50 82 32 67 71 93 80 90 64 28 52 42 32 14 
88 15 72 18 11 94 81 16 85 49 94 7 38 52 23 58 72 8 17 74 
87 98 91 83 1 43 11 35 92 58 71 79 12 71 92 14 60 37 17 53 
81 56 71 6 93 13 39 73 88 39 25 56 88 11 34 53 66 2 4 29 
12 17 75 55 74 38 69 71 75 31 10 86 93 41 69 69 76 79 71 75 
77 43 71 99 83 79 73 47 21 82 81 56 7 43 71 9 56 1 38 36 
51 76 42 72 54 31 66 20 40 17 53 7 69 92 50 2 38 13 60 34 
13 68 61 88 56 41 69 79 7 30 97 42 69 65 89 82 80 66 88 65 
88 29 68 3 41 90 89 92 70 96 5 31 13 57 92 24 31 99 42 28 
9 53 38 29 10 53 84 58 41 89 86 93 41 7 73 75 20 93 55 57 
14 14 78 65 7 59 32 58 43 28 21 65 17 16 73 55 81 82 92 12 
18 64 2 17 57 9 47 46 12 25 71 25 59 12 94 52 36 99 56 95 
27 32 28 59 23 18 65 35 41 34 45 40 85 42 39 48 31 17 12 69 
26 12 54 59 10 86 99 36 36 4 96 30 19 53 81 85 29 1 26 60 
47 60 6 80 58 15 82 23 42 44 92 62 47 90 30 60 92 28 13 9 
86 68 8 48 92 87 3 15 41 54 65 77 42 44 8 74 21 79 14 95 
12 18 59 30 74 91 19 42 60 54 30 61 55 24 79 49 65 88 94 68 
75 70 59 7 79 82 49 78 6 84 10 37 92 24 30 30 48 1 17 46 
11 31 45 71 34 42 8 36 85 93 86 50 6 35 9 87 60 99 47 52 
MACHINES
18 8 12 7 15 5 17 6 9 14 1 11 19 2 20 16 13 10 4 3 
7 5 13 6 4 3 19 10 1 15 16 18 8 17 14 11 9 2 12 20 
14 17 4 7 15 10 9 8 12 18 6 1 19 3 11 20 16 2 13 5 
8 4 14 19 13 5 15 16 3 12 10 20 9 11 18 7 2 6 1 17 
18 13 9 4 5 16 12 6 3 17 2 8 7 1 14 10 15 11 19 20 
2 13 1 12 14 7 3 4 11 16 19 8 10 5 17 9 20 6 15 18 
16 4 7 3 15 1 2 13 8 19 17 6 18 20 12 5 11 9 14 10 
12 11 17 8 3 6 15 4 13 16 9 19 1 10 7 14 5 2 18 20 
11 18 16 7 1 19 9 2 8 14 3 12 20 5 13 4 6 17 10 15 
14 11 1 3 10 15 5 18 8 17 20 19 9 7 13 6 2 12 16 4 
8 15 5 17 14 12 6 1 19 7 18 10 3 2 13 4 9 16 20 11 
18 14 4 2 11 12 6 15 13 17 19 7 3 10 9 1 16 8 20 5 
5 16 9 12 19 6 18 10 3 2 13 4 17 20 14 15 1 7 8 11 
3 11 2 17 18 15 10 1 19 5 4 20 13 8 16 7 6 9 14 12 
1 13 7 18 11 4 10 12 3 8 17 6 5 19 20 14 9 16 2 15 
4 2 9 8 7 1 15 19 6 10 13 3 20 14 17 5 18 11 12 16 
1 2 16 10 17 7 4 11 18 12 15 3 5 6 13 14 20 8 9 19 
9 3 14 5 16 10 18 15 1 8 17 6 19 20 12 11 13 4 7 2 
18 20 17 7 2 9 12 5 15 19 4 6 11 3 10 1 8 14 13 16 
10 16 9 12 7 1 2 19 20 5 8 6 18 11 15 4 13 14 3 17 
