2114342198,2597297138
20,20,20
41 68 79 98 95 98 6 21 73 54 28 60 24 73 69 15 43 2 37 21 
61 27 84 84 98 95 56 27 95 15 69 7 31 61 17 13 76 32 10 87 
54 33 68 10 56 75 59 2 18 88 87 97 9 54 54 10 49 97 25 60 
61 57 54 1 77 15 90 20 92 97 28 64 88 71 51 90 99 56 72 96 
74 25 11 43 39 54 94 43 66 43 35 22 12 84 14 87 97 45 42 18 
97 3 48 5 53 11 26 65 81 54 60 59 83 6 9 66 7 61 63 98 
97 34 97 7 20 5 44 62 26 46 23 87 96 99 75 44 42 26 83 29 
94 56 12 37 44 46 49 62 10 83 3 45 84 20 32 4 52 1 31 80 
52 56 77 59 40 32 27 25 23 92 32 62 27 91 31 95 13 62 82 94 
72 11 72 48 94 11 32 26 66 6 18 50 45 74 85 84 9 52 19 60 
76 8 38 25 31 33 86 8 26 39 9 14 54 65 53 90 59 20 27 81 
97 56 53 57 61 41 20 56 42 53 16 33 87 41 50 84 30 63 75 31 
4 43 74 26 85 63 8 20 67 64 14 4 15 99 17 95 21 78 88 10 
84 89 30 53 27 51 51 42 30 3 39 13 36 93 93 53 30 25 40 86 
11 48 97 70 75 82 5 45 68 8 11 57 12 87 51 77 38 31 48 2 
82 67 27 60 49 59 76 20 68 81 56 78 16 77 2 49 85 83 49 18 
41 25 53 95 36 55 6 40 92 48 40 58 36 62 72 41 8 94 23 85 
46 32 75 62 37 48 99 18 69 72 73 76 94 48 39 40 85 38 16 67 
72 54 17 34 91 69 68 49 49 96 96 16 56 27 90 42 41 29 78 16 
84 9 84 70 48 15 42 89 92 80 56 82 3 80 14 31 76 56 57 99 
MACHINES
13 3 16 4 17 10 6 15 18 7 8 19 11 1 20 2 14 5 9 12 
18 5 14 10 7 17 4 8 15 6 2 16 12 9 19 13 11 3 1 20 
8 17 6 4 11 13 9 18 15 2 7 12 1 20 5 16 14 10 19 3 
14 6 2 4 17 19 12 13 1 18 9 5 10 3 11 7 20 8 16 15 
4 17 9 16 20 19 18 11 2 13 6 3 10 8 12 15 1 7 14 5 
14 9 18 12 8 2 1 16 19 5 11 7 3 15 4 10 20 6 13 17 
8 19 18 20 17 1 13 11 14 5 7 9 15 6 2 3 10 12 16 4 
12 3 4 13 9 2 10 7 15 20 8 5 16 11 6 17 18 19 14 1 
1 15 8 10 4 16 17 5 11 2 20 18 3 9 7 13 12 14 19 6 
8 2 7 10 12 15 9 17 13 1 16 3 4 19 6 18 5 14 20 11 
5 1 16 7 3 18 9 17 8 11 19 20 14 4 15 2 13 10 6 12 
19 14 7 13 4 9 11 1 15 6 17 2 20 12 3 16 5 8 18 10 
5 15 8 19 17 9 12 20 10 18 2 6 1 13 16 4 14 3 7 11 
15 14 2 7 6 4 20 16 17 1 5 9 10 8 13 12 11 19 18 3 
18 1 4 20 15 13 5 10 11 6 14 8 7 9 16 12 2 19 17 3 
8 15 17 4 2 18 9 7 16 6 14 11 1 13 12 3 20 10 19 5 
18 7 13 19 9 14 17 5 11 4 20 1 6 15 12 3 10 8 2 16 
16 12 19 5 4 13 1 3 17 6 8 7 15 18 10 14 9 20 11 2 
14 11 5 4 16 15 10 20 9 13 2 18 8 6 1 17 19 12 3 7 
12 18 17 8 9 2 13 16 15 19 7 11 6 5 10 14 20 1 4 3 
