9629313361,3865042977
20,20,20
26 28 93 29 34 37 51 27 68 11 27 1 13 99 7 17 45 55 22 69 
57 70 9 49 53 19 16 76 63 60 70 37 95 36 51 51 79 46 90 51 
83 28 77 19 73 42 23 1 80 49 14 22 1 44 15 58 40 11 89 84 
16 7 16 67 86 10 51 14 16 21 26 38 26 39 58 92 4 51 94 29 
59 52 37 85 89 5 53 3 1 94 16 98 24 13 76 57 18 9 67 61 
28 93 35 68 84 89 86 23 8 28 78 14 82 70 19 70 98 29 28 52 
66 12 61 74 4 35 15 12 95 63 39 79 20 41 2 26 93 32 9 14 
87 83 21 83 73 43 62 53 87 4 90 4 79 50 99 71 65 97 99 74 
34 47 49 68 52 79 99 77 20 43 21 93 10 31 30 56 81 11 81 85 
81 65 92 78 82 46 53 27 79 1 27 94 9 84 68 97 67 58 1 23 
50 15 23 82 25 97 22 52 14 16 52 96 92 94 21 2 32 79 28 33 
9 30 94 71 7 17 91 6 66 51 90 5 65 15 3 7 79 91 14 20 
77 80 21 30 34 71 90 3 24 3 76 55 67 18 42 72 33 93 37 43 
54 75 31 2 20 29 66 4 1 1 93 48 44 91 33 74 21 16 42 64 
71 92 70 17 63 9 96 69 93 35 99 31 79 27 48 72 13 30 90 9 
61 22 28 3 67 19 31 53 27 82 22 61 97 4 14 25 22 14 37 36 
86 52 61 98 62 91 32 16 68 23 25 24 15 86 8 18 95 62 90 58 
43 48 18 89 22 80 53 71 89 66 47 79 63 97 89 83 83 87 65 90 
21 92 91 60 96 30 5 17 96 99 49 67 1 29 16 17 6 81 16 68 
17 62 84 64 2 87 64 93 56 61 72 65 20 18 25 26 87 83 28 72 
MACHINES
12 18 14 10 13 1 5 7 2 8 9 16 19 4 11 6 15 3 20 17 
18 3 9 8 11 10 5 16 6 17 19 14 2 12 15 13 1 20 4 7 
16 19 14 10 18 5 4 17 1 13 6 11 3 9 8 2 7 20 15 12 
3 7 15 19 17 16 12 20 11 13 4 6 5 18 1 9 8 2 14 10 
17 7 18 2 12 9 11 19 20 4 1 6 8 13 15 5 14 16 3 10 
18 8 7 5 3 1 20 16 10 15 9 11 6 17 19 14 12 2 13 4 
10 4 13 15 7 3 1 19 17 8 11 20 5 18 9 16 2 12 14 6 
1 16 5 19 9 12 7 15 3 4 2 13 17 10 6 14 8 20 11 18 
13 18 3 12 8 6 19 9 20 14 7 10 16 5 15 2 17 11 4 1 
14 19 8 4 3 12 9 2 7 20 5 18 1 10 15 6 16 11 13 17 
2 20 9 12 11 3 15 6 5 19 7 8 10 18 16 1 4 14 17 13 
10 7 20 15 9 6 14 1 8 17 12 13 19 4 11 3 5 16 18 2 
9 16 8 6 15 11 20 14 4 18 2 19 17 13 7 3 12 5 1 10 
15 7 6 10 2 16 18 1 11 20 5 9 17 8 13 3 19 14 4 12 
19 1 17 6 14 11 8 3 12 15 16 9 4 20 18 13 10 2 7 5 
12 1 9 6 15 13 3 7 18 17 4 8 20 5 16 10 14 19 2 11 
15 9 1 10 8 5 2 13 7 16 18 14 11 12 3 17 20 19 6 4 
6 11 20 4 12 1 8 10 19 18 9 7 13 15 3 16 5 2 14 17 
19 18 13 3 1 20 4 9 6 7 10 15 2 12 14 5 17 8 11 16 
17 14 9 10 18 16 2 15 7 5 6 4 20 8 13 19 1 11 3 12 
