6548096225,9087969320
20,20,20
80 7 14 53 30 68 83 33 43 93 39 66 45 80 9 82 63 11 86 85 
40 74 48 30 54 53 72 14 20 78 84 43 36 37 12 84 61 65 70 96 
19 47 3 38 77 24 55 68 21 46 28 55 36 54 68 93 46 11 24 64 
40 67 74 35 84 92 33 98 23 90 76 74 15 81 25 95 13 41 48 3 
28 24 35 42 57 41 67 24 90 29 78 6 98 74 65 57 13 79 51 5 
47 22 46 24 59 51 21 70 40 50 5 85 24 81 36 75 28 68 23 41 
93 59 46 36 29 70 15 36 47 98 71 91 11 97 57 37 19 76 51 94 
45 83 10 55 50 71 86 5 31 65 97 85 71 25 78 68 8 63 48 28 
67 36 18 96 85 42 80 67 60 70 11 17 9 38 61 31 24 4 52 23 
74 58 61 27 42 31 65 53 22 67 50 69 60 5 97 40 19 86 45 5 
41 12 43 28 15 68 6 9 63 65 16 92 78 41 72 40 45 57 33 23 
2 75 76 4 27 33 31 54 97 52 3 58 28 1 76 38 95 78 52 5 
59 75 45 32 68 25 4 82 47 17 82 50 10 83 56 93 7 22 48 70 
48 76 92 50 43 75 89 11 55 10 22 90 7 88 11 50 31 10 9 81 
36 98 47 7 40 34 50 31 92 96 56 80 32 60 50 27 98 92 46 69 
26 78 50 78 28 18 81 19 88 57 13 11 66 87 38 34 81 82 74 76 
34 71 11 96 74 96 80 32 44 70 39 6 94 93 22 8 47 97 68 39 
93 87 42 13 13 5 36 57 29 94 73 55 31 60 44 38 32 73 76 42 
27 52 78 16 56 75 89 80 96 62 41 78 80 70 89 38 5 19 81 71 
17 15 96 87 85 61 27 25 81 86 88 92 74 97 67 28 46 89 86 36 
MACHINES
17 20 18 11 6 12 3 7 1 14 19 13 2 9 8 10 15 16 4 5 
7 6 15 16 12 11 1 14 2 3 17 10 13 8 19 4 9 5 18 20 
5 2 7 6 18 17 9 19 8 3 15 20 4 11 10 1 13 16 14 12 
18 11 5 15 7 8 3 13 6 20 9 14 16 4 10 2 1 12 19 17 
16 15 17 3 18 8 19 2 14 7 12 10 4 9 1 6 13 11 20 5 
2 7 12 19 15 18 4 11 3 6 1 17 14 5 20 16 10 9 13 8 
20 18 15 11 4 13 14 9 16 3 10 12 6 5 1 17 2 8 7 19 
14 17 16 18 8 12 7 15 4 13 20 6 5 1 2 19 10 3 9 11 
19 4 3 9 6 1 11 7 20 8 17 18 15 14 12 13 10 5 2 16 
11 17 14 3 13 16 6 2 4 19 7 5 12 9 18 1 15 10 8 20 
5 17 15 11 18 12 8 13 2 9 7 14 6 20 10 19 1 4 3 16 
1 12 18 7 15 19 13 20 8 2 5 4 11 10 6 17 3 14 16 9 
20 1 17 14 2 10 16 19 12 4 15 13 7 18 5 8 11 6 3 9 
6 19 1 20 16 12 7 11 4 14 5 13 2 9 17 8 18 10 3 15 
16 20 17 5 8 2 1 11 15 18 14 4 6 10 9 19 13 12 7 3 
13 16 9 10 18 12 4 17 11 14 15 20 2 19 1 3 8 6 7 5 
5 9 14 20 10 19 17 16 7 13 2 12 15 8 6 11 18 4 1 3 
10 13 3 12 5 1 8 18 9 20 6 14 16 17 11 2 15 19 4 7 
15 3 4 2 9 20 7 10 11 1 13 6 8 19 17 5 14 18 16 12 
17 13 11 20 2 4 14 6 7 10 3 16 1 18 8 5 19 15 9 12 
