5068272247,7425864762
20,20,20
56 84 7 73 65 7 79 16 6 26 39 15 14 32 79 12 26 71 14 21 
36 22 83 48 99 56 62 34 6 73 25 57 33 78 69 50 36 24 7 14 
42 29 2 26 6 88 60 78 44 95 29 44 36 24 6 19 61 70 32 77 
22 70 72 69 34 27 78 84 46 85 29 59 95 32 60 36 87 79 32 28 
33 4 74 33 41 8 73 19 71 86 44 38 30 74 84 52 13 36 76 13 
65 27 69 71 3 81 98 89 41 56 39 6 27 6 15 77 82 14 25 96 
64 60 4 8 83 5 89 23 89 94 25 88 36 50 97 28 27 51 73 22 
99 63 20 82 73 8 33 6 82 57 25 72 54 69 66 56 30 41 65 42 
54 90 21 26 54 93 61 85 76 10 1 72 62 79 12 29 83 15 12 1 
68 68 32 93 1 91 92 18 21 59 21 44 40 82 4 35 56 63 21 38 
36 58 82 29 27 78 79 69 39 64 42 5 38 70 91 89 31 42 4 80 
53 33 41 68 34 58 73 91 31 69 11 48 96 78 15 16 8 30 34 72 
75 77 58 27 32 9 38 19 49 14 1 69 16 70 52 64 78 92 87 1 
78 54 95 99 19 10 97 16 58 10 60 79 34 11 71 97 12 3 53 47 
63 83 93 89 39 87 2 21 49 13 54 11 64 51 1 18 18 53 94 37 
5 50 77 81 68 18 95 33 93 22 42 84 8 96 65 65 88 71 33 22 
16 55 95 87 29 73 45 97 95 55 25 53 41 3 72 70 83 72 51 3 
47 68 58 90 5 63 68 34 87 37 94 5 82 32 26 39 50 20 2 6 
49 98 8 8 27 44 77 96 32 28 8 5 85 97 95 56 13 4 90 84 
25 30 9 95 31 10 24 94 1 43 44 14 92 79 30 74 14 55 13 28 
MACHINES
4 3 5 16 12 10 17 20 11 8 9 13 6 1 14 15 2 19 7 18 
18 3 5 1 12 14 6 13 10 17 11 7 20 9 15 8 2 4 16 19 
17 19 7 13 18 10 20 14 9 15 12 11 6 4 3 2 1 16 5 8 
2 9 15 13 5 8 16 6 18 11 3 1 17 14 4 20 7 10 12 19 
10 18 20 9 11 8 13 12 1 3 16 7 4 15 14 2 6 19 17 5 
12 14 10 16 15 5 7 20 1 3 4 2 18 6 8 9 19 13 11 17 
1 15 7 12 17 19 3 2 4 14 10 16 11 6 9 13 8 18 5 20 
19 14 13 17 1 18 16 4 20 7 12 8 11 6 15 2 3 9 5 10 
6 3 15 12 9 17 20 2 7 1 4 11 10 18 5 14 19 8 13 16 
6 4 18 9 5 14 19 17 3 20 7 1 2 12 15 16 11 8 10 13 
13 11 8 12 19 18 16 4 5 17 2 3 9 6 20 7 15 10 1 14 
10 18 6 2 7 4 9 13 12 15 17 8 20 14 1 11 3 16 5 19 
4 12 7 8 15 11 9 19 1 5 13 2 16 6 3 18 17 20 14 10 
15 18 19 10 9 5 7 2 11 17 16 6 3 12 1 20 13 4 8 14 
10 6 13 11 18 1 3 8 2 4 17 16 19 12 20 7 15 9 14 5 
20 14 13 6 1 19 2 17 4 8 3 18 7 5 11 16 10 12 9 15 
17 13 20 1 15 2 8 7 3 4 5 19 10 18 9 6 12 16 11 14 
17 14 6 10 9 12 13 7 8 15 1 2 20 19 3 18 11 16 5 4 
9 19 12 7 10 1 16 20 14 8 13 2 5 3 4 6 18 11 15 17 
4 1 6 15 11 3 5 17 9 13 20 18 10 8 12 14 2 16 7 19 
