4961862781,2473319136
20,20,20
11 52 65 2 33 55 53 98 57 81 95 59 89 54 99 52 75 27 6 15 
64 56 44 25 54 91 15 84 86 23 94 97 53 4 80 58 13 57 14 43 
10 97 7 88 40 22 24 86 38 76 76 26 87 74 22 7 40 9 40 28 
71 12 44 39 4 70 65 17 84 98 8 64 89 7 8 49 40 33 99 13 
83 46 21 72 75 42 63 24 73 75 25 63 98 76 22 33 38 70 10 69 
62 58 51 61 90 82 44 22 34 35 39 82 39 81 40 90 83 87 82 65 
83 40 44 4 36 15 18 39 90 17 14 80 65 74 65 82 69 28 50 49 
51 16 3 70 15 50 58 86 96 7 22 17 32 73 61 30 24 34 80 32 
51 53 86 20 11 46 14 45 31 58 30 9 78 51 49 11 80 10 70 56 
61 82 10 81 3 51 41 94 26 60 27 99 35 58 90 87 42 71 82 33 
73 77 64 53 66 52 23 1 52 28 36 68 75 28 10 10 29 75 22 73 
36 96 66 47 71 42 71 44 59 59 88 69 59 55 14 88 79 34 7 4 
62 74 61 22 13 91 54 71 69 78 95 38 34 15 51 26 91 79 10 56 
92 77 57 99 3 14 82 87 58 86 13 56 73 11 84 16 89 59 28 92 
37 30 87 99 85 55 46 16 34 39 33 7 68 74 30 73 94 31 47 58 
10 64 78 37 90 25 99 51 6 23 8 14 23 11 86 77 30 73 90 17 
23 49 46 55 66 34 32 71 93 5 48 62 10 90 75 80 97 75 86 74 
56 93 17 46 13 9 47 98 20 90 49 67 20 7 25 48 2 39 76 94 
63 89 37 73 35 35 83 85 10 1 53 67 2 25 8 97 86 71 40 74 
54 76 43 61 92 22 19 21 49 85 82 3 65 73 43 39 30 60 90 11 
MACHINES
8 7 1 5 9 3 10 20 13 2 18 15 14 17 12 4 11 19 16 6 
6 10 4 8 13 17 15 18 1 20 16 19 5 2 14 11 7 12 9 3 
19 13 1 11 8 10 20 12 6 3 5 4 18 15 17 2 14 9 7 16 
12 13 1 15 17 19 5 9 8 14 6 11 10 20 4 3 16 2 18 7 
13 6 9 10 17 3 7 20 8 11 4 18 19 12 5 14 15 2 1 16 
10 8 9 20 4 13 2 16 1 18 6 19 17 7 11 3 5 14 15 12 
18 12 9 14 5 6 10 20 11 19 16 8 7 4 13 1 17 3 15 2 
18 13 20 7 14 9 5 17 8 2 4 3 19 10 11 1 12 16 15 6 
3 8 17 19 11 9 20 12 16 1 6 18 4 5 7 2 13 15 14 10 
15 14 8 19 9 20 6 12 4 1 3 18 17 16 13 11 10 5 2 7 
12 20 17 9 5 8 13 10 18 2 14 1 7 4 19 3 11 16 6 15 
9 1 11 14 20 3 12 18 6 2 13 19 10 8 5 16 17 7 4 15 
13 6 3 10 11 7 14 4 17 12 8 5 16 1 15 20 18 19 2 9 
2 6 7 20 17 11 3 19 9 16 5 15 4 1 18 14 12 10 13 8 
6 13 11 7 17 3 12 14 8 15 16 20 2 4 18 19 5 9 1 10 
3 9 13 5 7 6 8 17 19 11 20 2 18 1 14 16 15 12 4 10 
13 8 11 15 18 14 3 7 10 2 19 16 6 12 20 5 1 9 17 4 
20 1 7 12 11 6 17 19 8 10 16 4 13 15 5 14 3 18 2 9 
9 18 8 3 1 14 15 4 11 16 17 5 12 20 13 6 19 7 2 10 
14 2 19 10 20 11 15 17 5 8 16 6 9 18 13 12 1 7 3 4 
