5345273412,4693662508
20,20,20
34 59 63 50 73 65 33 57 89 17 85 62 49 1 3 93 31 99 92 19 
92 52 66 38 49 74 80 61 60 11 32 54 47 45 50 3 21 57 51 51 
36 63 14 84 59 66 11 95 56 77 50 29 72 52 80 90 14 27 65 53 
25 49 93 75 99 13 26 94 46 33 31 91 66 59 50 57 7 60 72 59 
68 26 55 64 1 72 29 95 94 87 96 1 43 56 29 15 99 48 49 15 
52 37 91 9 16 14 5 67 78 73 64 59 6 75 93 51 59 74 52 9 
74 34 54 27 51 48 49 65 8 48 86 34 74 50 86 26 89 33 38 50 
56 52 74 77 11 39 13 39 61 78 92 82 19 35 6 98 29 85 97 95 
86 68 21 68 2 63 37 79 55 52 63 85 12 40 31 28 72 51 21 8 
67 77 25 41 40 58 43 55 26 51 93 92 3 39 80 95 23 39 17 14 
59 10 29 87 60 51 95 31 8 70 14 90 46 58 99 80 12 11 55 3 
89 94 67 12 80 55 79 73 58 15 4 93 65 89 50 53 73 55 83 59 
31 31 63 36 98 97 20 85 65 92 59 7 57 50 80 33 99 77 24 99 
68 26 38 76 54 98 66 96 99 5 71 19 77 18 33 83 3 69 42 15 
10 47 91 83 16 31 72 97 51 40 23 44 86 29 26 14 23 41 29 57 
90 8 63 18 7 86 17 21 91 4 17 39 55 63 26 1 61 74 73 79 
42 47 17 31 67 78 64 21 61 69 62 27 62 59 74 74 67 58 85 34 
11 6 91 47 29 97 84 38 93 13 13 29 18 34 58 90 20 17 69 17 
79 23 10 54 88 75 9 17 22 28 96 74 35 57 54 99 49 8 80 40 
63 48 15 1 59 91 68 45 36 68 21 35 41 53 4 68 89 84 34 26 
MACHINES
2 14 15 13 19 20 10 4 6 7 8 3 5 12 17 11 1 18 9 16 
4 10 9 17 20 18 12 6 16 7 1 13 5 14 19 2 8 11 15 3 
19 18 6 12 5 14 17 2 15 13 7 16 4 9 1 11 20 3 10 8 
11 2 4 20 13 1 9 15 10 19 3 14 5 12 18 8 16 7 6 17 
1 20 16 17 11 5 15 8 2 13 3 14 4 18 7 10 12 9 6 19 
16 18 20 11 4 9 6 13 3 2 5 14 19 15 10 8 12 1 7 17 
6 12 7 5 15 1 4 8 18 20 11 13 19 2 14 3 10 17 9 16 
9 13 18 6 10 8 15 12 4 19 1 14 3 2 11 20 5 7 16 17 
1 12 7 4 14 2 10 19 8 15 13 17 16 6 11 3 5 18 9 20 
12 19 2 14 1 17 5 3 6 4 8 13 18 16 15 11 10 20 9 7 
5 7 17 11 3 8 6 10 14 19 12 16 13 15 9 18 1 4 2 20 
4 16 9 14 6 15 7 10 17 5 18 8 11 20 13 3 12 1 2 19 
2 15 9 5 16 6 11 4 10 19 18 12 20 13 7 1 3 8 14 17 
17 20 13 11 1 4 6 9 15 16 2 10 14 18 3 12 8 7 19 5 
9 6 3 19 13 8 10 7 2 5 1 12 20 18 14 11 17 15 4 16 
1 6 10 8 9 7 19 20 3 16 17 14 15 4 18 5 12 11 2 13 
16 3 13 2 5 12 20 7 10 9 19 1 18 6 14 11 4 15 8 17 
10 14 3 20 7 5 19 4 8 6 12 15 1 11 9 16 13 17 2 18 
8 18 20 15 3 4 10 19 7 13 9 14 1 16 5 11 2 6 12 17 
8 16 13 15 5 18 19 20 3 4 14 10 1 11 17 12 7 2 6 9 
