9062495660,3880268360
20,20,20
41 48 36 22 57 84 80 58 63 44 28 20 77 62 93 48 86 39 35 36 
43 29 6 48 52 64 83 41 17 95 99 45 30 76 13 32 29 81 66 70 
49 70 16 31 57 82 72 87 49 29 70 32 82 38 6 48 89 86 46 92 
96 37 5 39 90 32 56 22 85 13 54 71 79 94 55 49 23 35 25 50 
4 38 20 49 2 69 73 53 1 22 50 19 82 83 45 84 73 87 29 73 
10 9 71 28 37 33 38 30 60 2 26 35 32 1 96 31 71 59 27 54 
39 83 68 35 85 51 74 1 45 69 94 3 6 47 65 2 55 79 31 40 
48 14 17 11 44 89 96 30 97 15 42 65 9 37 56 63 80 62 13 68 
4 15 83 86 53 16 46 38 32 55 84 59 91 39 30 20 9 98 76 63 
78 96 9 36 60 55 61 10 76 72 72 92 70 55 94 83 48 62 40 79 
78 32 54 26 98 97 96 34 31 38 24 76 5 86 54 65 97 99 89 49 
19 61 3 39 14 4 40 13 12 64 18 32 95 32 22 5 77 41 5 55 
59 90 64 24 66 85 63 7 62 41 52 66 31 97 45 28 41 79 11 45 
36 72 5 42 70 62 96 85 69 72 56 95 60 47 14 96 88 9 94 7 
77 81 10 76 2 81 65 87 1 70 82 92 1 55 66 72 24 41 69 88 
8 38 48 95 38 59 82 85 66 14 52 1 37 44 17 29 10 44 5 5 
82 58 3 73 44 73 56 4 72 87 37 9 69 98 35 3 58 94 58 57 
43 60 29 29 33 38 95 30 42 29 1 53 52 42 89 41 63 89 45 58 
13 6 13 40 87 36 97 33 60 23 61 30 73 8 89 93 58 44 72 75 
35 16 19 68 76 49 13 11 10 10 93 65 27 83 35 81 17 99 28 59 
MACHINES
9 5 4 3 18 2 10 12 17 19 7 1 11 6 14 8 15 16 20 13 
13 5 16 10 18 6 12 2 9 20 3 8 1 17 14 19 4 7 11 15 
13 12 15 20 6 17 1 9 11 5 4 8 3 7 19 16 10 18 14 2 
3 20 17 15 7 1 4 8 2 10 5 14 6 9 16 12 19 18 13 11 
17 7 19 6 10 12 1 16 2 3 18 5 20 13 8 14 4 15 11 9 
14 7 5 19 2 9 1 15 4 3 6 10 11 12 20 8 13 16 18 17 
1 10 14 3 17 16 2 9 6 18 12 5 20 15 13 4 11 7 19 8 
8 6 11 4 17 20 10 9 2 3 7 12 19 15 14 16 13 18 1 5 
20 13 9 4 7 10 16 6 15 1 11 18 5 12 14 2 17 8 3 19 
11 18 7 10 4 8 17 14 19 9 12 2 1 5 6 20 3 15 13 16 
18 15 13 3 5 7 4 12 19 9 16 10 17 14 8 20 6 1 11 2 
12 3 20 1 15 13 18 10 11 6 14 5 8 2 16 7 19 17 4 9 
8 7 17 14 11 9 1 4 16 15 20 13 19 18 6 10 3 12 2 5 
18 5 1 11 13 3 10 15 2 4 16 9 7 14 20 6 12 19 17 8 
19 7 2 15 12 13 18 11 3 16 5 4 6 9 8 17 20 10 1 14 
12 15 8 16 5 20 11 19 1 10 3 17 2 13 6 4 18 9 7 14 
2 7 16 12 19 1 15 17 4 6 20 5 14 9 18 10 3 13 8 11 
18 10 3 2 16 1 7 19 8 14 6 5 17 11 9 4 12 13 15 20 
8 17 7 14 12 6 18 16 2 10 1 11 15 4 19 13 5 20 9 3 
17 20 18 13 5 15 11 1 14 8 10 4 16 2 7 6 12 3 19 9 
