2293653711,1507748983
20,25,25
20 30 9 96 39 50 26 45 6 27 32 74 51 49 86 79 29 43 49 64 41 61 28 67 61 
52 51 37 22 66 38 18 28 27 88 63 34 92 16 24 53 78 33 4 49 10 84 36 5 4 
81 83 56 88 18 9 45 14 59 27 93 45 12 58 98 41 10 98 1 15 95 1 59 79 9 
23 41 51 35 8 57 56 46 22 89 9 71 91 60 46 80 31 24 56 89 89 71 81 33 18 
72 48 3 25 12 66 84 55 45 53 23 40 19 65 55 41 64 14 95 45 55 55 29 41 13 
26 31 91 55 29 78 62 18 87 16 73 50 70 92 61 64 43 88 17 11 60 17 31 4 92 
66 6 64 19 14 64 63 48 32 81 3 54 45 43 87 9 77 74 10 7 90 87 81 83 5 
16 55 66 72 58 72 20 42 56 88 29 7 13 11 12 59 21 49 42 91 47 78 38 1 32 
5 50 38 90 73 2 94 70 80 43 19 31 12 90 73 43 66 77 41 45 92 59 31 61 41 
25 55 58 93 81 65 5 62 12 14 70 84 98 8 81 71 91 92 27 1 87 3 86 57 94 
70 27 81 53 90 92 63 95 7 21 17 79 7 77 78 86 10 91 96 54 53 27 35 48 60 
8 58 1 48 40 92 45 81 24 42 94 6 78 68 84 35 76 88 35 73 19 48 5 79 88 
63 90 6 52 66 13 46 84 52 69 44 36 31 10 80 80 55 81 88 67 45 77 65 71 50 
42 4 9 51 45 47 83 33 40 25 60 57 73 98 60 46 37 58 30 77 17 14 24 81 6 
90 54 33 55 15 72 89 57 15 15 33 89 73 42 26 88 65 44 11 1 33 82 5 49 33 
64 26 21 54 23 54 29 8 23 59 72 95 62 70 84 82 70 61 95 79 48 20 72 69 40 
36 79 28 29 10 89 10 64 46 42 34 10 28 59 14 42 65 2 91 27 27 57 97 42 82 
66 74 69 86 34 41 19 69 74 98 46 26 94 71 28 27 78 99 68 44 78 39 32 54 93 
6 37 5 94 27 36 7 81 75 70 12 11 6 14 61 29 40 71 35 63 86 67 18 99 77 
91 48 10 80 93 4 81 41 26 94 81 36 7 29 20 18 44 65 6 98 50 77 24 81 25 
MACHINES
25 23 9 7 8 11 17 10 5 16 14 3 2 21 6 4 20 12 18 19 24 13 15 1 22 
4 25 16 17 6 7 11 23 9 12 8 2 14 13 24 5 18 1 3 15 21 22 20 19 10 
19 17 7 13 5 8 3 23 15 20 2 6 11 1 22 9 16 18 14 10 21 12 24 25 4 
24 3 5 13 23 21 25 1 16 2 6 17 9 15 18 19 22 20 7 11 8 14 10 4 12 
13 18 19 23 4 11 15 7 17 24 9 21 20 12 10 16 25 22 8 14 2 1 6 5 3 
8 1 18 16 12 23 6 13 20 24 4 21 19 17 14 3 2 7 5 25 10 22 11 9 15 
2 7 25 17 10 23 13 9 14 1 21 8 12 19 15 16 18 20 4 24 11 22 5 3 6 
6 2 3 21 23 18 20 9 4 19 12 24 14 15 1 5 22 10 7 17 13 8 16 11 25 
5 20 23 13 24 1 7 9 3 6 4 15 25 12 17 10 2 21 14 11 18 16 19 8 22 
23 18 13 7 8 9 3 1 24 19 6 20 5 25 11 12 22 21 10 16 4 2 15 14 17 
10 13 18 4 15 11 3 21 6 5 12 17 8 2 7 22 14 20 25 23 24 1 9 16 19 
14 23 22 16 3 24 18 7 17 6 19 12 5 10 2 4 13 9 25 11 21 8 20 1 15 
10 1 5 25 2 6 3 11 24 15 14 12 9 7 8 19 13 17 4 16 22 20 18 21 23 
4 23 19 5 12 14 15 13 16 17 11 22 7 25 9 20 10 21 8 1 24 2 18 6 3 
5 8 14 10 17 3 2 18 9 24 4 20 15 11 6 13 7 12 23 16 1 22 25 19 21 
15 18 5 24 13 22 10 14 4 25 8 16 11 17 23 7 1 2 20 3 6 9 12 21 19 
18 17 13 12 7 22 23 20 6 19 5 21 4 2 16 10 9 1 24 15 11 8 14 3 25 
12 22 25 9 11 16 15 4 19 7 20 3 17 23 14 2 21 1 18 24 10 13 6 5 8 
2 25 20 9 22 11 13 8 10 1 5 19 3 7 12 17 21 23 14 24 4 16 6 18 15 
8 6 21 20 10 23 22 17 5 4 25 11 14 7 12 2 13 1 24 3 9 18 15 19 16 
