4528878395,8035743123
20,25,25
69 49 53 47 20 75 22 3 68 67 84 82 47 42 16 84 60 90 80 47 20 42 44 89 32 
80 46 29 98 22 33 76 94 61 3 36 25 65 44 85 8 45 79 15 58 5 23 32 99 76 
14 28 26 43 79 67 76 49 16 59 44 83 30 95 51 28 64 7 84 96 60 22 18 9 81 
85 85 69 42 88 62 83 39 5 7 95 84 85 83 16 69 66 46 1 71 84 7 90 35 44 
63 6 8 51 70 90 63 44 57 55 83 54 67 27 82 55 62 31 94 66 3 12 75 47 3 
94 63 63 28 5 50 56 10 62 13 40 9 76 8 51 89 79 69 73 70 22 10 57 40 24 
52 93 96 5 52 32 6 89 50 91 87 9 94 26 66 65 84 15 27 72 55 72 98 84 73 
40 95 24 9 19 19 58 21 19 6 65 21 83 58 37 74 32 53 5 60 72 91 90 4 99 
41 60 31 85 38 55 8 72 89 36 48 4 72 94 64 9 93 45 5 75 11 69 16 6 95 
23 70 16 38 55 13 7 88 61 50 89 8 73 68 21 96 23 14 65 62 14 79 43 10 92 
53 73 23 33 84 88 56 17 92 43 6 4 17 38 1 73 47 29 89 16 51 5 21 72 34 
77 17 2 73 46 6 69 51 75 42 30 97 75 92 41 76 45 33 85 98 63 98 29 17 14 
6 48 57 8 50 89 17 50 31 81 45 52 79 71 27 95 70 67 95 53 17 92 63 32 16 
8 67 18 89 87 98 82 42 65 62 72 39 93 12 85 83 89 94 54 84 92 22 12 59 14 
73 40 52 26 45 13 72 42 92 41 7 38 47 22 18 95 3 85 66 93 89 44 87 84 43 
97 37 98 4 31 6 45 72 16 75 94 32 59 89 75 98 57 9 42 65 37 7 88 34 64 
74 75 45 8 95 4 72 97 11 63 26 85 14 95 64 2 46 79 76 73 7 38 4 98 52 
9 18 44 38 35 85 30 26 64 8 14 89 60 11 36 54 26 47 62 31 33 77 29 74 48 
72 43 32 39 66 68 53 39 10 88 88 39 83 66 62 96 71 22 50 67 27 96 94 98 42 
10 83 50 10 2 53 76 10 91 38 65 96 29 44 3 56 49 13 55 84 96 39 67 77 4 
MACHINES
17 22 2 11 6 12 25 14 5 16 13 18 4 19 7 20 10 8 9 3 15 23 21 1 24 
13 22 1 16 25 20 19 6 8 10 14 5 9 12 2 23 7 11 24 3 18 4 17 21 15 
11 5 16 19 23 17 20 13 10 18 2 1 21 7 22 9 12 14 3 15 25 8 4 6 24 
7 2 20 14 16 8 1 5 17 18 11 22 6 24 23 15 13 19 4 25 21 10 9 3 12 
13 22 3 16 6 9 7 5 2 17 14 23 20 25 8 24 10 18 15 19 11 21 1 4 12 
12 24 14 8 17 13 9 6 7 1 18 4 16 20 3 22 21 10 19 25 11 15 2 23 5 
22 14 16 13 20 10 18 5 3 8 19 6 4 12 25 24 21 15 7 11 2 9 23 17 1 
12 14 5 25 7 16 17 8 21 13 18 4 24 15 2 3 10 9 23 6 11 1 22 19 20 
24 10 19 3 12 18 23 2 25 15 13 17 16 6 9 20 4 7 11 21 5 22 8 14 1 
19 8 15 17 20 3 11 14 16 5 1 6 23 4 7 25 21 13 10 9 22 24 12 2 18 
2 22 15 10 6 12 5 24 3 25 20 18 21 17 19 9 16 7 13 8 1 11 14 4 23 
6 18 16 5 22 8 1 7 9 19 12 23 13 14 11 25 3 4 2 10 17 24 15 21 20 
18 25 14 23 16 7 9 2 5 4 13 24 22 15 12 19 6 1 20 10 11 8 3 17 21 
7 1 11 9 13 14 22 15 19 20 16 18 8 5 4 21 24 23 2 6 3 17 10 25 12 
17 11 9 24 4 10 19 20 3 23 25 12 7 15 21 14 16 18 6 5 8 2 13 22 1 
10 1 13 18 15 12 5 17 9 20 24 8 19 6 3 22 2 21 11 25 7 23 14 4 16 
21 10 4 9 2 18 11 12 20 23 8 13 17 25 24 5 3 14 19 15 16 6 7 1 22 
7 10 3 5 12 8 15 25 17 21 11 16 2 24 6 23 13 22 9 4 18 1 19 14 20 
9 25 13 21 16 10 18 23 14 20 15 8 5 4 17 22 6 2 12 24 7 19 3 1 11 
24 15 23 20 3 11 7 22 8 21 18 2 14 4 1 25 19 6 13 9 12 5 17 10 16 
