6091372161,1575129252
20,25,25
54 84 95 23 16 38 15 69 61 4 46 61 6 59 22 31 32 29 18 58 67 71 90 97 32 
30 59 95 79 54 81 13 59 97 28 9 23 94 78 15 9 38 52 84 32 44 6 67 96 94 
14 67 86 73 13 5 59 19 6 94 65 81 51 97 89 32 59 84 12 67 69 28 83 85 97 
85 82 80 19 62 94 30 44 60 20 92 53 50 34 24 44 69 8 68 10 98 88 7 58 12 
14 64 87 90 52 59 58 41 51 5 23 51 6 75 88 2 29 44 83 44 91 80 21 93 83 
37 64 48 55 67 20 29 93 4 67 25 69 15 54 1 52 16 31 28 6 37 52 38 13 67 
51 17 26 2 5 68 98 77 21 30 37 60 93 65 23 1 19 9 21 77 44 36 79 89 18 
19 78 25 90 86 61 27 30 27 37 32 61 26 92 43 6 18 9 7 44 52 51 19 18 9 
31 39 69 78 98 60 95 89 70 1 52 25 35 90 22 45 69 9 12 76 94 20 77 30 29 
84 57 73 48 27 81 9 86 59 54 7 77 46 97 51 37 61 12 67 34 12 94 3 79 38 
82 52 69 81 65 27 59 50 76 70 63 52 87 89 33 54 34 71 30 90 11 42 82 21 62 
28 63 22 63 86 43 85 58 78 22 64 49 77 41 65 2 8 74 56 20 6 79 86 22 66 
59 47 2 2 69 1 81 18 36 97 81 28 79 25 73 48 66 14 76 44 95 59 95 16 59 
88 41 73 96 58 10 89 19 81 82 45 30 76 91 23 31 3 59 83 38 53 71 18 18 49 
53 81 58 71 49 45 38 17 5 51 48 25 29 72 33 9 93 50 81 39 63 7 58 15 21 
51 81 39 6 51 99 70 50 86 85 23 1 81 10 58 94 49 8 74 67 8 44 44 1 8 
53 56 94 36 66 93 91 37 15 92 87 5 86 85 75 21 25 81 78 93 69 1 52 51 59 
22 63 19 98 38 34 76 92 99 28 60 28 8 54 74 38 62 30 83 37 21 38 17 99 65 
18 48 92 61 28 27 55 75 94 10 78 95 42 99 11 70 60 55 76 18 5 30 77 85 25 
19 33 26 71 82 56 80 36 52 82 40 86 59 49 25 88 84 38 70 10 45 39 71 15 78 
MACHINES
9 21 10 1 3 25 17 15 18 16 4 22 13 2 19 8 7 5 11 24 23 12 6 14 20 
16 10 14 2 1 3 9 11 5 25 7 17 18 23 12 20 19 15 22 6 4 21 24 13 8 
13 20 23 3 12 10 2 9 24 22 11 7 16 1 15 14 17 25 21 4 19 5 8 6 18 
11 21 5 23 12 9 4 22 8 13 24 2 20 16 18 3 19 25 1 7 15 14 17 6 10 
20 5 3 9 25 14 12 7 22 2 24 8 6 4 16 17 15 23 13 1 11 19 10 18 21 
8 10 11 4 24 15 7 20 17 18 21 25 6 22 13 9 5 19 3 1 12 16 14 2 23 
3 14 11 7 25 1 23 5 18 15 4 6 16 19 8 13 21 20 9 2 12 17 24 22 10 
12 14 21 25 8 19 2 13 1 4 24 3 18 20 15 22 16 11 10 6 23 17 9 5 7 
15 12 8 11 2 13 14 3 21 6 9 23 17 22 19 10 4 5 7 20 1 16 25 18 24 
4 10 6 22 2 24 21 8 18 17 20 7 19 23 11 13 25 1 15 3 14 9 5 16 12 
6 20 18 5 2 14 17 8 3 10 22 15 19 11 16 24 4 13 9 25 1 12 7 23 21 
19 4 25 17 24 11 5 6 1 22 12 23 8 21 3 20 7 18 9 14 10 13 2 15 16 
25 11 21 7 5 8 4 20 17 10 15 24 19 3 14 1 22 2 9 18 12 16 23 6 13 
24 3 6 10 21 15 5 4 8 16 1 9 17 14 13 22 23 7 2 20 19 11 25 18 12 
20 3 22 18 1 2 8 24 6 23 16 19 5 15 13 21 11 25 17 14 12 9 10 7 4 
18 22 2 23 1 17 25 13 20 19 3 11 21 7 9 16 14 5 10 15 6 24 8 4 12 
3 21 23 18 20 2 5 25 13 4 10 12 19 1 6 22 14 8 15 11 7 16 17 9 24 
6 25 8 12 9 14 20 24 13 3 16 21 2 7 1 23 4 17 5 15 22 10 19 18 11 
8 4 14 19 10 24 3 15 23 22 16 12 6 2 9 20 17 13 5 21 18 11 1 7 25 
2 17 25 13 14 16 6 22 10 18 20 5 7 11 1 9 24 8 4 19 15 3 12 21 23 
