2395554719,8855145051
20,25,25
63 69 35 84 70 19 45 87 31 69 53 53 18 44 98 53 89 53 26 76 58 3 15 56 80 
8 26 75 4 21 93 1 96 65 42 9 50 20 86 2 23 33 48 80 86 67 4 19 55 95 
92 59 64 40 50 71 41 37 60 35 47 51 72 4 35 34 98 6 55 38 44 93 54 88 55 
28 23 51 6 45 48 31 40 19 81 34 31 97 83 20 68 65 45 22 90 25 95 31 47 33 
14 94 3 92 30 6 37 50 82 17 48 41 17 84 86 50 63 75 45 51 31 80 56 18 53 
87 2 61 73 51 19 1 75 81 21 18 60 12 20 15 69 22 91 39 7 8 25 65 2 81 
35 27 42 33 82 33 32 33 82 6 47 8 20 37 99 14 38 68 63 14 17 56 8 8 1 
98 55 13 49 63 25 30 47 8 99 62 46 3 62 66 35 90 35 42 12 98 1 58 72 80 
96 44 5 24 88 18 69 99 94 71 7 18 58 18 39 94 65 26 64 26 83 85 85 23 97 
67 3 82 86 84 56 10 34 12 11 61 77 50 35 5 50 7 21 2 24 62 41 15 94 83 
49 98 26 46 92 12 34 82 28 60 46 63 90 29 91 19 1 59 63 95 48 55 96 38 47 
65 26 31 84 3 28 75 74 19 79 81 30 56 93 45 7 20 34 29 15 6 85 3 53 2 
52 53 45 81 27 11 96 23 91 97 23 80 48 94 50 41 68 17 52 2 25 69 82 46 57 
85 50 65 99 44 58 3 65 52 82 9 66 71 4 82 89 99 24 47 29 63 37 39 38 20 
16 49 86 27 17 3 6 94 69 72 45 27 19 5 73 52 32 2 74 33 75 22 53 35 16 
82 97 36 5 80 66 7 74 2 92 1 81 99 26 12 97 32 68 59 20 53 48 50 97 78 
95 30 83 92 93 10 45 16 12 76 56 87 12 22 22 67 79 38 13 31 49 23 15 21 30 
38 59 93 84 41 33 26 29 39 21 10 3 41 63 87 80 25 99 12 91 89 49 27 68 45 
60 81 78 3 61 81 16 82 66 82 34 61 93 65 87 87 95 47 95 18 90 67 57 52 87 
61 62 79 23 68 23 18 52 1 23 56 13 53 7 15 87 87 9 22 7 7 32 85 65 58 
MACHINES
13 4 9 23 19 7 14 3 5 20 18 15 12 10 16 2 11 6 22 1 8 25 17 21 24 
19 2 25 12 14 11 21 16 22 13 8 9 5 7 4 17 24 20 23 10 3 6 18 1 15 
6 3 18 16 4 20 21 13 5 1 17 9 24 22 19 23 2 7 14 10 8 12 15 11 25 
18 23 15 11 17 7 9 19 8 21 6 1 14 4 10 20 5 24 22 16 2 12 13 3 25 
6 7 23 18 15 20 3 13 9 4 24 8 22 11 1 19 12 5 25 14 17 21 2 16 10 
9 13 15 4 1 14 11 6 20 12 7 21 16 8 18 5 23 24 3 17 25 19 2 10 22 
18 22 6 16 2 10 8 5 12 25 21 13 1 9 7 20 11 23 4 14 24 3 19 15 17 
14 12 22 6 4 11 23 24 13 17 10 1 18 5 9 16 20 2 3 21 7 15 8 25 19 
18 4 11 2 9 19 21 5 15 20 12 10 25 1 14 17 24 22 13 3 7 23 16 6 8 
18 13 9 4 7 24 25 19 8 14 6 23 20 10 3 12 16 15 17 22 1 21 5 2 11 
21 12 18 19 14 6 22 23 20 13 24 2 25 4 15 5 10 1 17 7 11 9 16 8 3 
3 6 5 22 25 24 16 1 15 20 4 11 9 12 14 13 2 17 10 21 7 19 18 23 8 
19 11 2 25 1 3 23 16 22 8 17 15 6 14 5 10 13 20 9 12 18 7 4 24 21 
11 15 4 22 19 12 9 6 2 7 13 24 25 16 21 3 1 8 18 5 23 20 10 14 17 
9 2 16 3 8 13 17 14 5 24 11 20 7 12 25 21 1 19 15 22 10 23 6 4 18 
5 7 8 21 17 12 3 20 19 15 16 2 11 1 25 24 4 6 10 13 14 22 18 9 23 
21 5 2 20 15 18 7 19 24 10 1 4 23 9 17 14 6 3 22 11 25 8 16 13 12 
6 7 22 14 19 10 1 2 25 9 8 11 17 21 24 13 23 15 20 3 5 18 12 4 16 
3 2 11 17 23 8 15 13 22 7 19 4 6 1 25 10 21 9 20 16 12 18 14 5 24 
18 20 5 11 15 24 7 19 4 3 1 21 8 25 12 14 10 6 16 2 22 9 23 17 13 
