1329032599,9252562425
20,25,25
97 5 27 85 15 3 29 95 9 89 10 13 91 82 59 37 67 48 33 27 24 90 90 96 40 
15 64 56 3 92 88 40 51 6 4 29 84 19 17 16 42 89 25 43 95 40 3 98 41 77 
73 12 68 96 15 6 17 53 77 36 81 46 13 73 58 30 15 88 93 19 19 64 99 99 64 
39 47 79 40 86 10 67 57 10 89 30 46 46 53 95 89 37 56 11 61 32 66 83 57 62 
15 78 48 73 91 81 28 77 23 7 92 71 80 61 38 11 89 10 98 42 96 42 10 94 44 
48 82 64 78 26 89 68 35 87 60 49 42 87 3 25 86 12 88 18 59 4 40 91 41 17 
51 28 41 93 87 2 74 10 97 22 23 15 19 65 7 31 29 32 68 24 84 51 5 68 45 
44 45 48 26 84 98 82 96 67 99 21 57 83 39 4 42 18 23 5 82 81 84 15 4 63 
19 78 33 58 6 87 53 11 1 26 62 35 5 98 41 35 31 8 95 25 73 90 21 1 20 
9 79 91 41 54 9 56 8 8 64 17 12 48 67 19 58 47 4 83 64 21 38 6 47 61 
71 83 68 23 84 38 90 28 67 80 3 72 5 46 50 11 79 91 90 12 48 75 24 19 59 
16 7 69 22 10 98 88 49 98 67 33 44 60 69 4 50 42 78 19 1 88 39 11 84 93 
51 23 82 91 19 82 58 32 39 39 3 83 95 82 86 42 34 88 33 99 21 13 57 95 33 
52 58 71 68 59 56 34 66 93 33 58 50 44 76 12 35 46 70 3 63 65 72 72 96 13 
32 26 88 96 18 60 71 29 46 28 85 7 12 45 42 74 24 62 48 12 52 35 11 48 31 
89 70 36 85 97 71 89 61 5 24 8 61 45 12 42 67 19 90 46 76 74 7 36 93 9 
1 1 62 67 99 91 13 15 94 75 9 10 71 1 14 50 67 55 38 29 68 32 40 95 29 
28 76 64 47 49 55 36 63 26 21 6 50 14 3 86 2 20 56 24 97 72 72 7 24 84 
39 41 62 45 1 46 22 90 7 89 64 87 62 16 62 9 54 2 76 49 90 89 89 15 58 
12 1 71 37 49 76 21 45 74 80 22 84 85 58 97 71 42 79 58 60 69 28 1 21 27 
MACHINES
13 12 7 22 9 15 17 8 21 4 10 25 5 24 23 11 19 1 14 6 3 2 18 16 20 
20 1 25 13 7 11 19 4 9 12 2 8 10 16 15 17 21 23 14 24 3 22 6 5 18 
20 8 16 13 2 12 7 17 15 1 18 6 3 25 19 10 11 5 21 4 23 9 22 14 24 
21 17 3 5 16 7 25 12 13 11 23 1 8 20 14 19 4 9 22 6 10 18 2 24 15 
3 10 15 22 18 25 4 9 1 12 7 21 8 24 11 13 23 17 6 14 20 2 16 5 19 
9 11 12 22 16 6 1 24 14 5 18 15 23 8 2 4 13 3 17 7 10 19 25 20 21 
13 21 19 22 4 14 5 2 9 24 1 18 23 20 15 10 3 8 25 6 17 11 12 16 7 
25 16 23 10 8 15 6 1 20 14 17 19 18 13 2 12 3 22 4 5 7 21 9 11 24 
16 12 6 18 21 13 5 14 2 10 7 11 8 1 23 17 19 15 20 3 4 25 24 9 22 
21 10 7 6 16 3 24 2 12 22 15 17 25 13 1 9 20 8 14 19 4 23 5 18 11 
22 15 24 7 2 23 13 10 8 1 11 5 6 9 12 3 19 18 21 14 16 20 4 17 25 
9 3 13 14 22 17 12 11 23 24 20 25 2 19 7 5 1 16 4 6 8 21 10 18 15 
23 24 1 5 16 6 12 21 25 14 18 3 19 22 9 17 15 11 10 4 8 13 20 7 2 
6 15 8 3 25 22 17 14 9 5 19 24 4 18 1 16 7 2 20 21 10 12 23 13 11 
18 17 14 1 24 4 22 20 19 11 12 16 23 25 13 8 3 5 7 2 9 15 6 21 10 
19 8 12 16 17 3 21 9 11 5 24 15 25 6 22 20 7 2 1 13 18 10 4 14 23 
6 11 8 3 10 7 23 13 14 15 2 22 19 1 20 24 25 9 4 16 18 5 17 12 21 
24 13 7 8 17 9 20 6 18 3 11 16 22 21 10 12 5 25 1 15 19 14 4 2 23 
18 16 5 25 23 4 15 6 8 1 20 10 13 3 24 19 9 14 12 11 22 7 2 17 21 
11 2 1 19 14 18 7 3 9 17 21 22 6 23 15 13 25 12 5 16 8 4 10 24 20 
