4350653767,3554460699
20,25,25
52 39 70 51 10 49 43 5 52 26 42 93 98 15 67 46 86 34 98 30 59 23 66 43 11 
11 88 82 73 46 46 91 32 57 1 84 23 62 12 91 99 14 28 81 63 31 61 64 9 98 
95 37 74 74 47 97 30 76 51 3 93 12 97 5 15 99 18 95 40 43 15 97 53 59 29 
60 43 75 66 63 70 58 56 11 84 21 75 6 19 65 60 88 88 45 74 49 73 72 75 64 
57 71 74 17 19 51 29 89 93 37 64 2 89 63 88 68 88 17 40 41 63 66 71 26 41 
23 37 85 51 2 97 71 92 23 45 81 65 7 5 59 50 10 58 17 71 55 94 44 19 47 
25 84 95 47 3 63 71 37 16 29 46 76 80 72 6 47 89 9 66 16 26 33 14 54 36 
75 37 72 64 36 73 75 31 18 58 97 89 62 99 13 73 67 11 8 65 31 72 76 26 16 
2 55 19 19 45 55 22 3 15 69 75 16 70 2 32 45 13 71 15 6 31 1 70 15 54 
92 86 75 73 14 8 8 36 28 35 15 81 1 18 46 47 85 50 47 16 10 51 85 15 43 
12 74 80 11 2 44 94 68 4 78 27 24 58 2 41 22 23 56 87 4 14 68 71 7 97 
93 60 89 88 97 14 42 30 26 70 60 46 26 57 54 94 21 63 30 96 36 6 2 71 16 
4 56 12 67 11 52 99 29 60 95 27 82 39 89 26 30 46 16 77 23 15 72 36 4 80 
83 48 51 2 47 96 12 48 47 83 79 77 11 90 97 28 99 94 55 73 87 76 17 60 34 
63 6 52 11 4 9 12 26 40 33 55 21 46 49 42 87 46 4 60 38 37 28 2 38 15 
95 11 50 94 61 19 76 2 56 41 64 3 83 82 31 22 21 47 58 38 65 16 46 82 49 
67 3 57 65 81 86 20 38 90 56 53 31 15 64 65 94 32 66 19 69 12 87 92 56 4 
19 35 15 82 54 87 43 63 29 98 44 69 55 38 65 38 89 52 82 99 58 78 70 34 42 
19 19 38 22 3 79 86 51 2 21 10 54 26 69 40 33 98 45 99 40 16 17 31 18 82 
26 15 68 16 27 11 40 81 6 54 34 1 25 47 51 4 33 26 8 91 32 70 63 5 16 
MACHINES
21 13 11 8 2 22 1 7 25 4 12 6 17 24 14 10 5 15 20 3 23 19 9 16 18 
4 11 17 24 7 12 3 5 15 25 16 19 14 21 9 18 10 8 13 23 20 1 22 6 2 
19 2 16 11 3 20 9 18 15 22 4 1 12 17 8 13 25 14 21 7 5 23 10 24 6 
23 21 12 3 19 20 18 13 7 17 5 11 2 16 8 4 6 14 10 1 22 24 15 9 25 
9 23 25 2 12 1 4 8 20 21 13 19 5 22 17 15 24 10 18 11 3 7 14 6 16 
15 17 1 7 22 2 14 12 18 11 9 19 20 4 16 6 24 25 10 3 23 8 21 13 5 
13 16 4 23 12 3 11 24 15 21 2 22 1 17 6 25 9 20 7 8 18 5 10 14 19 
25 3 7 21 4 22 10 24 14 17 15 12 13 11 9 1 18 23 6 19 2 16 8 5 20 
1 16 8 19 13 24 7 10 4 25 9 15 6 11 22 21 5 12 2 23 3 14 18 20 17 
2 7 23 4 19 3 10 20 18 15 12 24 5 13 25 14 6 1 11 22 16 21 9 8 17 
21 11 6 10 8 14 19 17 2 4 5 25 9 16 22 3 1 18 12 24 20 23 15 13 7 
11 16 13 9 7 14 21 24 5 3 25 15 8 12 10 4 17 18 2 20 19 1 6 22 23 
14 25 6 12 1 17 13 22 20 21 24 9 15 8 19 2 3 7 4 16 10 18 5 11 23 
22 13 16 19 24 10 3 11 2 9 21 23 6 17 14 7 15 25 18 5 12 4 8 20 1 
20 2 8 4 12 11 16 6 1 19 24 18 3 5 15 14 21 17 23 10 7 22 9 13 25 
9 6 8 21 4 14 13 10 17 22 25 3 18 23 11 19 7 2 5 1 24 16 20 15 12 
3 20 13 14 12 17 16 2 11 1 18 21 23 25 8 24 7 15 22 6 5 19 9 4 10 
4 25 18 10 13 3 11 1 24 17 20 14 12 19 6 16 5 8 2 23 15 9 7 21 22 
15 12 20 5 7 2 14 22 8 13 6 25 11 18 17 19 24 16 21 1 4 23 10 9 3 
24 6 11 17 25 3 8 1 21 10 23 9 2 5 16 15 7 22 19 20 13 18 12 14 4 
