8424690147,2923689654
20,25,25
87 31 1 51 2 71 70 18 74 53 25 14 26 86 27 97 51 38 30 29 22 78 17 34 34 
42 64 63 69 46 92 92 24 66 46 3 65 95 81 80 96 34 11 52 40 96 42 63 37 59 
92 73 73 81 5 17 21 84 11 85 52 57 54 36 11 20 24 4 4 19 72 83 81 77 18 
26 63 2 72 81 16 61 5 34 23 63 51 74 42 89 44 37 8 91 58 77 47 30 51 88 
42 21 4 1 61 11 35 70 14 77 73 63 40 69 41 37 73 82 20 15 89 75 28 63 37 
87 73 81 7 72 11 96 30 96 61 74 36 40 14 25 89 23 56 49 7 6 51 30 27 69 
77 56 72 9 61 25 85 27 5 46 58 47 14 71 24 27 97 25 26 94 18 76 26 39 13 
76 71 29 98 96 71 34 79 9 42 77 3 24 63 82 29 57 32 14 2 65 85 77 86 63 
47 91 71 64 16 78 74 8 27 70 18 59 70 9 99 11 72 28 27 54 59 68 47 78 81 
36 17 78 40 95 8 46 36 33 32 35 22 7 31 56 25 18 19 26 88 31 56 75 36 22 
55 4 44 37 21 60 84 96 39 12 69 37 11 58 62 15 76 62 93 93 16 86 7 92 59 
87 43 92 21 23 59 22 90 58 41 93 59 40 87 61 38 17 38 50 86 28 96 36 81 83 
96 45 13 54 37 65 19 60 41 58 12 79 95 58 96 35 22 98 62 29 60 30 6 13 72 
55 32 34 41 38 29 24 87 92 52 67 82 42 37 17 92 47 36 61 63 40 32 41 54 89 
14 30 92 21 26 34 76 43 11 63 70 31 76 67 10 1 34 82 61 4 42 78 8 73 47 
61 63 41 47 71 6 91 85 22 69 91 92 96 97 80 8 30 56 3 82 18 20 50 39 95 
26 31 79 79 48 88 36 75 2 17 50 71 99 88 37 38 4 3 43 98 75 31 95 65 31 
17 70 86 31 78 3 74 75 13 51 34 39 82 7 24 55 17 53 50 4 48 30 54 24 53 
92 35 3 11 80 93 68 85 32 2 81 76 2 45 22 88 84 58 78 70 40 87 63 37 9 
47 81 36 36 20 45 72 69 72 1 66 66 87 51 8 32 78 64 47 43 30 1 25 27 65 
MACHINES
19 1 24 11 2 5 20 14 4 3 6 25 10 12 15 22 18 16 9 13 23 17 8 21 7 
18 2 17 22 8 10 7 21 25 3 4 1 14 16 5 20 12 6 13 15 9 11 23 19 24 
23 15 17 22 11 20 7 6 3 18 9 16 13 25 1 24 2 4 21 19 8 5 14 10 12 
8 14 5 13 9 25 18 7 19 11 23 21 10 3 17 22 2 16 6 1 12 4 15 20 24 
23 2 8 9 11 12 10 1 21 16 15 14 13 3 7 25 17 24 5 20 18 22 4 6 19 
5 3 7 18 21 23 24 10 22 25 17 4 11 9 2 14 1 19 8 12 16 13 6 20 15 
18 19 23 9 7 6 4 17 24 21 13 12 10 14 15 22 20 25 3 5 2 1 11 16 8 
11 12 25 13 2 7 4 24 17 8 5 6 15 14 21 3 19 20 10 18 9 23 22 16 1 
4 22 19 24 15 20 2 10 5 21 14 7 12 3 8 6 18 13 11 17 16 1 25 23 9 
24 4 14 12 11 13 22 9 2 20 7 6 15 25 21 5 18 19 8 16 17 10 1 23 3 
14 5 12 7 23 4 8 15 6 18 24 22 2 10 9 11 21 17 16 3 25 1 13 19 20 
3 15 20 16 13 5 2 11 12 4 24 9 18 22 19 8 1 14 17 25 6 10 21 23 7 
19 10 20 7 2 12 24 14 11 8 16 15 9 22 25 5 6 17 23 4 18 1 3 13 21 
24 21 13 9 14 10 7 2 11 18 4 16 1 8 5 19 25 15 20 22 17 6 12 23 3 
2 17 7 19 16 22 14 20 25 8 5 10 9 18 6 23 24 1 21 13 15 4 11 3 12 
14 16 1 6 23 11 3 13 5 19 9 7 8 15 24 10 4 18 25 2 20 12 21 17 22 
17 8 23 14 12 1 4 21 25 5 11 22 20 3 16 6 19 24 9 10 7 18 2 13 15 
18 8 1 20 15 3 6 24 12 14 10 11 9 19 5 17 7 22 16 4 25 13 23 21 2 
19 25 10 16 4 8 12 18 21 1 2 23 9 3 6 17 13 22 24 11 7 20 15 14 5 
7 24 5 18 17 10 21 1 2 25 3 8 9 11 12 23 22 19 20 4 15 6 16 13 14 
