8517344561,9559035751
20,25,25
54 47 51 26 39 12 29 64 91 50 31 25 33 52 70 40 65 21 6 12 38 27 57 14 68 
18 59 87 53 56 53 69 39 44 42 28 89 64 89 69 34 8 84 83 51 70 90 22 95 76 
67 7 21 65 27 57 69 28 71 27 89 6 41 32 22 91 48 95 88 56 88 41 90 79 33 
11 61 86 13 1 43 30 76 6 16 44 5 35 90 66 89 77 10 78 30 78 99 37 75 6 
61 1 25 28 57 2 24 81 62 10 56 26 32 12 94 78 91 46 91 17 8 35 77 29 68 
96 61 92 62 16 26 91 7 17 8 13 78 9 42 99 28 85 72 19 17 19 44 44 79 89 
98 67 71 22 26 34 50 33 44 28 21 44 64 73 28 51 99 40 52 94 42 47 98 39 61 
72 33 96 65 56 14 5 11 88 88 41 78 9 13 17 67 4 16 92 6 6 61 2 58 72 
18 96 89 19 64 91 95 25 95 55 39 69 54 73 32 90 11 80 7 75 17 15 57 8 65 
36 61 13 46 23 59 51 88 37 31 6 53 53 30 92 77 19 9 87 88 59 41 80 51 15 
36 86 24 74 86 95 25 1 78 32 53 5 27 54 2 72 90 84 11 7 90 38 30 58 83 
63 30 46 64 78 52 55 95 19 42 64 16 73 36 90 77 67 23 49 65 15 64 89 43 85 
79 87 80 19 78 5 7 55 93 53 48 32 42 74 38 62 99 83 8 4 15 43 23 91 57 
14 33 12 75 45 38 46 85 62 82 11 95 19 61 26 66 90 6 58 73 58 24 14 28 52 
87 1 87 37 90 9 27 6 63 6 48 61 94 19 88 94 49 17 20 46 70 30 94 53 76 
69 36 24 65 37 6 51 11 29 84 15 39 90 63 52 61 86 47 35 9 40 30 52 73 10 
23 16 73 25 90 45 75 75 81 92 16 10 78 93 37 33 46 71 18 23 10 64 23 84 81 
86 86 28 4 66 90 43 16 22 62 88 29 69 28 88 78 18 1 58 36 77 71 75 12 48 
72 80 25 59 8 39 5 85 53 78 65 64 28 99 75 36 66 39 80 39 38 32 69 38 52 
3 68 38 26 85 2 41 96 95 34 93 41 11 33 8 92 7 82 50 81 83 68 1 10 73 
MACHINES
23 11 8 15 22 21 7 1 18 17 3 19 14 20 13 5 10 6 16 9 25 2 24 4 12 
21 4 23 13 22 12 20 9 7 11 8 15 18 19 6 5 2 25 3 10 24 17 1 14 16 
10 8 13 4 14 22 7 24 15 23 20 18 12 16 19 5 17 1 6 3 11 9 2 21 25 
1 19 9 7 8 22 4 10 5 14 15 20 18 12 11 3 17 23 2 16 24 21 25 13 6 
23 16 7 3 19 22 18 9 5 21 20 15 8 2 12 1 13 24 11 14 10 25 6 17 4 
15 19 7 6 14 23 5 25 8 13 1 9 16 10 11 3 21 24 2 22 18 12 17 4 20 
10 20 11 15 16 24 25 13 8 18 12 19 6 22 23 3 5 21 17 9 7 1 14 4 2 
1 5 10 11 25 23 16 18 4 14 2 21 6 8 17 24 20 15 9 13 3 22 19 7 12 
23 11 14 13 21 6 24 20 15 4 19 1 12 16 10 5 7 17 25 2 22 3 9 18 8 
22 17 25 15 21 19 7 20 13 16 2 8 18 5 4 9 14 12 24 23 11 1 3 6 10 
22 10 9 13 2 3 11 7 18 15 21 17 23 1 5 20 14 6 12 4 25 16 8 19 24 
25 2 20 13 18 24 22 16 6 3 7 17 11 14 12 23 10 21 5 19 1 8 15 4 9 
13 4 14 25 21 10 1 9 6 5 8 7 18 24 2 22 23 3 11 17 15 12 20 19 16 
25 10 4 13 7 2 19 17 11 14 16 3 20 22 23 18 6 24 12 8 21 1 5 9 15 
11 17 15 3 14 16 7 10 12 25 23 1 5 2 19 18 24 4 21 6 22 20 9 8 13 
25 19 6 12 3 13 17 8 24 1 2 7 15 23 22 10 21 20 5 4 11 9 18 14 16 
11 6 25 8 14 15 4 22 23 16 13 10 19 3 12 2 24 17 20 1 7 18 21 5 9 
19 13 10 12 22 6 7 17 4 20 9 3 24 25 5 8 16 11 2 1 15 18 14 23 21 
5 11 6 20 9 13 18 22 24 16 25 15 4 12 8 10 17 19 23 7 21 2 1 14 3 
3 1 19 14 11 2 22 4 6 13 24 7 10 20 5 16 25 15 23 12 9 18 8 21 17 
