1587162458,8292761554
20,25,25
22 41 89 75 64 28 66 41 10 26 9 80 94 3 71 44 27 65 78 48 32 40 9 91 87 
46 39 98 98 64 89 4 59 45 9 16 36 94 34 78 85 39 15 83 43 63 44 40 77 51 
32 95 14 20 9 7 20 83 89 4 83 64 73 92 10 80 31 35 32 56 50 39 74 25 76 
7 19 60 27 5 29 97 7 37 59 47 38 52 74 34 46 8 76 63 24 8 17 13 10 78 
40 94 16 18 3 46 61 53 19 63 40 61 21 17 30 60 59 84 47 87 59 3 48 97 12 
99 96 26 93 51 80 94 23 45 93 21 17 79 67 80 96 34 64 78 95 46 24 16 82 23 
93 6 99 1 80 58 31 72 49 29 73 59 1 38 26 63 77 99 88 34 8 49 73 19 74 
37 49 10 75 97 46 43 73 76 70 62 25 69 33 71 2 51 17 64 32 5 32 80 71 42 
68 69 83 67 90 14 89 47 78 49 38 79 52 77 67 12 5 49 32 43 67 92 36 98 45 
88 45 76 37 19 15 66 29 84 99 25 95 6 99 50 52 42 4 73 34 69 60 77 96 84 
42 92 2 28 75 95 31 45 31 61 19 61 26 56 71 30 59 66 87 70 52 14 13 32 38 
31 75 50 24 45 59 55 24 82 2 72 6 46 82 22 48 77 14 29 7 4 81 74 58 42 
18 6 49 82 5 18 61 14 10 65 92 61 80 66 16 60 4 95 11 12 66 8 59 56 88 
61 44 16 57 41 41 35 29 7 34 6 45 93 79 23 46 39 97 97 9 19 25 14 41 85 
90 50 37 69 17 60 24 92 58 62 49 12 75 65 40 59 48 78 58 3 56 98 14 81 36 
18 63 20 65 97 39 64 33 43 42 67 97 90 92 67 37 43 65 68 39 8 12 91 13 81 
16 64 31 12 37 30 76 8 68 53 61 6 69 69 8 6 14 10 25 41 49 35 30 87 91 
56 59 65 38 30 8 72 28 1 25 62 58 97 75 80 2 96 36 21 63 83 69 21 4 3 
73 57 74 45 44 4 38 67 63 64 90 83 61 10 47 11 16 9 72 73 45 28 13 75 65 
24 24 80 28 80 43 69 36 91 81 58 57 82 8 20 36 16 46 88 41 34 45 77 44 96 
MACHINES
18 5 13 20 6 3 4 7 12 2 25 23 16 11 15 24 1 19 9 14 17 22 21 8 10 
21 3 15 20 13 23 9 17 5 7 10 18 14 6 1 24 4 25 16 11 19 2 12 22 8 
18 11 16 12 1 15 3 2 7 25 21 22 13 14 4 8 19 9 6 17 20 10 23 24 5 
4 12 19 7 17 6 20 21 10 22 3 9 11 24 23 1 16 14 25 15 2 18 13 5 8 
14 19 1 23 2 5 25 8 18 10 11 13 22 9 16 17 24 6 3 4 12 15 20 21 7 
19 3 17 10 11 2 21 20 15 6 12 18 9 13 16 25 8 4 22 14 1 7 24 23 5 
12 25 23 15 7 5 16 11 17 8 4 20 19 3 21 2 1 10 24 9 18 13 14 22 6 
25 5 2 10 9 19 14 4 13 6 17 8 20 22 16 23 21 15 24 7 18 3 11 12 1 
15 17 22 24 10 7 18 11 16 5 20 13 1 14 4 9 19 25 21 23 6 2 3 8 12 
16 9 2 22 21 12 10 24 20 7 23 19 1 15 11 13 25 3 5 4 18 14 8 6 17 
3 18 21 16 11 1 12 8 13 4 10 7 14 2 5 17 22 20 23 9 19 6 15 25 24 
10 4 18 3 20 25 13 7 5 8 19 24 23 12 21 6 14 11 16 22 1 15 17 9 2 
20 15 21 16 22 6 4 9 14 5 7 12 8 25 18 24 23 17 2 10 13 19 11 3 1 
2 6 9 14 22 12 24 25 21 11 16 13 1 3 18 19 15 7 4 20 8 17 10 23 5 
17 19 2 4 12 7 15 20 10 16 8 3 5 6 21 23 25 11 9 1 22 18 13 14 24 
23 14 21 11 24 10 4 1 18 12 19 8 2 13 6 16 3 7 15 9 5 20 25 17 22 
15 1 13 8 24 11 21 12 16 20 18 14 22 3 7 6 9 25 5 2 10 17 4 19 23 
22 8 4 6 25 19 11 20 14 1 2 18 7 12 21 3 9 10 15 23 5 13 24 16 17 
4 2 25 1 6 24 18 23 14 11 3 10 8 20 21 22 9 13 17 7 5 16 19 15 12 
14 1 12 25 17 16 10 24 20 13 8 4 19 6 2 7 11 9 22 23 18 21 15 5 3 
