5807735073,1801151008
20,25,25
47 70 72 43 69 17 91 9 11 69 44 13 76 72 85 17 65 85 84 48 72 14 97 36 77 
89 69 10 92 98 44 48 9 71 39 26 25 24 92 4 81 43 30 56 65 34 20 42 53 19 
80 10 89 52 62 86 82 36 75 61 16 43 73 56 60 9 46 8 16 16 50 13 88 75 14 
77 35 75 94 75 79 63 15 70 55 71 7 22 20 31 35 85 82 18 2 74 26 49 38 56 
20 93 43 69 67 76 2 2 11 88 80 47 29 42 95 85 29 41 76 20 58 15 29 80 28 
19 20 85 51 32 21 51 9 71 50 78 40 62 21 38 79 81 15 51 78 26 30 15 27 94 
43 57 35 98 94 41 63 4 33 3 79 34 21 21 55 58 41 16 4 58 69 40 49 44 95 
2 46 92 33 73 57 76 37 25 4 8 89 83 91 22 10 54 14 8 83 45 25 25 69 63 
15 22 98 5 26 87 73 48 74 80 17 30 84 6 68 62 6 65 76 40 93 44 75 94 96 
31 34 45 82 95 17 92 37 67 90 56 84 58 31 85 23 45 33 43 34 29 54 23 66 33 
37 63 38 46 59 8 43 15 36 70 97 4 43 95 89 50 2 35 9 90 33 18 84 94 76 
9 82 77 47 57 25 31 16 38 64 75 21 88 33 17 78 29 43 74 1 68 15 13 41 36 
55 77 20 81 37 63 68 46 45 30 45 15 83 94 72 80 55 5 18 71 46 95 20 64 61 
53 53 43 7 14 69 87 13 84 96 53 52 53 74 17 91 46 92 62 75 58 9 51 40 78 
36 51 46 9 52 41 56 54 65 93 21 6 60 60 83 28 93 7 61 27 29 47 43 83 38 
83 27 49 61 73 16 31 45 59 89 47 47 42 65 29 54 49 79 70 60 61 2 26 90 21 
21 28 92 64 16 55 79 79 35 4 14 55 48 20 38 54 78 52 13 80 93 84 6 29 70 
95 84 22 59 56 1 73 65 10 29 70 60 19 98 50 83 81 80 66 27 35 80 40 36 5 
1 2 20 45 52 50 36 29 28 65 85 60 60 38 33 13 91 11 17 55 44 36 69 72 76 
66 34 8 89 67 95 82 11 16 20 95 47 46 32 96 76 69 15 38 43 55 67 2 98 16 
MACHINES
12 16 4 1 14 25 18 6 11 13 9 19 10 24 5 2 7 17 21 3 22 8 20 23 15 
15 14 8 6 9 24 19 13 25 21 2 1 23 10 20 18 7 11 12 16 4 17 5 3 22 
19 4 24 9 22 21 3 7 18 14 10 25 15 23 20 5 17 8 6 2 13 16 1 11 12 
2 22 21 5 16 20 1 11 24 12 10 17 7 23 4 19 8 15 13 18 9 6 14 25 3 
20 9 10 17 11 16 6 18 5 8 25 19 4 3 22 1 12 15 14 21 23 7 2 13 24 
25 14 9 8 2 1 3 11 17 7 12 23 22 4 18 19 20 6 5 24 13 10 21 16 15 
6 13 15 21 7 9 1 10 20 3 14 5 24 18 16 12 19 8 25 22 11 23 2 4 17 
6 22 3 19 25 8 16 12 14 17 11 4 21 1 15 7 13 9 24 2 18 5 20 10 23 
18 12 9 17 16 6 8 14 1 24 5 23 4 21 11 19 22 15 20 7 13 2 10 3 25 
6 15 25 2 12 8 11 7 16 10 14 24 20 21 1 9 5 22 23 17 18 13 4 3 19 
3 20 21 14 7 6 25 2 18 5 12 10 15 13 9 8 1 23 22 16 24 17 11 19 4 
25 17 15 6 9 8 12 2 11 24 1 19 22 23 18 13 20 7 21 16 14 10 4 3 5 
7 1 16 25 22 13 24 4 5 21 15 9 17 19 3 18 10 6 8 14 11 20 12 2 23 
9 2 25 11 18 15 3 17 6 1 16 8 23 22 13 4 21 12 19 14 7 20 10 24 5 
19 22 1 18 21 25 8 5 6 16 14 2 4 17 3 15 7 12 13 11 23 10 9 24 20 
6 3 14 10 22 17 7 16 18 21 15 8 11 1 2 25 13 9 23 5 12 24 4 20 19 
12 5 14 23 9 22 10 16 19 7 20 18 11 6 24 2 3 1 17 4 8 25 13 21 15 
15 7 8 5 9 24 20 14 11 18 21 16 3 12 10 6 25 23 2 17 19 4 1 22 13 
2 13 11 3 24 16 22 4 6 5 14 18 12 9 17 20 7 10 23 8 25 21 19 15 1 
12 25 7 13 6 21 23 24 2 8 11 22 17 20 3 9 5 18 1 14 4 19 15 16 10 
