1512918234,4339751568
20,30,30
50 35 78 18 93 20 98 49 37 76 12 13 74 87 51 60 91 68 56 8 27 33 35 92 87 75 86 98 18 71 
50 85 78 78 80 52 96 46 81 14 14 24 40 14 37 50 29 46 87 96 16 26 39 26 27 9 78 10 74 44 
96 56 76 65 68 21 53 82 85 79 72 21 27 71 43 9 8 85 37 46 79 33 48 84 45 92 38 70 50 49 
33 81 5 12 64 98 14 6 51 28 46 64 54 75 57 68 93 39 13 24 5 11 2 43 87 72 51 14 3 24 
17 84 95 2 17 14 64 22 94 61 85 85 50 53 41 73 33 44 62 3 68 66 6 16 89 61 50 30 8 43 
34 13 15 15 87 32 5 1 54 9 22 41 45 68 89 4 1 81 57 41 14 32 10 40 18 17 31 97 10 17 
7 71 4 62 48 61 79 75 14 76 25 54 69 46 84 81 57 31 45 74 99 96 54 51 8 12 65 5 38 4 
2 34 89 7 42 41 52 27 99 44 33 81 28 27 68 42 20 66 47 54 70 41 3 97 98 27 34 35 88 17 
99 9 40 91 62 94 99 11 43 65 55 38 59 48 56 35 70 36 29 8 88 98 51 51 69 62 51 39 96 43 
48 67 80 77 23 92 82 2 23 49 45 1 30 38 26 98 34 14 34 89 62 37 33 55 27 18 46 73 84 7 
86 76 88 50 10 75 1 93 33 88 16 98 48 60 86 44 13 66 64 26 52 26 62 22 3 45 51 90 32 58 
97 97 6 81 87 56 40 96 38 3 52 57 32 60 55 29 82 77 19 17 61 77 93 44 92 15 38 76 63 88 
47 37 80 60 17 74 3 42 79 17 2 42 93 48 28 31 1 96 87 77 2 77 48 79 5 87 97 66 68 71 
63 51 7 99 22 74 25 23 30 89 99 38 91 36 77 93 67 31 58 72 97 3 48 24 13 51 41 13 23 56 
45 47 62 84 53 89 17 15 91 51 8 94 30 18 41 18 86 85 77 4 76 13 33 92 40 28 77 87 88 55 
44 80 67 55 1 46 57 55 85 9 88 23 34 30 31 29 41 9 64 73 33 95 18 40 52 87 49 81 64 66 
4 6 4 43 77 41 61 25 71 66 54 65 23 9 96 41 46 87 28 88 37 77 33 9 33 26 62 54 23 79 
23 77 53 98 43 30 37 13 41 33 54 38 40 99 74 15 28 69 35 40 44 20 32 94 74 56 25 41 6 20 
82 61 13 87 22 56 96 17 23 17 61 48 82 16 60 33 19 69 58 18 34 80 97 74 86 62 94 81 86 69 
94 17 78 10 37 84 69 29 35 60 29 75 74 53 28 65 85 42 85 15 93 9 1 72 85 6 51 44 55 55 
MACHINES
20 6 21 1 29 18 23 3 7 19 27 2 30 4 22 16 5 8 12 13 15 9 26 11 28 17 24 10 25 14 
8 6 22 10 28 24 5 21 12 1 4 27 18 11 23 26 20 25 3 14 7 2 13 16 15 29 30 9 19 17 
26 28 27 29 23 2 3 10 15 5 8 9 30 22 20 12 13 16 7 19 17 18 14 11 1 25 24 4 6 21 
20 23 7 8 14 28 22 1 29 5 27 11 6 9 19 10 2 12 13 24 15 30 25 17 18 21 4 26 16 3 
14 19 30 11 16 28 27 9 29 7 13 24 6 21 18 20 1 4 3 12 22 26 8 23 2 10 17 5 25 15 
29 4 17 11 26 27 21 20 22 24 16 14 12 7 19 5 30 15 18 13 10 6 2 3 9 25 1 8 23 28 
23 10 3 14 28 11 21 19 2 24 5 4 20 29 6 27 30 9 16 7 18 17 13 1 26 25 15 12 22 8 
8 17 14 26 9 13 7 30 10 28 3 2 27 15 22 18 20 4 25 19 16 1 11 24 12 29 23 5 21 6 
23 22 4 8 2 17 26 30 24 9 1 12 21 25 3 14 16 7 13 6 28 11 27 15 19 29 18 10 20 5 
26 17 13 5 25 2 7 30 15 8 20 28 19 12 16 29 9 23 14 6 3 11 24 21 18 27 1 10 22 4 
15 27 11 22 20 7 1 24 17 8 29 10 14 5 16 23 4 13 25 9 21 28 2 30 3 26 6 19 12 18 
20 13 30 1 12 18 17 28 2 22 6 26 25 27 23 9 21 15 5 29 4 10 19 16 24 8 7 3 11 14 
11 6 21 22 16 8 26 29 23 3 28 5 2 25 27 10 17 30 24 19 15 14 7 18 12 4 13 1 20 9 
2 20 16 23 1 5 17 4 12 22 18 10 19 24 8 26 6 7 13 25 21 14 28 29 11 27 3 15 9 30 
24 2 18 15 3 23 1 28 13 20 21 7 27 12 10 16 8 17 25 29 30 11 5 19 26 4 9 6 14 22 
8 22 9 2 6 1 29 12 3 17 18 15 24 28 14 26 25 19 23 5 30 7 21 13 27 10 20 16 11 4 
20 1 21 17 4 24 14 18 28 26 10 13 19 23 30 9 27 3 12 16 8 7 5 15 2 22 25 11 29 6 
16 19 13 23 7 14 18 15 8 20 1 27 24 6 22 10 17 28 5 25 11 4 3 26 21 2 9 30 12 29 
14 22 1 11 8 13 4 30 26 10 6 12 15 25 27 19 18 9 5 29 23 17 16 20 7 28 24 21 2 3 
28 23 18 22 10 13 1 20 17 9 4 14 26 12 30 25 6 8 29 16 27 11 5 24 7 3 19 15 2 21 
