6296748089,8867355653
20,30,30
20 28 21 6 40 66 53 74 36 64 76 12 30 72 73 76 90 2 17 72 66 28 52 28 93 66 93 94 62 48 
29 91 2 94 35 58 27 59 95 12 74 81 2 7 87 6 19 82 42 93 59 4 62 41 18 87 54 2 86 25 
33 77 41 31 49 4 64 33 59 98 49 81 13 97 14 39 93 11 63 63 7 2 59 86 97 46 84 18 22 84 
53 61 94 12 60 38 23 80 49 65 13 70 98 54 75 44 35 74 12 51 49 15 81 71 87 8 26 82 41 89 
10 39 49 33 22 41 66 96 68 41 14 11 33 26 99 95 46 90 36 98 7 15 7 16 26 48 4 61 22 54 
45 52 44 98 53 55 6 56 50 79 54 21 58 31 4 37 55 98 61 31 12 34 58 4 92 46 31 84 14 66 
47 65 86 37 61 97 38 41 69 50 8 73 33 30 66 45 30 2 41 37 68 35 86 76 99 19 52 95 47 74 
43 30 52 66 92 67 87 73 27 1 17 12 36 66 98 98 35 17 46 52 22 96 62 85 41 33 3 5 18 84 
45 90 71 11 97 42 23 32 28 84 32 10 93 55 42 16 77 35 40 85 88 61 71 71 11 31 82 57 76 76 
23 18 93 44 40 45 62 32 54 25 89 69 28 19 7 89 24 70 16 23 83 85 85 40 91 62 92 7 71 88 
39 25 54 30 73 37 90 6 73 65 81 74 47 54 56 33 42 43 8 61 19 81 30 30 39 39 12 18 48 35 
47 72 19 69 20 74 91 60 53 74 80 90 73 21 28 34 21 7 65 63 81 24 55 65 65 95 92 32 96 63 
27 72 11 32 40 71 47 30 97 65 51 59 68 62 14 31 22 68 50 57 89 32 39 97 69 96 26 27 12 36 
75 21 91 45 95 20 37 33 13 85 96 1 74 26 55 58 39 32 11 22 43 20 18 12 73 98 9 42 98 9 
63 58 11 66 81 68 27 67 27 14 51 82 94 79 8 15 34 49 36 93 52 16 11 20 18 81 84 10 4 75 
40 32 36 28 46 36 68 4 6 31 99 98 93 69 7 41 87 30 60 10 26 71 35 15 85 75 15 53 2 17 
99 28 28 51 65 16 49 99 66 79 44 16 97 75 51 58 83 25 35 11 66 1 5 34 97 86 37 85 86 93 
90 75 76 10 14 81 53 98 64 19 33 77 66 38 63 76 54 65 61 84 61 24 52 16 32 12 44 67 23 35 
31 84 25 46 26 30 34 43 51 8 1 94 63 22 81 19 51 64 90 2 99 22 93 19 44 12 84 64 13 33 
32 74 14 15 43 17 92 56 90 81 24 53 90 50 94 46 24 26 3 29 5 68 74 37 2 25 63 13 13 21 
MACHINES
21 5 18 23 6 8 12 22 15 16 2 10 9 29 19 17 25 11 1 4 14 20 7 24 13 27 26 28 3 30 
23 26 11 30 7 9 15 29 19 25 27 13 1 18 12 24 6 20 17 2 8 10 4 14 5 16 21 22 28 3 
12 11 15 19 14 10 13 18 25 8 16 20 21 22 29 26 17 27 1 30 9 24 28 5 23 7 3 4 2 6 
5 18 10 23 9 29 2 27 16 26 7 6 19 30 12 3 11 8 15 14 1 17 28 4 21 20 24 13 22 25 
14 23 19 30 25 28 21 3 12 6 27 26 1 7 20 24 13 9 2 29 18 8 17 4 16 5 22 10 11 15 
17 29 6 13 5 11 8 19 20 12 30 21 15 23 1 25 24 16 2 18 7 26 4 22 3 28 14 9 27 10 
9 13 18 23 12 19 27 1 21 25 24 5 30 3 26 14 6 28 22 7 2 20 10 16 17 15 29 8 11 4 
24 1 12 23 11 26 4 16 8 9 10 6 17 27 18 19 30 15 21 5 14 22 25 28 7 3 29 13 20 2 
26 14 4 17 9 22 7 13 29 28 23 15 24 8 16 19 5 30 1 20 6 18 10 25 21 2 12 11 27 3 
24 4 22 11 21 7 10 17 1 26 2 5 27 15 18 20 3 13 12 29 23 9 6 19 14 8 25 30 28 16 
19 14 30 5 17 3 1 23 11 22 6 13 15 20 12 27 25 26 28 7 8 4 18 2 21 9 16 29 10 24 
1 23 9 2 29 14 6 15 30 18 7 5 27 21 3 19 12 10 28 17 24 8 16 22 26 13 11 4 20 25 
12 16 27 18 23 21 24 28 9 25 6 20 5 29 17 14 1 10 11 26 13 4 30 2 19 3 8 22 7 15 
11 23 10 21 7 8 16 12 28 30 18 4 5 20 29 2 22 3 14 19 25 27 24 26 9 6 1 17 15 13 
21 9 28 18 13 3 27 15 29 1 24 10 14 2 19 7 23 5 22 11 20 30 12 26 17 16 8 4 6 25 
9 11 5 12 25 28 8 19 23 27 2 26 13 14 6 17 16 3 21 1 15 24 4 7 20 22 30 29 10 18 
30 8 15 26 13 16 5 17 24 18 10 4 12 25 29 11 28 7 19 1 21 9 2 14 3 22 20 27 23 6 
24 19 20 15 23 12 27 28 6 11 9 5 22 3 17 29 26 21 4 18 7 16 14 8 25 10 13 2 30 1 
3 4 11 2 24 5 16 12 8 7 6 22 17 19 10 15 14 26 30 29 27 1 21 28 23 13 9 25 20 18 
23 21 17 8 26 12 1 11 13 18 25 22 9 30 6 27 28 7 10 16 15 14 5 3 19 20 24 29 2 4 
