3764777373,8582627927
20,30,30
81 97 7 96 41 45 93 65 44 87 33 65 91 31 95 26 97 96 81 43 51 61 34 95 38 6 72 82 72 3 
29 31 94 88 20 78 45 1 78 19 61 15 43 30 64 89 24 92 72 80 50 94 82 91 59 33 41 82 62 99 
53 24 64 45 56 82 31 50 91 51 99 55 22 73 38 80 47 31 44 48 62 70 9 50 54 66 6 44 10 7 
8 23 58 6 44 53 50 3 99 36 99 41 57 92 24 9 37 42 19 75 79 27 82 19 6 1 87 80 55 22 
46 49 93 57 6 86 38 8 91 25 92 23 68 20 75 40 69 36 40 31 43 59 70 76 99 34 1 84 82 79 
24 62 62 86 85 60 21 68 90 86 29 33 34 70 17 41 98 46 30 74 87 59 53 17 62 57 63 65 29 3 
56 99 14 99 19 3 95 90 8 2 92 93 49 40 54 64 55 81 28 76 4 7 48 85 12 58 30 29 35 23 
2 45 69 9 55 7 2 80 38 28 99 99 84 47 95 9 41 30 12 86 87 23 12 33 95 61 87 3 30 81 
24 38 76 51 84 68 31 14 94 82 23 45 98 79 56 42 2 30 3 48 42 92 94 99 53 2 63 92 24 41 
9 45 1 15 91 28 80 69 33 59 43 17 25 34 35 32 3 3 88 11 89 74 25 81 88 14 79 83 57 41 
80 65 64 41 21 83 53 10 98 13 25 57 57 34 46 68 77 72 47 46 14 70 30 51 38 98 45 94 86 24 
72 11 60 5 62 76 38 27 49 96 93 6 16 68 87 39 72 79 43 58 48 58 19 99 41 83 15 65 44 27 
88 26 44 25 99 86 84 53 55 9 35 58 57 89 20 37 18 87 34 18 26 27 45 47 60 3 35 42 2 47 
83 60 53 42 17 93 42 46 70 37 53 47 73 34 56 85 27 99 94 71 82 43 38 46 44 61 94 80 77 14 
99 83 1 41 3 58 92 26 34 66 17 87 68 55 13 82 78 46 19 99 50 9 91 51 72 66 29 58 4 2 
98 59 74 20 19 44 45 11 11 61 81 7 40 29 69 24 22 86 88 27 42 30 11 75 71 59 68 37 61 15 
62 26 96 27 7 91 97 23 18 32 88 44 10 23 86 14 40 6 56 87 63 72 87 44 62 74 66 65 88 83 
87 49 49 7 28 48 9 67 66 29 28 27 77 90 12 49 44 60 63 19 66 28 35 5 1 14 48 99 83 60 
87 5 15 39 99 18 29 32 50 23 24 64 81 66 46 69 23 30 43 94 86 71 86 67 6 76 61 36 42 18 
8 80 37 6 14 30 91 10 64 39 53 4 77 92 57 43 50 1 73 95 56 18 48 11 53 73 42 33 52 92 
MACHINES
17 16 28 25 1 13 22 5 14 8 27 4 11 21 30 9 18 2 23 24 7 29 12 26 20 19 15 3 6 10 
24 18 3 10 1 20 23 12 27 4 26 19 16 6 14 22 11 7 13 2 15 5 29 8 25 28 9 21 17 30 
14 10 19 7 3 16 24 22 13 23 30 28 6 4 17 27 25 26 1 8 11 15 12 20 29 18 21 9 5 2 
25 18 13 3 14 17 26 20 24 22 23 2 21 7 10 16 30 1 6 8 15 5 12 9 28 27 19 11 4 29 
18 20 25 16 1 9 29 4 17 14 7 27 24 26 10 5 23 15 8 30 12 11 28 2 19 13 22 6 21 3 
21 9 28 10 1 22 19 13 29 25 4 30 15 8 3 14 20 17 2 5 7 6 26 27 11 23 16 12 18 24 
10 30 11 12 18 3 14 5 9 22 16 21 17 2 4 29 25 26 19 8 1 13 20 24 6 23 15 7 28 27 
9 22 29 4 17 7 1 24 26 3 10 30 15 25 5 12 19 13 8 23 2 27 20 21 6 28 14 11 18 16 
26 21 24 7 27 23 9 10 8 17 20 13 3 15 5 16 29 25 30 19 6 18 1 22 12 11 2 28 4 14 
21 17 8 9 19 11 15 6 22 2 28 23 27 14 10 18 5 16 24 12 30 7 3 20 26 29 13 1 25 4 
17 29 23 26 19 4 30 6 18 22 14 21 9 10 24 5 28 11 25 15 7 8 16 13 20 1 27 3 12 2 
25 4 23 10 24 1 6 7 13 3 8 14 20 18 21 15 26 11 16 22 29 17 28 12 19 5 30 27 9 2 
12 5 15 10 26 3 16 27 11 28 19 20 1 2 22 13 23 30 7 21 4 24 17 6 8 29 9 25 14 18 
4 30 7 24 14 3 23 2 29 16 26 21 8 6 1 13 15 11 27 20 5 10 17 9 22 19 28 18 25 12 
14 23 1 17 2 30 29 28 9 4 25 22 12 16 3 26 27 5 8 13 18 19 24 21 11 6 10 20 7 15 
3 16 13 12 10 7 27 29 26 11 20 5 6 15 24 18 9 17 25 2 8 1 14 30 4 21 22 19 28 23 
13 15 27 29 18 25 17 9 22 28 19 14 10 3 23 30 6 7 5 1 4 2 16 8 12 20 11 21 26 24 
10 27 15 21 23 16 20 18 9 30 22 25 17 24 12 8 26 14 19 4 2 28 5 29 3 1 11 6 13 7 
27 29 3 30 7 19 1 12 13 2 23 24 5 4 15 28 14 11 9 10 8 6 25 21 22 18 20 26 17 16 
4 30 12 15 8 20 22 23 7 2 5 29 14 24 21 16 13 18 25 6 9 3 28 26 27 11 19 10 17 1 
