1170763619,8883200049
20,30,30
21 8 15 38 49 72 7 15 61 3 55 80 30 93 5 39 52 13 57 60 76 10 68 56 23 87 9 93 17 92 
2 48 18 49 22 64 26 86 73 69 67 64 58 25 18 97 78 91 13 7 39 30 90 26 77 89 61 69 8 44 
17 31 73 56 82 25 60 25 68 54 97 13 89 39 62 96 95 57 16 47 19 67 73 28 36 67 59 14 63 87 
53 2 53 90 29 23 15 61 1 43 10 78 53 30 94 63 44 52 5 91 69 23 92 11 48 15 16 8 16 8 
3 74 36 85 81 13 87 76 10 57 44 14 55 48 94 73 28 23 74 58 56 93 72 18 60 84 65 2 84 51 
90 52 44 16 79 26 68 74 18 35 50 36 45 11 65 35 45 46 36 53 16 84 8 13 19 71 39 19 7 57 
43 64 24 51 76 61 97 69 66 64 4 97 48 19 90 95 91 54 98 34 11 56 7 43 73 68 78 52 59 98 
25 67 29 89 81 22 82 57 66 61 6 47 24 20 75 3 86 51 89 94 11 38 99 54 53 56 10 84 55 10 
79 85 40 82 88 55 14 51 10 12 41 32 52 16 52 14 66 92 91 65 77 57 40 76 55 79 41 63 15 12 
7 37 53 42 80 5 34 99 19 83 35 47 12 52 20 73 31 1 31 83 99 13 91 42 4 49 8 53 7 52 
22 31 72 58 94 65 15 3 74 95 31 28 18 73 36 95 17 52 35 18 20 46 22 70 61 45 76 44 99 39 
62 45 74 64 42 15 57 86 32 92 92 47 14 65 5 19 27 84 6 99 2 62 23 95 63 30 35 87 39 8 
72 45 69 41 96 44 50 71 64 61 31 38 75 51 54 28 43 19 32 96 90 29 14 85 43 81 96 4 94 2 
20 30 16 70 93 64 54 62 93 76 62 79 69 80 33 28 73 67 10 70 26 48 81 29 60 4 95 86 15 2 
18 40 23 16 47 15 66 55 70 81 5 96 90 67 92 90 26 34 48 42 8 86 48 25 82 54 8 38 33 68 
10 75 9 56 16 62 50 47 91 94 64 74 87 30 35 23 48 58 41 26 58 62 29 98 10 62 43 90 26 3 
51 96 58 56 24 69 18 19 71 48 68 46 67 32 87 54 8 99 98 25 47 39 21 97 33 45 42 10 74 28 
59 47 76 11 96 89 97 4 51 38 20 91 49 96 7 92 89 86 1 70 63 32 23 58 60 37 34 68 40 36 
46 8 35 95 81 29 36 57 51 27 37 29 94 52 46 54 22 82 84 14 93 31 87 80 11 95 92 48 62 11 
85 62 96 64 95 55 59 30 32 89 56 59 8 73 54 70 44 12 31 81 91 28 54 16 82 16 2 44 29 70 
MACHINES
25 27 18 12 29 15 10 24 19 20 13 22 28 3 7 21 11 4 5 9 8 23 30 6 1 16 17 14 2 26 
29 11 22 26 7 17 13 30 10 16 25 1 15 4 21 5 23 2 14 27 9 3 19 18 20 28 24 12 8 6 
10 5 25 24 23 16 17 6 14 9 18 20 7 22 27 28 19 11 3 13 4 29 12 30 2 15 21 1 8 26 
25 18 6 8 4 29 12 23 15 19 3 26 21 14 1 2 28 10 13 16 17 22 24 9 20 7 30 11 5 27 
26 19 21 11 17 15 18 8 28 30 23 10 20 14 27 29 6 16 12 22 7 24 2 13 25 9 4 5 3 1 
2 7 19 21 3 28 22 15 27 30 6 10 17 20 8 11 16 24 26 18 29 23 9 4 14 13 12 5 25 1 
18 2 11 21 25 3 24 5 8 30 16 20 13 22 6 28 12 4 19 14 23 9 29 27 1 10 26 17 7 15 
12 14 11 9 20 24 26 7 23 8 18 25 2 6 30 10 27 17 29 19 4 13 16 5 3 22 28 1 21 15 
11 5 13 12 8 6 23 17 19 7 4 14 15 16 2 22 21 9 26 25 3 30 24 28 20 10 27 1 18 29 
4 22 27 21 9 25 28 16 5 23 20 24 15 14 18 29 13 1 7 12 6 19 11 17 2 3 10 8 30 26 
7 24 25 27 16 10 2 26 29 5 13 20 4 15 9 30 23 22 6 3 18 19 12 14 28 21 11 8 1 17 
18 17 5 6 7 10 3 30 29 13 22 2 14 25 23 1 8 12 28 27 19 21 26 20 24 15 11 9 16 4 
23 2 6 17 7 10 21 4 15 12 24 27 18 26 30 8 25 22 11 9 3 20 28 16 19 29 5 1 13 14 
30 16 9 8 3 18 15 28 14 22 21 25 29 24 10 17 20 12 5 4 19 6 13 2 26 7 1 27 11 23 
18 24 30 6 14 27 23 9 20 10 3 17 22 13 1 7 4 29 8 15 16 5 28 26 19 25 12 2 11 21 
17 3 23 6 2 14 29 30 5 19 1 12 18 9 8 11 20 26 16 27 21 24 13 10 7 4 22 25 28 15 
16 9 23 24 20 19 6 22 14 25 29 12 18 11 5 13 15 26 2 30 4 28 3 10 7 1 21 8 17 27 
25 7 13 1 4 6 17 24 28 5 8 12 11 21 22 26 16 3 29 20 30 15 9 14 10 18 27 19 2 23 
6 27 10 1 19 20 29 21 7 24 5 26 2 8 9 23 13 25 16 22 14 17 11 28 15 18 3 4 30 12 
10 9 6 20 29 28 22 5 15 12 21 3 11 24 7 26 2 4 19 30 16 17 18 13 25 14 1 8 23 27 
