3465386086,3725384704
20,30,30
24 94 57 95 5 55 65 31 78 48 43 51 96 74 45 95 54 16 60 24 38 75 31 50 93 12 33 80 88 14 
64 46 12 35 72 36 96 31 16 70 71 18 24 32 76 53 33 32 81 27 20 96 23 89 59 53 90 38 62 45 
61 89 16 8 43 37 26 73 80 73 12 40 55 61 45 11 76 84 23 43 8 67 61 45 93 52 32 11 69 15 
17 7 89 30 68 90 42 47 54 98 97 35 56 53 32 26 78 97 26 73 95 81 35 36 28 62 71 15 49 38 
38 61 52 7 67 86 7 45 73 35 35 81 40 87 79 27 39 86 36 84 52 13 95 52 5 93 27 36 36 74 
65 49 8 2 88 8 38 15 51 5 40 65 89 94 69 12 85 69 80 50 47 94 13 65 52 73 44 7 77 86 
39 14 94 4 17 86 13 49 30 3 34 21 46 8 32 46 56 48 16 43 5 29 52 78 50 70 32 47 38 22 
59 49 71 18 79 45 30 64 95 18 42 90 5 1 84 93 74 89 32 68 73 32 50 98 81 98 40 42 65 17 
88 13 5 94 27 42 48 68 33 40 17 93 67 58 68 95 52 61 67 51 32 36 71 61 80 90 87 80 3 10 
4 56 94 97 6 1 20 70 87 95 44 23 85 69 1 52 97 44 23 54 76 15 46 92 61 5 31 83 74 60 
90 47 68 20 21 86 94 30 96 26 16 40 3 85 67 5 23 93 51 33 92 79 45 88 11 62 94 26 64 65 
74 93 35 7 35 95 17 11 66 28 97 91 1 14 23 13 90 2 5 23 51 29 5 87 53 98 48 39 1 54 
47 31 20 81 49 98 8 59 98 53 89 63 14 85 84 91 29 3 82 30 22 66 55 40 46 28 1 83 98 32 
11 48 94 67 75 16 95 32 48 36 18 5 27 65 72 18 77 50 9 73 38 87 59 82 95 24 33 86 71 31 
22 40 15 19 63 48 17 50 21 77 41 17 17 20 32 64 26 73 64 78 48 12 68 74 54 42 42 95 5 84 
68 69 97 56 72 58 5 58 40 39 33 13 73 81 61 20 53 35 96 3 83 88 60 19 38 72 37 18 2 34 
25 68 61 59 55 77 20 23 85 43 57 22 78 32 46 40 69 29 32 48 32 2 87 15 71 7 66 32 36 26 
70 53 72 44 98 89 91 7 60 60 60 14 78 80 49 72 10 37 42 32 42 27 24 96 11 26 79 76 66 85 
86 42 49 60 89 70 2 63 36 45 9 36 3 14 19 42 90 33 71 75 39 33 42 64 67 39 49 87 12 89 
58 25 90 66 52 96 73 52 10 66 72 80 78 33 89 47 4 29 9 54 17 60 67 53 82 85 6 80 38 31 
MACHINES
12 25 4 17 20 23 3 10 8 15 16 6 19 27 18 14 13 22 9 29 30 11 24 5 1 26 21 28 2 7 
24 16 2 14 30 10 21 15 20 4 28 1 26 9 13 22 12 25 23 5 19 17 7 8 27 11 29 18 6 3 
26 16 6 11 27 29 4 18 22 12 19 5 20 24 8 23 7 21 14 10 15 17 9 28 2 30 13 25 3 1 
2 11 17 5 8 16 20 12 30 10 28 15 29 9 26 23 4 24 21 27 7 1 18 25 6 3 13 22 14 19 
19 21 14 8 10 23 16 25 18 24 11 6 4 29 15 22 13 3 28 30 17 27 7 5 9 1 2 26 12 20 
15 5 21 10 27 7 11 16 28 30 26 17 2 13 14 23 29 6 8 19 18 25 9 3 12 24 22 20 1 4 
25 8 10 18 15 17 1 4 20 2 14 28 16 9 23 7 11 30 3 26 29 22 21 24 6 5 12 27 13 19 
8 30 14 25 12 16 28 4 22 21 19 5 10 6 13 11 24 9 29 26 1 27 20 7 3 18 2 23 17 15 
7 17 3 11 4 26 5 14 20 12 29 15 2 19 28 13 21 22 24 27 23 16 9 8 1 10 6 18 30 25 
5 2 15 6 1 29 11 3 7 24 22 4 16 8 13 14 26 19 28 21 20 25 18 12 17 27 10 30 9 23 
1 21 4 27 29 9 8 30 23 18 17 22 24 7 19 6 20 10 25 16 26 14 2 28 15 13 11 3 12 5 
16 27 17 19 28 7 21 10 23 8 30 29 6 22 1 2 26 4 18 3 20 9 11 14 15 5 13 25 24 12 
19 4 20 5 6 18 8 30 12 10 29 13 14 1 16 25 3 15 23 7 21 26 28 2 9 22 24 27 17 11 
4 6 9 30 25 26 3 27 13 24 5 12 17 28 29 23 21 1 16 10 8 11 7 14 20 2 15 22 18 19 
18 8 29 14 25 1 30 22 23 16 5 20 4 7 17 27 9 24 21 10 3 6 19 13 26 28 15 2 12 11 
27 8 30 2 24 21 4 6 7 17 15 18 10 5 26 29 23 1 9 19 16 14 20 25 11 22 12 28 3 13 
26 3 20 14 23 2 9 12 5 21 18 7 10 22 11 1 13 19 8 4 6 24 28 27 29 30 16 25 17 15 
28 27 14 5 24 18 10 17 21 12 29 11 16 23 15 20 25 9 22 8 7 26 2 6 1 3 30 19 13 4 
3 26 10 17 30 1 19 9 22 11 21 27 23 16 2 14 4 8 24 18 29 6 13 15 28 25 12 5 20 7 
7 13 1 27 16 2 17 23 9 12 19 5 18 14 3 28 10 24 11 15 6 22 21 20 29 26 4 8 25 30 
