7283543189,6655569018
20,30,30
94 46 24 14 13 73 14 1 72 57 28 38 62 71 85 59 12 64 18 13 6 79 52 53 53 79 67 76 96 10 
84 51 31 88 75 8 3 19 84 95 25 55 93 85 78 60 49 95 69 55 10 8 7 16 52 36 10 60 22 3 
39 13 46 92 60 19 58 8 40 9 19 88 45 96 84 9 26 30 17 90 14 77 98 89 8 61 73 15 22 45 
6 59 66 40 99 27 39 26 17 67 4 77 31 34 91 99 51 57 40 39 1 79 28 14 39 97 18 72 93 24 
57 2 19 59 41 65 87 37 23 40 24 25 80 84 73 25 84 95 97 50 19 84 59 4 40 69 97 53 92 34 
93 22 3 20 58 53 62 4 20 57 93 69 20 48 9 19 51 26 56 11 55 75 76 50 35 28 69 76 32 83 
59 30 79 58 16 70 52 33 62 80 23 16 97 7 9 10 55 98 9 20 29 64 63 72 73 85 52 79 84 16 
26 39 88 33 22 21 30 61 79 39 86 29 15 83 7 88 43 81 95 14 34 49 17 51 61 39 56 99 63 91 
68 33 19 17 60 45 1 31 63 68 31 77 52 41 80 7 35 27 18 36 35 12 15 18 19 8 82 28 28 76 
50 44 49 12 82 87 1 60 95 73 81 49 36 47 76 73 99 74 41 2 39 70 76 40 81 53 82 17 35 15 
21 90 73 61 48 18 11 84 12 81 83 99 84 51 74 61 77 62 14 3 81 18 22 23 55 46 55 33 80 94 
73 95 93 35 4 53 38 45 65 33 56 27 36 35 79 89 79 23 4 53 65 67 6 4 23 49 52 96 48 52 
63 47 94 73 12 85 28 53 49 64 6 8 55 71 82 9 9 70 42 48 20 14 15 83 10 98 93 78 96 19 
6 97 88 82 62 41 65 36 87 11 74 81 36 68 13 32 13 22 94 69 85 66 11 64 32 57 84 50 49 90 
61 30 19 27 93 95 45 37 90 20 5 64 27 80 92 34 60 42 22 35 51 97 87 58 61 52 67 78 8 82 
50 87 65 38 89 70 40 55 95 64 53 56 10 98 3 20 26 60 6 65 6 35 68 53 39 64 11 91 62 83 
41 6 45 26 37 60 21 54 67 81 77 51 4 27 88 2 69 40 60 61 70 56 48 72 3 48 13 49 37 12 
64 8 25 93 41 57 22 85 17 40 30 70 15 8 96 63 41 98 72 71 89 77 41 83 97 46 38 47 39 69 
39 45 3 58 8 64 45 21 37 65 54 8 50 72 21 12 86 8 58 94 39 31 88 70 89 13 26 4 11 74 
66 63 8 61 50 31 23 12 41 56 21 57 68 22 42 14 41 37 13 14 44 11 52 46 39 48 72 4 44 1 
MACHINES
21 28 4 17 14 12 7 26 9 10 20 6 30 16 27 1 19 15 8 2 11 3 18 13 25 22 29 5 23 24 
22 19 15 18 5 9 12 8 4 27 23 7 13 10 25 26 30 3 17 1 29 11 2 16 6 28 24 20 21 14 
3 22 12 2 30 16 27 20 21 19 29 7 18 23 13 5 26 14 17 1 9 8 4 6 24 28 25 11 10 15 
16 17 4 5 29 9 22 18 3 10 24 8 1 20 13 6 27 25 7 30 23 14 28 21 12 11 15 19 2 26 
25 16 6 8 27 3 29 10 22 9 30 12 2 24 4 15 23 17 7 13 14 5 11 20 28 21 1 26 19 18 
15 16 30 27 28 1 19 7 14 18 23 2 12 29 13 8 9 20 5 25 17 10 4 21 24 26 3 6 22 11 
19 5 9 24 15 13 11 4 6 22 17 20 2 23 8 27 3 25 30 12 21 28 16 7 18 29 1 14 26 10 
2 4 8 29 15 3 27 5 25 7 14 30 11 16 22 13 1 6 28 19 10 18 9 20 24 12 23 17 26 21 
29 2 3 9 25 14 20 8 12 22 23 4 26 27 16 7 18 1 21 15 24 19 6 17 28 13 10 30 11 5 
26 5 24 18 25 3 15 16 2 10 1 6 12 22 8 28 9 29 17 4 14 11 7 30 27 20 13 23 19 21 
26 17 1 7 25 18 29 30 21 28 3 9 13 4 11 27 23 15 8 20 16 22 2 6 12 19 10 14 24 5 
25 19 26 8 20 5 27 3 17 6 16 18 24 22 11 7 28 10 2 4 29 1 9 30 12 23 15 21 13 14 
10 16 18 20 9 13 19 4 29 14 2 26 6 1 15 23 25 3 11 30 24 22 21 7 8 12 5 28 17 27 
7 13 1 16 6 3 12 15 23 26 24 17 2 19 10 9 11 21 14 27 18 5 20 30 25 4 28 8 29 22 
27 13 28 3 19 5 2 25 14 16 8 11 7 23 10 4 17 12 26 1 22 24 18 6 21 20 9 15 30 29 
2 16 9 30 29 28 20 11 23 27 4 18 21 22 7 26 10 15 17 8 3 12 13 19 6 24 1 5 25 14 
28 3 13 7 29 27 4 11 9 12 19 25 18 23 14 21 5 20 15 17 22 1 2 16 30 24 10 6 8 26 
30 2 10 7 16 20 22 28 24 13 9 25 27 15 19 17 29 3 21 18 4 1 12 14 5 8 23 6 26 11 
12 3 9 4 11 14 13 29 22 16 23 2 17 19 1 7 8 20 21 28 15 30 26 24 27 5 10 25 6 18 
13 14 12 24 1 2 23 8 27 20 28 21 3 15 9 17 7 16 6 4 19 25 11 18 5 22 29 10 30 26 
