2509534812,1103389393
20,30,30
53 22 80 66 70 69 53 87 90 10 50 49 85 5 5 79 51 2 16 88 94 22 45 15 69 6 99 88 84 38 
59 36 37 96 83 53 41 95 27 14 3 89 95 48 72 27 21 58 69 97 70 21 5 65 44 79 92 15 38 61 
43 59 38 30 9 60 28 80 47 33 39 53 43 62 18 87 8 39 51 33 44 68 28 89 68 73 95 64 43 46 
37 28 46 76 3 10 29 67 55 73 46 21 25 99 21 73 6 98 81 97 3 87 68 88 29 93 73 82 44 31 
33 69 87 32 20 71 86 26 3 48 30 71 13 23 74 38 49 96 72 63 3 9 30 24 21 95 53 40 66 6 
35 98 58 95 89 55 4 56 49 46 26 99 40 42 17 73 69 42 17 24 11 63 60 84 98 25 77 88 50 85 
87 21 86 4 21 92 94 27 44 81 64 97 59 39 15 15 60 9 71 10 51 92 81 16 65 74 52 2 7 73 
16 57 24 8 9 36 54 8 13 87 63 59 46 87 34 80 49 18 24 62 61 66 24 41 42 97 92 5 15 54 
63 68 48 48 47 98 44 48 30 80 56 21 64 17 23 40 68 22 36 52 58 11 72 46 49 27 30 58 13 47 
44 57 28 77 92 99 44 8 80 23 14 62 55 15 25 83 26 24 93 52 55 61 39 10 81 72 86 40 44 26 
65 23 76 18 47 31 21 86 21 70 97 91 62 18 16 45 79 9 87 10 25 7 82 2 27 51 62 5 65 86 
15 74 22 9 37 2 7 90 37 98 33 13 81 10 54 98 35 45 62 64 25 6 49 21 50 29 40 47 38 52 
70 3 61 71 33 54 47 59 58 90 37 66 52 54 52 31 45 78 54 23 99 52 33 17 19 99 63 89 93 62 
48 90 7 70 17 7 10 68 10 14 58 5 91 94 2 83 10 28 89 66 30 70 36 97 26 29 24 66 51 65 
93 70 9 29 75 63 76 53 16 50 34 1 60 99 58 36 69 13 86 40 91 73 58 80 86 63 5 28 37 53 
21 95 79 63 58 10 84 27 44 34 90 26 98 8 50 24 12 44 18 53 80 98 55 6 27 82 87 33 14 57 
14 21 88 8 41 67 36 81 45 46 43 35 90 60 42 2 97 69 32 23 3 54 56 44 73 67 31 96 78 63 
99 1 44 69 80 90 15 99 89 69 82 37 88 49 27 60 51 20 23 70 23 81 68 20 98 6 98 13 21 18 
18 80 74 17 84 23 77 41 79 7 91 84 13 39 73 47 84 37 77 24 45 34 80 40 96 41 64 64 35 5 
44 40 47 13 76 17 1 33 26 50 24 33 20 9 16 27 43 26 66 58 84 88 82 73 3 39 74 46 18 7 
MACHINES
17 14 8 19 30 18 9 22 11 28 29 23 24 7 4 1 3 21 15 5 25 27 10 20 16 2 13 12 6 26 
7 8 6 17 27 30 19 23 3 4 10 5 13 26 15 25 24 16 21 29 2 22 28 20 14 9 1 12 11 18 
1 25 28 4 7 13 3 14 27 22 30 16 23 21 15 12 24 26 5 17 11 20 19 29 6 8 9 2 10 18 
13 25 16 27 10 3 8 6 12 20 17 19 2 30 4 9 5 21 26 29 22 18 1 11 14 24 7 23 15 28 
12 25 3 20 15 19 28 16 4 1 22 29 21 13 30 8 17 27 5 26 7 14 9 11 6 10 24 23 18 2 
15 13 7 24 14 10 4 27 1 25 17 18 6 21 22 8 20 19 2 12 16 26 23 29 28 9 11 5 3 30 
24 7 2 4 16 12 5 18 25 20 6 11 21 19 13 10 27 1 23 17 14 8 22 26 9 3 30 28 29 15 
10 23 1 26 30 6 12 21 27 11 15 4 25 24 20 22 16 17 7 28 8 29 14 9 5 18 2 3 13 19 
6 9 1 11 8 29 20 25 22 3 27 30 7 2 24 16 10 19 17 12 21 26 14 18 23 15 13 5 28 4 
6 16 27 30 13 1 26 7 12 11 21 5 3 15 10 18 14 2 9 25 24 20 23 19 4 8 22 29 17 28 
6 21 14 2 22 9 1 29 17 3 16 11 13 15 30 24 18 23 4 5 28 19 12 10 27 26 20 25 8 7 
28 15 11 6 10 20 19 25 22 27 8 2 18 29 30 7 17 12 21 1 4 9 5 26 23 13 14 24 16 3 
30 26 8 23 18 29 5 20 25 3 2 28 14 10 4 21 12 22 6 1 11 16 24 17 15 13 19 9 27 7 
21 4 18 12 10 29 25 28 3 24 5 20 30 27 2 9 19 1 17 7 22 8 13 23 11 16 26 14 15 6 
8 23 5 10 13 25 30 4 7 19 18 1 29 27 2 22 21 26 3 6 12 15 16 14 9 28 24 17 11 20 
20 9 24 11 5 28 14 8 26 27 19 3 17 4 1 18 6 21 29 30 2 7 23 25 12 15 16 22 13 10 
10 24 3 26 4 18 5 23 22 17 13 1 14 29 19 28 8 2 30 25 11 6 16 20 21 15 9 7 12 27 
13 4 24 16 8 14 28 3 10 7 26 20 12 9 2 22 11 25 29 19 15 6 21 5 18 30 27 17 1 23 
25 8 30 10 20 9 1 11 4 12 17 29 23 22 19 26 18 16 5 2 14 27 13 24 28 6 7 3 15 21 
29 3 4 10 21 14 26 22 16 27 6 2 17 18 8 15 19 20 25 12 5 24 28 13 9 11 7 30 1 23 
