5241397189,2386445197
20,30,30
20 74 98 43 84 55 41 98 5 19 86 37 11 12 18 24 10 51 20 68 56 84 49 95 71 43 84 80 12 30 
65 97 17 76 7 44 77 16 75 4 2 35 49 3 48 26 27 74 36 93 19 5 23 66 32 70 94 60 24 58 
16 93 88 12 38 31 97 20 21 33 47 12 47 35 31 22 29 38 44 31 19 47 49 87 39 93 9 54 92 46 
60 56 74 46 90 87 65 74 81 20 82 65 47 54 98 66 26 38 44 89 1 71 98 19 18 96 83 75 68 66 
88 40 30 35 11 14 40 77 76 83 46 29 85 33 61 53 72 15 61 23 13 6 31 92 13 70 41 33 90 90 
38 53 76 98 91 98 88 52 36 86 72 13 43 2 33 91 89 96 57 96 82 52 48 40 67 60 83 7 10 34 
38 51 38 79 38 51 52 53 66 72 49 16 34 18 1 74 56 49 36 84 91 21 70 49 42 34 16 20 76 9 
17 88 10 80 16 56 45 6 57 41 13 13 71 92 55 22 33 82 67 47 71 21 55 70 43 43 52 38 71 71 
57 3 16 52 8 91 28 53 21 71 28 19 47 59 19 64 61 52 4 93 2 70 59 88 98 83 80 23 81 61 
19 66 11 4 16 68 89 80 84 74 96 10 52 27 11 90 50 46 90 4 16 18 96 62 25 37 91 18 34 35 
52 14 37 31 23 66 3 39 58 8 69 69 75 12 15 49 9 56 21 57 31 68 13 34 2 35 4 97 99 23 
55 72 76 27 25 17 73 56 25 95 15 88 12 92 49 96 2 44 55 65 70 59 89 38 38 91 44 76 60 54 
77 10 77 21 61 60 45 30 87 30 92 19 75 23 97 7 98 69 82 97 35 52 33 37 12 14 87 64 81 93 
88 35 7 12 84 52 78 65 8 72 66 72 31 98 61 53 3 16 1 28 28 98 58 97 97 50 22 21 92 78 
40 28 31 67 25 2 78 11 26 55 53 66 89 68 62 72 45 97 90 91 87 89 21 35 42 11 92 26 54 11 
6 25 50 5 92 79 35 83 63 37 84 91 49 48 16 26 1 18 72 45 15 77 71 52 51 68 64 69 7 46 
55 38 32 95 3 73 51 56 4 18 87 41 29 45 53 60 97 73 44 58 65 55 10 65 62 29 65 26 31 56 
14 20 97 10 46 29 40 97 71 94 57 29 98 2 6 92 65 51 20 8 46 5 94 91 20 17 44 90 16 57 
86 97 78 30 14 17 31 58 91 65 7 54 97 80 40 53 37 16 55 90 76 78 29 50 11 74 57 97 79 91 
37 21 82 79 45 4 76 86 17 47 49 44 40 45 50 8 62 77 77 31 64 65 35 12 11 85 75 17 82 12 
MACHINES
4 2 23 9 19 24 11 6 10 17 29 21 1 7 25 12 18 15 20 14 30 22 13 8 27 5 16 3 28 26 
1 21 9 23 24 10 16 26 25 8 22 7 17 27 19 5 30 28 2 29 11 4 3 12 18 14 20 15 6 13 
6 10 29 4 17 8 7 12 21 20 13 27 15 25 18 9 3 23 16 11 26 24 5 19 2 30 22 14 28 1 
10 14 12 7 26 8 16 11 24 18 2 29 23 15 27 9 30 21 19 6 28 22 25 17 5 13 3 4 1 20 
23 27 3 22 7 24 20 25 30 14 15 8 6 1 10 17 29 28 5 26 16 13 2 19 21 9 18 11 12 4 
16 6 17 9 13 22 11 5 27 8 1 18 26 29 14 30 28 24 3 21 20 7 2 4 12 15 25 19 10 23 
18 22 19 27 1 21 9 17 25 12 13 4 10 6 11 3 16 2 20 5 23 29 28 7 30 8 24 14 15 26 
27 12 7 17 9 24 30 6 2 25 16 3 10 19 15 5 13 1 22 4 26 21 23 20 11 29 18 8 14 28 
20 5 24 15 21 2 30 19 7 27 9 10 1 18 14 25 16 29 12 13 3 11 23 26 6 22 17 28 4 8 
27 11 7 4 15 10 8 16 28 2 30 18 12 29 17 26 3 23 20 1 6 14 9 21 22 24 19 5 25 13 
13 30 28 4 15 5 11 26 8 16 10 21 3 22 20 19 24 23 2 1 18 12 14 7 6 29 27 17 25 9 
26 11 15 6 30 21 16 8 19 13 10 20 27 3 12 18 22 7 17 5 28 24 1 23 2 14 9 4 29 25 
16 9 19 18 21 14 17 12 29 24 6 25 8 11 1 2 13 30 10 3 4 22 26 5 27 7 23 20 15 28 
29 25 3 9 24 4 14 26 19 6 11 12 13 1 22 18 30 2 28 10 17 15 8 5 23 16 20 21 27 7 
4 28 13 17 30 26 16 12 11 14 25 7 2 22 1 18 5 27 29 19 10 20 3 15 9 6 8 24 23 21 
10 6 15 27 11 18 12 23 30 19 17 2 22 13 25 16 14 20 8 5 29 1 28 21 9 24 3 7 26 4 
30 24 11 23 29 28 12 6 16 13 4 8 15 5 20 27 26 14 22 3 7 25 18 19 2 1 9 17 21 10 
5 18 30 10 25 7 22 17 14 4 11 8 19 6 21 28 20 23 12 13 1 9 2 16 15 27 3 26 24 29 
12 13 15 21 19 10 14 28 26 2 29 25 3 7 5 20 11 16 18 8 27 30 9 6 22 1 4 17 23 24 
6 30 23 7 8 22 20 3 15 24 26 12 1 14 16 29 9 28 21 19 5 13 27 10 2 11 4 25 17 18 
