6204970237,3738660580
20,30,30
14 31 13 24 83 55 15 11 64 46 46 85 85 79 48 5 54 33 24 49 41 13 19 4 64 23 82 86 76 52 
11 13 52 35 55 24 15 13 60 59 32 93 11 96 57 30 52 45 51 97 82 64 13 2 90 48 35 92 63 95 
89 29 24 84 77 58 74 40 46 31 42 92 18 65 17 29 94 60 14 49 90 85 25 66 20 87 68 84 56 67 
46 71 80 32 30 19 63 37 26 40 93 31 39 2 67 64 71 52 8 98 94 26 74 70 98 11 53 88 40 53 
81 81 85 7 97 76 31 54 39 86 39 8 2 72 96 77 37 72 16 45 25 23 13 29 58 87 96 20 27 32 
41 40 43 82 97 36 29 7 75 56 84 19 53 19 9 68 62 31 80 48 15 89 80 52 60 38 62 29 13 91 
59 11 97 84 39 72 14 73 66 46 57 66 28 94 33 49 86 1 2 67 22 68 77 68 7 74 81 31 38 3 
19 28 39 89 39 35 7 98 24 56 67 60 21 78 11 69 22 44 40 62 67 94 77 53 53 85 27 13 2 31 
27 17 1 23 40 87 29 71 42 43 87 43 15 71 76 21 32 12 93 12 45 37 90 98 50 54 86 63 12 19 
72 31 80 51 59 94 51 93 3 51 55 6 33 22 92 50 81 71 89 39 28 73 57 11 53 27 83 86 41 9 
14 3 70 10 44 75 31 90 21 45 50 78 37 75 76 31 36 91 36 99 68 59 79 12 82 88 60 79 11 51 
10 7 32 90 60 13 5 76 70 1 8 42 55 43 43 46 64 2 92 22 62 85 86 48 66 61 75 67 4 91 
72 20 61 77 28 49 47 98 63 87 3 33 10 32 45 80 49 94 35 29 80 81 79 73 69 83 27 48 85 82 
91 25 11 17 12 41 16 39 37 14 34 86 55 98 20 17 3 38 31 10 91 75 86 86 61 60 12 55 26 1 
98 28 79 85 88 76 83 14 7 25 40 80 74 39 51 29 31 45 99 8 27 55 72 87 46 75 23 10 12 9 
18 17 23 57 46 3 25 88 60 85 89 20 8 69 28 10 25 70 71 22 92 98 56 61 24 53 95 68 86 92 
69 18 8 15 92 1 93 60 58 28 55 76 97 69 49 40 44 11 35 17 90 21 67 50 71 47 13 71 54 3 
87 13 51 31 37 11 47 39 67 68 29 26 62 51 9 98 40 40 4 17 18 10 47 89 65 13 30 73 57 7 
67 29 69 87 29 17 46 44 28 23 19 27 36 67 57 74 8 98 26 70 2 22 2 30 99 9 63 85 17 98 
56 62 23 47 74 48 90 18 96 55 67 31 11 47 20 50 7 74 73 62 15 90 56 96 2 74 77 57 82 20 
MACHINES
12 15 6 25 2 13 17 10 5 11 24 7 23 28 19 18 27 22 3 8 29 21 20 4 9 30 26 16 1 14 
10 29 11 27 4 28 19 14 30 15 21 17 12 9 18 3 23 16 20 1 26 13 22 24 2 8 6 5 7 25 
23 24 3 18 21 8 6 13 2 9 1 16 7 11 15 14 4 5 29 20 28 25 10 26 30 22 27 12 19 17 
4 28 24 26 12 19 6 29 21 15 23 8 27 7 3 17 16 14 10 18 22 1 25 5 13 9 2 20 30 11 
24 12 21 8 18 15 4 2 13 16 9 6 10 22 23 30 28 1 7 3 29 5 26 20 19 11 25 14 17 27 
12 1 15 21 22 24 14 30 28 5 26 8 29 4 2 11 18 10 6 25 17 19 16 9 7 27 23 20 13 3 
2 13 30 17 6 10 9 26 27 12 19 22 18 5 28 29 1 11 21 3 15 4 16 20 24 14 23 8 25 7 
11 29 13 7 19 5 8 1 18 20 21 6 2 16 15 10 24 3 4 12 22 25 23 28 9 26 27 14 17 30 
9 25 14 2 4 8 21 1 27 15 28 7 26 22 5 11 20 30 12 19 23 17 6 18 16 13 10 24 3 29 
20 1 3 18 4 17 25 27 10 24 30 21 13 23 7 19 2 5 15 26 8 16 12 14 6 11 28 29 9 22 
26 21 19 1 23 7 17 20 18 29 13 28 24 10 15 11 14 9 4 22 30 25 5 2 8 27 12 16 6 3 
22 13 24 14 25 9 2 12 5 27 6 28 1 8 11 23 4 7 3 19 29 18 21 16 15 10 26 17 30 20 
2 13 20 17 3 19 26 23 29 15 10 7 21 6 1 30 27 25 5 16 24 8 4 18 28 22 11 14 9 12 
22 15 7 29 4 10 17 12 11 13 20 9 16 1 27 18 5 28 3 21 30 19 23 26 14 8 2 24 6 25 
8 11 4 9 6 2 27 25 22 1 13 20 15 14 16 10 30 17 12 29 26 23 24 5 7 19 18 28 21 3 
29 27 8 10 5 22 14 7 9 25 12 2 13 24 18 28 30 17 19 20 21 16 15 4 26 23 3 6 1 11 
11 15 30 19 8 4 25 28 27 16 3 5 18 24 23 6 2 17 7 1 10 22 29 9 20 21 14 12 13 26 
2 12 23 27 25 5 14 6 8 13 17 9 20 3 18 7 10 29 22 19 24 1 26 28 30 21 4 16 15 11 
25 18 23 16 14 17 12 22 6 21 20 2 7 30 26 24 5 9 27 4 11 10 28 8 1 13 29 3 19 15 
10 6 13 28 11 26 15 4 7 8 5 18 9 17 22 19 14 25 1 23 27 30 16 12 20 3 29 24 2 21 
