8791968679,2416059510
20,30,30
97 96 50 99 57 43 40 20 43 17 42 39 95 42 77 56 4 1 29 63 88 90 15 54 86 18 90 63 28 4 
65 29 27 73 39 55 34 5 9 77 89 7 79 53 48 74 51 56 67 89 45 7 72 88 86 5 1 84 55 54 
98 86 69 50 71 47 71 54 35 52 10 92 63 11 43 26 17 15 16 83 82 94 56 65 71 75 29 51 38 12 
72 15 17 53 56 59 58 22 81 37 93 6 54 98 50 16 61 61 32 16 58 49 65 76 67 61 25 70 37 42 
19 75 42 72 99 73 59 44 82 7 56 31 36 36 1 3 8 68 6 47 21 9 13 66 5 51 51 67 22 67 
69 85 50 21 68 75 42 66 97 92 13 67 11 5 82 14 77 27 64 62 6 59 21 9 33 95 80 20 16 76 
80 29 58 10 62 53 61 73 29 36 59 81 43 83 94 24 2 40 98 39 33 69 51 16 82 93 28 42 49 18 
25 45 69 3 57 66 84 74 32 83 95 47 19 68 45 97 15 93 41 55 10 96 96 96 37 17 10 74 21 97 
46 48 67 64 17 52 60 66 17 36 5 17 14 64 19 51 43 13 60 7 88 38 45 5 85 25 12 99 64 68 
63 70 22 67 95 17 50 26 12 45 42 38 68 93 95 1 74 34 35 64 3 70 52 68 86 49 44 10 51 35 
8 20 22 82 67 38 75 31 74 24 74 9 72 83 76 97 20 98 86 57 67 83 2 56 61 20 8 74 50 60 
99 53 10 17 97 27 48 71 78 87 28 73 70 6 31 77 19 35 70 36 2 28 33 13 26 62 22 56 10 80 
40 91 62 19 84 24 78 70 47 3 99 65 35 83 54 19 60 40 8 95 92 68 56 70 49 16 56 28 24 92 
28 32 65 91 4 81 68 54 7 25 40 55 90 93 63 44 56 2 56 31 71 26 13 87 2 91 39 23 58 52 
47 88 78 46 32 81 10 78 94 74 22 45 56 40 12 96 67 35 76 71 29 94 58 30 76 59 57 64 78 47 
23 12 4 52 93 7 96 19 64 78 11 18 40 9 67 1 54 80 16 17 99 79 9 29 69 75 13 52 70 24 
44 49 13 27 10 12 29 9 52 59 54 27 4 24 43 65 93 5 59 39 87 44 7 82 48 29 16 74 80 60 
90 6 76 98 50 91 29 55 53 45 74 23 71 98 67 44 72 94 85 58 26 38 93 15 12 72 32 25 71 44 
41 70 15 87 37 46 2 44 38 11 17 28 33 34 91 37 67 41 44 43 8 89 88 28 17 90 88 33 2 72 
53 47 28 62 25 59 43 5 7 59 53 55 73 90 83 18 18 89 42 40 11 68 22 40 21 7 54 30 98 44 
MACHINES
6 15 14 17 18 10 13 30 28 22 23 11 19 29 9 16 27 5 24 4 7 20 2 1 12 3 21 25 8 26 
16 5 3 27 1 18 30 29 2 15 24 8 9 19 10 20 6 11 21 4 28 12 13 14 17 7 23 26 22 25 
6 14 18 11 4 19 21 29 24 17 26 25 9 10 2 16 12 1 27 15 28 7 3 30 20 5 8 13 23 22 
9 22 18 27 13 3 28 10 15 21 16 1 20 23 7 17 26 5 29 12 6 11 8 2 14 19 4 30 25 24 
29 26 21 27 30 11 14 16 20 23 7 1 6 5 13 8 9 17 2 28 4 12 3 25 10 24 22 19 18 15 
2 5 12 9 22 6 26 23 16 25 18 4 20 24 30 27 19 17 8 21 28 3 1 14 29 13 7 10 15 11 
26 18 11 19 15 21 12 28 9 4 14 2 16 3 30 10 17 13 5 29 25 7 8 1 23 24 27 6 22 20 
3 8 18 11 2 20 16 14 12 19 1 7 21 28 15 27 17 29 30 4 10 13 5 24 22 9 26 6 25 23 
11 1 16 24 25 13 7 17 19 27 28 30 23 6 29 9 2 10 14 21 3 15 18 8 5 22 4 26 12 20 
3 8 25 22 19 18 9 23 14 27 12 2 24 1 29 6 4 26 28 7 13 16 30 5 21 10 20 11 15 17 
19 28 11 14 30 4 23 6 5 1 7 9 17 24 16 2 18 22 27 25 21 3 8 26 13 12 15 10 20 29 
8 4 11 17 29 24 10 3 18 16 19 25 27 21 20 28 30 22 12 26 9 13 5 6 14 23 1 2 7 15 
13 18 5 24 22 20 30 17 25 19 6 26 27 2 8 12 11 21 29 23 7 15 14 28 16 4 3 9 1 10 
19 23 25 20 17 26 3 13 5 29 7 15 21 8 10 28 22 2 1 11 14 9 30 18 6 27 24 12 16 4 
5 29 6 8 23 3 7 14 24 13 1 10 16 11 28 9 25 27 15 19 17 2 21 4 12 30 20 22 18 26 
16 10 14 28 1 27 2 6 21 25 26 7 4 23 18 3 15 11 9 30 17 20 5 19 24 8 22 29 13 12 
15 12 11 26 4 17 19 8 16 6 28 13 7 2 3 1 14 30 23 24 20 25 21 27 9 18 22 29 5 10 
30 17 24 25 11 4 2 6 13 20 3 26 1 16 14 29 12 27 22 7 18 21 19 28 10 23 9 15 5 8 
26 7 29 30 4 5 19 22 25 14 28 17 2 3 15 20 9 18 16 13 1 21 24 12 27 8 6 10 23 11 
17 9 27 15 16 11 3 28 20 26 14 8 21 2 24 18 23 25 30 22 19 4 5 29 13 6 12 1 7 10 
