3076146036,4612651717
25,10,10
32 33 79 52 41 77 75 87 73 33 
21 46 51 98 68 28 82 84 78 66 
90 85 94 96 37 67 26 23 65 41 
78 45 85 65 78 73 41 78 99 81 
83 74 45 75 49 78 96 66 44 59 
24 12 76 94 65 89 11 45 16 45 
65 70 57 83 7 15 21 36 88 41 
50 64 84 78 11 91 68 47 98 3 
38 2 52 12 8 47 3 17 60 98 
40 17 54 93 39 79 82 94 24 76 
45 23 52 73 23 73 40 88 41 99 
78 4 83 81 58 45 22 24 70 43 
60 29 50 31 93 79 39 59 42 45 
71 41 65 78 53 1 55 3 58 48 
29 76 15 54 40 21 26 43 98 73 
75 24 89 62 44 87 7 11 83 32 
98 46 37 30 13 26 57 64 4 94 
92 76 45 41 68 57 53 71 54 84 
24 29 37 29 3 72 17 67 4 26 
92 26 36 97 39 54 54 81 39 49 
84 4 52 66 41 6 54 9 74 78 
96 65 59 77 99 20 6 47 98 30 
24 97 48 90 29 46 58 5 68 22 
11 69 4 92 46 84 38 95 34 83 
37 65 21 50 68 92 75 47 20 27 
MACHINES
1 7 8 5 2 6 9 10 4 3 
5 10 6 9 4 2 8 3 1 7 
5 8 4 3 1 2 7 10 6 9 
2 5 3 8 7 4 10 1 9 6 
7 2 4 1 5 9 8 6 3 10 
6 3 7 4 10 8 2 9 5 1 
10 8 6 3 1 7 5 4 2 9 
9 10 7 1 6 3 2 5 8 4 
8 3 5 9 1 2 6 4 10 7 
10 6 9 7 3 5 1 4 2 8 
6 4 3 7 5 2 8 9 1 10 
8 9 6 3 1 4 7 5 2 10 
5 4 7 8 3 10 9 2 6 1 
4 2 7 8 3 10 5 1 9 6 
6 4 8 3 2 7 10 9 5 1 
4 6 2 10 1 3 7 9 5 8 
4 5 10 6 9 2 8 3 7 1 
1 3 6 9 5 7 10 2 8 4 
3 8 9 6 4 1 5 7 10 2 
9 8 6 10 3 1 2 4 5 7 
8 10 3 1 2 7 5 4 6 9 
6 8 2 5 7 4 10 9 1 3 
1 2 4 9 8 5 10 7 3 6 
1 4 2 5 3 8 6 10 7 9 
10 6 3 5 8 7 1 2 4 9 
