4965824117,9296144894
25,10,10
7 61 80 2 76 97 81 43 63 6 
50 6 35 75 64 62 90 44 5 2 
77 35 18 65 67 26 64 46 10 27 
26 84 96 75 95 28 61 74 30 45 
99 29 76 75 5 64 55 99 8 33 
63 95 57 81 97 95 93 81 68 29 
17 88 63 1 84 86 88 46 98 97 
63 90 96 33 1 16 14 46 12 64 
92 27 18 92 60 79 53 40 56 90 
46 8 72 32 99 44 7 19 25 58 
1 99 76 36 6 88 1 99 85 41 
63 97 18 28 25 42 98 40 99 52 
49 86 11 25 55 88 79 85 13 27 
93 15 42 12 97 97 47 41 83 22 
7 68 72 5 50 79 19 15 70 37 
63 45 11 88 89 52 47 10 64 16 
97 43 92 6 53 63 57 55 90 39 
95 19 41 5 8 34 16 34 95 44 
19 93 35 34 98 24 86 72 34 15 
25 42 72 4 14 30 26 92 11 93 
48 29 47 49 98 33 25 99 96 79 
69 62 27 65 32 22 14 48 7 35 
43 22 90 95 37 18 95 53 98 87 
67 8 31 80 82 64 5 65 75 5 
52 17 41 84 48 61 98 53 93 31 
MACHINES
4 7 10 6 1 5 3 8 2 9 
4 3 2 5 8 10 9 6 7 1 
5 10 6 9 2 4 8 3 1 7 
3 5 7 10 8 6 4 9 1 2 
10 6 7 4 2 8 5 9 1 3 
6 3 4 7 8 5 10 9 2 1 
5 4 6 3 9 8 1 7 10 2 
9 2 5 10 8 3 6 7 4 1 
1 7 8 4 2 5 9 6 3 10 
3 5 1 2 4 9 6 8 10 7 
1 4 3 10 7 5 2 9 8 6 
3 6 7 10 1 5 9 2 8 4 
2 6 9 1 5 10 3 8 4 7 
7 6 2 3 1 10 8 4 5 9 
4 10 8 6 7 3 1 5 9 2 
3 8 4 1 10 6 2 7 5 9 
6 9 3 2 5 10 4 7 8 1 
5 6 7 2 8 4 10 9 3 1 
3 7 8 5 6 4 9 1 2 10 
6 10 2 4 9 7 8 1 5 3 
5 6 9 7 2 10 8 1 3 4 
8 5 3 7 1 6 9 4 10 2 
4 10 6 7 1 8 3 9 2 5 
5 9 3 2 7 1 10 8 4 6 
7 10 1 8 6 9 4 3 2 5 
