4262093627,8400735196
25,10,10
26 46 45 90 60 8 22 32 3 38 
11 21 74 71 16 48 59 85 99 30 
46 38 27 90 78 65 58 91 61 85 
35 31 17 86 97 98 60 95 21 62 
5 24 55 7 78 14 37 18 10 39 
6 52 71 95 35 91 93 36 96 6 
95 7 39 50 29 54 5 45 15 81 
10 16 85 58 20 30 85 73 59 4 
11 16 57 59 57 10 52 94 96 43 
78 80 49 61 58 19 75 65 83 30 
50 37 93 84 79 36 32 77 1 55 
8 41 10 10 98 27 87 74 65 35 
63 39 32 47 12 60 20 60 4 75 
2 7 14 61 63 95 50 47 90 34 
77 92 71 52 48 10 47 8 18 29 
11 71 13 33 80 20 59 7 26 45 
2 53 79 25 93 21 76 8 28 15 
61 65 26 58 68 87 67 66 63 67 
33 97 97 91 57 59 25 93 67 45 
96 5 73 51 27 95 81 67 47 82 
14 99 62 69 32 28 49 94 70 71 
39 92 20 56 31 38 97 84 12 80 
33 9 39 88 69 53 81 24 19 28 
47 94 5 82 85 59 3 85 49 53 
67 89 22 12 2 86 52 85 69 56 
MACHINES
8 6 5 2 4 9 10 3 1 7 
5 3 10 2 1 7 9 6 4 8 
1 6 10 7 4 3 2 5 8 9 
2 6 8 1 4 7 3 9 5 10 
10 2 8 5 6 3 9 7 4 1 
10 2 6 4 9 5 3 8 1 7 
5 1 10 6 9 3 7 8 4 2 
8 10 4 1 3 9 5 2 7 6 
8 5 6 1 10 7 4 9 2 3 
3 1 7 5 10 4 6 9 2 8 
1 4 2 7 8 6 5 10 3 9 
6 7 4 8 2 1 9 5 10 3 
10 8 3 5 9 6 2 7 4 1 
4 10 5 7 2 1 9 8 6 3 
1 5 3 10 9 4 7 6 2 8 
10 5 2 6 8 7 9 4 3 1 
6 7 8 5 9 4 2 10 1 3 
10 5 9 3 2 8 6 4 1 7 
7 9 3 4 8 1 10 2 6 5 
2 1 4 3 7 8 5 10 9 6 
9 6 7 2 3 8 5 4 1 10 
3 6 8 9 7 2 4 1 10 5 
2 9 8 6 4 7 1 5 10 3 
5 4 6 10 7 9 8 3 2 1 
2 4 10 5 8 7 3 9 6 1 
