5446876939,2090921907
25,10,10
33 82 23 49 4 43 65 39 31 44 
21 21 15 28 89 39 4 20 65 74 
86 41 26 89 34 48 76 67 54 90 
87 65 2 52 82 5 81 76 7 10 
78 18 31 14 77 98 30 42 76 54 
66 12 31 77 65 3 28 51 75 25 
1 21 19 73 39 18 58 59 91 98 
49 70 26 44 65 1 51 73 30 68 
10 22 21 25 48 87 44 15 31 48 
91 24 80 31 24 95 60 1 47 75 
24 46 52 77 62 22 89 14 5 12 
9 63 57 17 84 37 92 14 63 13 
24 58 35 16 23 74 80 44 64 30 
78 14 45 61 4 29 65 62 88 40 
23 37 70 86 76 55 96 69 74 8 
88 53 32 23 95 58 81 20 85 1 
90 23 16 42 37 98 22 31 9 76 
39 10 11 67 11 84 20 4 9 77 
21 43 59 80 26 86 20 64 18 78 
70 34 47 96 65 66 63 17 63 82 
73 11 89 42 35 15 94 17 6 58 
37 71 76 44 47 33 6 21 24 42 
32 87 97 11 19 15 31 3 28 92 
60 84 29 66 40 53 7 90 37 57 
22 6 93 12 73 73 58 36 41 87 
MACHINES
3 9 6 8 1 4 7 5 10 2 
10 8 9 7 5 3 1 4 6 2 
7 4 1 6 3 2 9 10 5 8 
7 4 9 2 1 10 5 3 6 8 
1 5 8 7 2 9 10 6 3 4 
5 9 6 2 4 3 10 1 7 8 
5 7 2 10 4 1 6 3 8 9 
9 5 4 2 6 7 1 10 3 8 
5 4 2 8 6 1 10 9 7 3 
7 8 9 4 5 2 1 10 3 6 
8 9 10 4 6 7 5 2 3 1 
9 1 2 10 7 6 5 4 3 8 
4 9 5 2 8 7 6 10 1 3 
8 6 3 5 7 1 2 9 10 4 
5 2 3 6 4 10 9 1 7 8 
6 5 3 8 4 2 10 1 9 7 
9 3 2 10 5 6 1 4 7 8 
8 9 5 7 3 10 6 2 4 1 
5 1 3 9 2 4 10 8 6 7 
6 1 3 7 9 2 4 8 10 5 
1 6 4 9 7 10 2 3 8 5 
9 3 10 6 1 5 4 7 8 2 
8 9 5 4 3 6 10 2 7 1 
10 4 2 9 8 3 7 5 6 1 
7 9 5 2 8 6 3 4 1 10 
