9329921358,5565725943
25,10,10
43 95 41 1 84 80 94 46 95 67 
88 24 59 47 13 6 59 71 36 45 
87 13 96 3 61 52 34 9 69 49 
71 18 65 32 21 75 83 22 15 64 
52 29 57 8 85 42 4 47 93 26 
40 28 11 98 73 5 35 96 90 6 
43 12 21 30 32 84 44 91 85 19 
32 5 20 1 32 5 86 48 1 29 
9 33 63 44 15 21 17 12 4 76 
67 25 37 43 54 41 27 31 3 49 
10 4 18 13 40 12 60 26 10 63 
63 13 75 43 30 40 11 57 99 10 
28 69 85 56 99 86 7 16 70 46 
50 85 20 11 66 59 29 96 97 65 
5 54 74 96 72 35 17 30 74 72 
69 64 82 79 29 9 79 75 90 30 
94 41 34 72 16 41 40 90 62 72 
2 59 47 81 1 69 44 34 69 25 
92 2 54 25 63 84 89 96 3 8 
94 37 89 52 78 43 96 54 60 16 
33 28 67 34 70 40 1 35 65 92 
10 79 26 40 16 49 93 74 9 30 
51 5 77 88 36 60 88 89 78 75 
71 89 67 82 78 45 41 13 15 6 
16 94 89 97 34 52 48 94 92 93 
MACHINES
5 10 9 8 6 1 3 4 7 2 
7 6 2 3 8 4 10 1 5 9 
8 3 7 6 4 5 1 10 9 2 
1 6 3 5 2 9 8 7 10 4 
1 7 9 10 3 5 4 6 8 2 
10 8 4 9 2 5 1 6 3 7 
8 4 7 1 2 5 6 10 9 3 
8 5 6 2 9 10 4 7 1 3 
2 5 3 8 4 7 1 9 10 6 
9 5 7 4 8 6 2 3 1 10 
4 3 2 8 6 5 7 10 1 9 
10 8 7 9 1 6 5 2 4 3 
4 6 3 9 8 10 7 1 5 2 
2 9 4 10 7 3 8 1 6 5 
3 6 9 10 1 7 5 8 2 4 
1 9 3 2 5 8 7 4 10 6 
2 1 10 8 9 6 7 3 5 4 
7 6 8 3 5 10 1 4 2 9 
9 4 3 5 8 2 7 6 1 10 
4 9 1 3 10 6 2 5 8 7 
5 9 10 4 6 2 8 3 1 7 
6 2 4 10 8 9 5 1 7 3 
6 5 7 3 9 1 10 8 4 2 
5 10 8 3 9 4 6 2 1 7 
7 9 2 3 8 6 4 10 1 5 
