9242805506,5676557672
25,10,10
83 44 71 14 92 1 10 79 12 42 
21 82 64 25 57 34 24 99 85 20 
26 27 64 46 11 1 19 31 68 43 
30 76 72 44 17 55 15 21 10 19 
34 34 28 82 96 50 94 19 7 89 
90 79 70 41 56 96 10 26 83 19 
80 86 21 77 49 92 34 53 36 70 
36 49 20 10 90 85 10 98 35 88 
77 66 40 81 96 69 2 14 83 54 
25 42 22 30 92 41 55 45 96 95 
70 2 90 88 24 19 68 1 5 10 
48 43 53 58 62 54 87 81 45 4 
61 87 82 25 77 62 39 46 5 32 
20 43 78 3 35 8 97 81 66 98 
60 68 86 75 77 76 64 79 30 86 
49 82 96 57 63 70 44 94 79 94 
54 89 89 73 57 30 11 45 66 88 
78 85 25 77 80 92 58 24 45 77 
22 80 79 90 61 42 1 4 9 12 
63 80 1 24 30 71 40 66 63 44 
18 28 19 19 89 42 13 85 73 57 
43 1 70 55 18 79 22 95 45 42 
19 88 49 54 66 34 10 10 43 26 
4 99 2 22 80 90 64 68 35 59 
77 35 58 99 52 28 72 1 98 62 
MACHINES
7 6 5 8 1 10 2 3 9 4 
4 7 5 2 9 8 6 10 1 3 
4 3 7 2 8 9 6 5 10 1 
3 9 10 8 2 4 5 7 1 6 
1 5 2 7 10 6 4 8 9 3 
3 10 9 5 2 1 8 4 7 6 
9 5 2 3 7 1 10 6 4 8 
7 9 5 3 6 4 8 2 1 10 
8 9 1 7 10 6 2 4 5 3 
4 2 1 5 6 9 10 7 8 3 
8 10 1 9 3 6 4 2 7 5 
4 10 3 5 7 2 1 6 8 9 
7 2 4 3 8 1 10 9 5 6 
9 10 5 4 1 3 6 8 2 7 
10 7 3 6 2 8 4 5 9 1 
3 9 1 4 2 10 8 7 5 6 
3 7 5 8 9 6 1 2 10 4 
10 2 6 7 1 3 8 4 9 5 
3 8 4 1 6 5 10 9 2 7 
1 8 4 10 9 3 5 6 2 7 
3 5 8 1 10 6 7 2 4 9 
1 7 6 10 8 3 4 2 9 5 
9 4 1 8 7 5 6 10 2 3 
1 5 7 9 6 3 2 8 4 10 
3 8 5 10 1 4 7 9 2 6 
