3948600203,1683063074
25,10,10
28 6 31 92 33 22 38 21 96 69 
43 86 81 62 82 69 48 94 78 75 
52 41 5 97 85 19 74 83 33 35 
29 67 30 35 39 62 80 69 55 21 
20 8 59 44 20 59 29 41 97 92 
6 95 27 70 45 57 21 5 46 30 
49 14 41 66 99 91 46 97 96 23 
14 50 54 97 87 85 66 59 1 7 
8 43 9 54 56 14 21 3 15 38 
93 68 38 10 30 11 42 64 11 61 
79 60 85 56 17 20 49 45 54 48 
44 29 42 51 8 67 63 57 27 31 
71 8 60 27 62 95 80 58 37 49 
44 43 49 99 23 76 34 7 1 71 
20 37 64 61 38 92 48 3 81 9 
99 2 84 2 52 80 58 19 50 10 
59 3 23 10 1 94 6 88 68 92 
5 1 96 54 37 89 22 75 62 22 
44 23 36 16 69 10 25 24 27 73 
34 55 98 64 69 83 56 40 79 5 
55 82 36 1 84 17 27 58 87 61 
67 53 68 15 77 82 93 20 79 87 
83 36 30 18 6 77 95 2 3 99 
69 83 60 82 57 99 37 60 1 79 
3 23 19 25 41 61 4 58 47 3 
MACHINES
3 10 7 4 9 8 1 2 6 5 
1 3 5 8 10 2 7 9 4 6 
5 1 7 10 8 6 2 3 4 9 
1 4 3 7 10 5 9 2 6 8 
9 7 4 10 8 6 2 1 5 3 
6 4 3 1 2 7 8 5 10 9 
1 7 6 5 9 4 2 8 10 3 
2 7 9 10 6 3 5 8 1 4 
9 6 2 4 1 5 3 8 10 7 
4 6 8 10 1 5 7 2 3 9 
10 4 6 1 9 3 5 8 7 2 
8 4 9 3 1 10 6 7 5 2 
8 2 10 7 4 1 3 9 6 5 
7 9 8 10 1 4 3 6 2 5 
4 2 9 6 10 8 1 7 3 5 
7 10 5 2 3 4 1 8 6 9 
2 4 7 9 10 6 1 8 3 5 
10 2 1 6 9 7 4 8 5 3 
8 3 7 5 1 2 9 6 10 4 
2 5 1 7 8 6 9 3 10 4 
4 9 2 7 6 1 8 5 3 10 
2 9 8 1 4 7 5 3 6 10 
4 7 5 10 3 2 8 9 1 6 
8 2 5 4 1 6 3 7 10 9 
7 2 10 9 3 6 5 8 4 1 
