8829400255,3658526695
25,10,10
98 32 14 31 30 30 28 95 57 43 
9 4 37 27 96 66 97 75 57 32 
34 57 62 96 35 17 84 93 15 6 
36 7 50 47 46 51 90 23 72 56 
67 30 66 13 3 12 66 15 40 58 
44 32 1 88 37 63 33 29 18 10 
3 66 40 82 23 72 40 4 5 40 
67 21 6 84 44 96 54 41 82 91 
56 26 69 72 39 2 12 19 82 9 
88 33 29 49 46 14 55 56 93 5 
94 71 25 29 71 77 46 76 96 45 
67 3 43 81 73 63 25 46 5 33 
64 75 17 34 38 14 97 70 43 16 
67 32 63 59 86 20 93 1 82 79 
75 21 41 5 2 66 71 29 80 61 
39 91 31 38 32 15 72 63 21 46 
88 87 63 24 56 21 97 25 14 87 
45 18 74 41 5 66 95 70 17 37 
97 36 47 59 35 46 50 90 8 37 
34 75 49 9 64 48 1 78 63 12 
96 85 81 63 36 39 27 93 88 17 
29 76 7 20 98 79 47 55 79 8 
2 24 51 46 90 79 79 71 25 45 
45 42 69 49 86 9 20 15 17 51 
58 50 99 53 39 7 23 1 91 11 
MACHINES
2 3 6 9 10 8 1 7 5 4 
8 10 9 7 5 6 2 1 4 3 
4 7 8 9 1 6 10 5 3 2 
9 10 4 7 3 2 1 5 6 8 
6 7 10 2 5 8 4 9 1 3 
3 8 5 10 4 1 9 7 6 2 
2 6 1 4 7 5 10 8 9 3 
5 8 3 1 10 7 2 9 4 6 
10 4 8 1 3 5 6 7 2 9 
2 7 6 1 3 8 9 4 5 10 
9 8 3 7 10 2 1 4 5 6 
7 8 4 3 6 2 5 9 1 10 
7 10 6 8 2 1 4 5 9 3 
6 3 5 7 4 8 9 1 2 10 
10 9 3 8 1 5 7 2 4 6 
1 10 3 2 5 7 9 6 4 8 
10 6 5 1 9 4 8 7 2 3 
2 10 9 7 5 4 8 6 1 3 
5 8 3 2 6 10 9 7 4 1 
9 3 2 1 8 7 6 10 4 5 
10 6 7 5 1 8 9 3 4 2 
9 7 3 4 1 6 2 5 8 10 
5 3 7 1 10 9 6 2 4 8 
9 8 4 5 6 10 3 1 7 2 
8 3 10 7 4 5 2 1 9 6 
