9996139297,7768001960
25,10,10
25 11 79 73 44 56 96 21 96 66 
60 28 30 34 81 4 96 58 56 6 
86 69 11 70 95 7 65 82 38 97 
47 19 19 51 18 91 32 44 26 26 
54 11 64 73 66 21 22 80 34 46 
87 91 85 30 41 18 81 35 62 10 
39 24 51 25 97 14 75 27 31 80 
72 75 72 40 52 53 65 64 23 79 
89 37 59 4 25 10 16 73 94 27 
73 35 71 4 66 6 32 62 66 96 
33 62 70 66 26 3 9 80 53 75 
87 92 17 9 86 41 32 30 98 88 
47 9 11 33 66 63 92 74 27 24 
6 63 41 94 65 71 85 87 69 5 
35 46 74 18 43 27 55 82 10 65 
11 20 38 17 55 53 28 72 45 3 
27 5 37 27 60 38 46 84 84 39 
57 83 11 89 17 93 14 84 87 42 
19 25 67 71 39 94 35 20 13 72 
82 88 75 78 26 37 31 50 8 52 
45 79 15 82 35 85 7 92 70 76 
61 99 30 31 51 9 36 86 98 35 
32 21 46 69 12 10 27 62 32 31 
29 69 57 70 14 60 52 75 33 48 
99 67 25 69 88 49 86 43 49 22 
MACHINES
5 2 4 6 1 10 3 9 7 8 
3 5 8 1 10 7 4 2 6 9 
3 1 8 6 5 7 2 4 10 9 
6 7 2 8 1 4 5 3 9 10 
3 4 7 8 9 10 6 2 5 1 
1 7 5 6 9 2 4 8 10 3 
5 1 6 2 4 8 3 7 9 10 
6 1 5 4 8 2 7 10 9 3 
9 6 5 7 2 1 10 8 4 3 
2 5 8 4 6 3 7 10 9 1 
7 2 5 4 8 10 6 3 9 1 
5 1 10 9 3 7 4 8 6 2 
9 5 10 1 4 6 3 2 7 8 
10 8 2 5 4 1 7 6 3 9 
3 8 1 6 10 2 4 5 9 7 
6 8 10 1 9 4 2 7 5 3 
7 10 8 9 4 1 5 3 2 6 
8 2 6 1 10 9 4 5 7 3 
3 9 7 10 6 1 8 5 2 4 
6 3 4 5 1 9 2 7 10 8 
5 3 1 7 6 4 2 8 10 9 
7 8 10 1 2 6 5 3 9 4 
4 7 8 1 9 6 5 10 2 3 
7 5 8 10 3 4 1 6 9 2 
10 1 7 4 2 5 6 9 3 8 
