5174649443,8796544631
25,10,10
1 7 11 48 83 90 18 34 62 42 
72 96 89 25 71 72 11 58 9 57 
14 63 51 19 63 40 4 91 1 87 
93 75 31 22 82 57 71 3 84 47 
77 88 48 46 74 40 27 87 96 29 
2 51 96 10 82 83 43 96 97 32 
31 97 81 69 19 13 9 31 44 60 
39 72 67 98 79 86 72 3 46 52 
1 64 44 38 23 64 56 19 36 27 
86 69 49 69 70 51 72 40 20 39 
50 62 43 58 8 5 76 61 66 83 
69 78 73 33 95 55 70 63 16 19 
37 2 68 94 60 60 36 69 50 30 
84 15 13 52 52 57 21 16 46 36 
30 71 61 63 39 15 8 71 69 5 
48 36 26 55 85 47 59 54 81 21 
34 32 35 39 45 40 84 55 38 91 
13 5 65 80 25 45 76 40 87 55 
57 42 91 91 47 90 29 79 75 71 
96 13 11 15 68 6 83 1 42 56 
9 89 16 9 78 17 53 49 32 71 
75 88 33 62 26 56 19 72 51 38 
23 41 4 89 35 18 38 94 87 58 
48 66 9 72 19 60 10 37 36 67 
90 41 46 8 53 88 85 13 53 54 
MACHINES
8 3 7 1 6 4 2 5 9 10 
7 5 6 1 2 4 8 10 3 9 
2 6 10 5 8 4 9 1 7 3 
5 6 2 3 1 8 10 7 9 4 
8 4 5 10 2 9 7 1 3 6 
4 8 9 1 5 10 7 2 6 3 
4 1 3 5 7 10 2 6 9 8 
2 4 7 5 9 3 10 1 6 8 
7 2 1 9 4 5 10 3 8 6 
8 7 1 6 3 10 4 2 5 9 
9 4 2 1 3 8 6 10 7 5 
4 1 6 9 7 10 2 3 5 8 
9 10 6 5 3 2 4 8 7 1 
9 3 5 7 1 2 8 6 10 4 
3 7 5 8 10 4 6 9 2 1 
7 9 5 6 4 10 1 3 8 2 
6 5 1 2 8 7 10 3 4 9 
3 5 9 1 4 10 8 2 7 6 
8 9 2 1 5 6 4 7 3 10 
10 7 3 5 9 4 2 6 8 1 
3 9 8 1 6 7 5 2 4 10 
1 5 6 8 10 2 3 9 7 4 
3 10 7 5 6 4 2 9 1 8 
1 8 7 9 2 10 3 4 5 6 
7 10 4 8 6 2 3 5 9 1 
