5383137928,1393846830
25,15,15
76 3 8 46 99 76 18 60 90 4 1 66 52 66 53 
33 45 45 38 87 7 6 59 69 98 28 45 68 83 29 
86 45 25 96 45 59 39 3 24 7 58 75 78 45 11 
53 54 64 68 34 36 24 64 90 54 47 6 44 29 96 
1 50 87 70 18 46 71 90 39 70 83 29 98 70 40 
81 73 93 35 94 78 37 12 17 26 38 44 48 35 23 
8 24 75 79 18 79 73 21 19 12 10 78 54 82 76 
93 95 76 87 74 77 38 84 76 96 64 84 54 86 51 
31 33 29 74 74 39 62 72 7 41 67 41 22 19 74 
6 95 98 33 47 45 10 32 27 49 12 86 36 50 98 
39 28 49 10 93 91 93 17 40 57 16 42 33 71 62 
26 18 41 90 91 72 60 91 54 97 20 1 72 67 64 
12 12 30 47 21 90 24 49 42 37 74 70 4 31 28 
11 89 17 61 38 67 36 62 63 72 58 92 65 70 79 
25 67 41 96 46 72 47 8 75 55 5 82 35 12 9 
70 51 39 60 60 40 23 34 5 54 88 4 40 50 52 
69 60 42 98 75 23 4 93 20 30 8 28 15 22 42 
32 16 75 98 8 27 85 80 6 8 24 66 67 60 60 
31 66 58 74 62 84 90 77 69 56 16 85 73 95 26 
2 83 21 44 4 62 80 49 76 70 2 58 13 29 8 
35 78 46 38 67 28 22 95 4 92 40 41 45 92 39 
26 44 64 48 87 79 28 82 53 76 73 19 87 50 31 
9 92 10 44 77 79 5 80 26 6 24 9 28 98 25 
57 44 68 23 44 80 57 27 34 95 93 36 38 62 98 
24 92 79 97 61 56 37 65 62 42 56 62 13 49 26 
MACHINES
7 6 9 14 10 12 4 5 13 11 15 8 1 3 2 
4 12 5 13 15 11 14 7 6 8 3 1 9 2 10 
4 3 9 15 5 1 11 8 2 6 14 10 7 12 13 
5 11 3 9 15 4 12 6 13 2 1 7 14 8 10 
1 5 8 14 11 10 3 13 4 15 9 6 7 2 12 
12 15 7 9 2 10 4 1 13 14 11 6 3 5 8 
11 4 15 3 14 12 10 8 2 1 5 7 6 9 13 
15 11 14 9 6 3 10 5 8 13 2 7 1 12 4 
5 13 11 15 9 1 4 12 14 6 3 10 2 8 7 
14 4 12 2 9 5 10 6 11 15 8 1 3 7 13 
9 11 4 7 5 15 1 14 3 10 12 2 6 13 8 
1 6 10 2 5 3 11 4 8 14 9 7 15 12 13 
3 15 4 14 2 12 11 9 7 6 5 13 8 1 10 
4 11 6 9 8 3 5 10 14 1 2 7 15 12 13 
10 4 15 3 13 7 14 2 5 11 9 8 6 1 12 
11 1 15 2 8 3 14 5 10 4 13 7 9 6 12 
14 6 15 13 3 5 1 2 10 9 7 8 12 11 4 
13 8 2 7 15 12 11 10 6 14 9 3 1 4 5 
14 10 9 3 5 8 13 11 7 1 15 2 6 4 12 
15 8 7 1 14 13 5 10 11 4 2 12 3 6 9 
2 9 1 5 11 10 6 3 12 4 15 14 8 7 13 
1 8 13 15 11 9 5 12 2 4 14 7 10 6 3 
9 5 3 4 1 7 11 8 15 2 12 13 6 14 10 
7 10 9 5 15 8 6 2 12 1 4 13 11 3 14 
10 14 13 4 5 9 12 1 11 8 3 15 6 2 7 
