6571976069,8269920413
25,15,15
45 25 20 42 6 63 95 69 11 3 7 21 31 57 96 
63 55 29 84 51 31 5 54 75 62 95 36 76 2 40 
45 15 75 80 97 91 62 38 67 69 83 76 5 98 80 
14 78 14 97 6 2 35 77 30 5 63 6 3 45 68 
99 7 20 54 50 68 9 50 46 54 15 42 28 21 84 
50 39 27 63 39 61 75 67 76 44 50 44 78 41 12 
37 93 98 63 56 97 18 96 31 79 53 35 88 94 35 
33 26 7 1 95 57 66 34 76 53 9 8 50 32 39 
48 43 18 14 97 59 50 73 97 19 3 56 93 51 88 
12 77 66 22 93 99 61 28 7 58 77 84 74 2 52 
20 43 58 64 98 6 3 19 6 76 19 60 17 82 74 
11 23 57 74 44 33 18 85 20 83 10 57 96 80 11 
19 49 36 42 28 92 16 75 36 81 72 3 13 53 63 
30 24 94 91 12 50 62 28 31 38 94 76 72 85 53 
30 61 46 12 7 64 16 10 91 14 99 57 45 54 63 
24 78 65 25 14 2 51 31 25 70 89 56 8 44 27 
64 83 69 24 60 36 23 19 50 24 97 56 57 22 46 
66 32 22 76 20 55 43 70 29 13 22 85 11 77 30 
28 77 40 44 13 98 98 88 97 9 20 2 91 33 55 
44 58 28 22 77 58 66 81 75 95 36 32 21 60 6 
93 92 11 2 91 63 24 62 97 6 55 66 65 99 70 
33 8 20 34 71 84 45 84 39 66 10 19 37 31 25 
49 78 78 7 60 50 56 96 46 59 92 52 83 61 67 
74 39 74 6 99 78 35 32 82 56 57 19 58 23 92 
27 7 59 26 30 43 3 28 2 63 15 48 41 90 81 
MACHINES
11 13 3 4 1 12 15 10 7 9 14 6 8 5 2 
6 14 10 1 9 8 11 4 5 2 12 7 13 15 3 
2 11 10 6 8 7 1 5 3 9 12 14 15 13 4 
5 11 3 8 6 4 7 15 13 12 9 2 14 1 10 
9 1 11 10 14 2 4 5 8 12 13 15 6 3 7 
14 15 8 7 10 13 9 3 4 2 1 6 5 12 11 
8 7 15 3 9 14 11 10 1 6 12 2 13 4 5 
9 8 12 5 7 13 10 15 11 3 6 2 1 14 4 
1 15 12 2 5 3 13 7 14 10 11 4 6 8 9 
14 4 2 10 3 8 11 1 9 13 12 7 15 6 5 
10 3 6 13 14 2 12 9 5 4 1 11 8 15 7 
6 2 7 9 4 5 12 1 10 3 13 11 8 14 15 
9 6 5 15 12 11 10 3 13 8 1 2 4 7 14 
2 13 4 3 11 15 7 9 12 14 8 6 5 1 10 
9 15 11 12 2 6 14 13 8 10 5 3 7 4 1 
5 7 9 1 12 11 10 8 3 4 13 14 2 6 15 
13 1 2 3 10 6 11 15 14 5 8 9 7 4 12 
12 13 3 7 15 14 11 6 4 1 8 9 10 2 5 
14 7 10 15 12 11 4 13 2 6 1 3 8 9 5 
3 6 9 5 1 13 4 11 7 12 10 15 14 2 8 
6 7 14 12 5 9 8 3 4 10 1 15 11 2 13 
9 10 5 1 8 11 7 2 15 13 6 3 14 4 12 
5 12 8 3 4 1 14 6 15 10 2 9 7 11 13 
6 11 9 13 7 10 1 2 5 14 3 12 4 15 8 
11 6 12 10 2 8 1 13 4 14 7 3 9 5 15 
