3253672067,8812719695
25,15,15
60 21 55 71 99 75 85 59 46 83 37 3 55 34 9 
25 35 24 78 4 49 21 40 4 24 10 3 98 23 61 
62 82 28 76 42 19 4 5 97 85 56 65 71 31 39 
21 26 31 13 70 11 39 65 83 85 46 23 85 21 20 
97 9 36 93 50 62 52 69 83 61 69 55 52 59 78 
80 70 67 38 36 81 62 53 94 15 71 20 69 51 69 
94 91 59 67 73 39 56 85 32 87 69 1 91 60 54 
20 75 21 5 66 14 30 97 10 23 18 61 99 63 49 
88 88 42 99 32 94 20 31 40 62 57 13 33 14 5 
72 40 92 67 77 82 63 99 63 27 58 95 3 46 15 
97 77 61 4 76 35 86 49 97 32 64 23 95 56 82 
95 80 83 68 53 2 13 2 76 96 63 81 8 50 1 
97 60 38 96 12 30 33 46 24 66 29 78 26 45 19 
18 23 97 47 57 45 38 79 22 16 27 29 15 72 92 
32 49 80 6 85 13 72 24 63 23 26 29 91 95 5 
8 98 11 68 50 8 77 76 73 79 35 70 84 34 33 
44 53 94 11 53 55 67 42 65 16 60 10 66 58 13 
76 57 38 93 43 16 75 27 11 3 90 24 60 44 66 
58 97 80 11 12 10 21 4 68 14 20 80 15 43 49 
47 97 74 16 84 30 74 38 51 22 12 12 69 84 77 
36 47 86 52 7 35 56 18 65 19 87 49 44 97 61 
34 59 55 17 63 85 39 61 64 15 42 49 53 38 48 
44 47 90 82 12 56 65 24 73 64 11 87 68 26 92 
77 78 32 8 49 95 10 80 23 15 73 86 62 92 37 
10 7 66 91 3 29 26 51 21 84 65 44 64 51 38 
MACHINES
7 2 9 13 11 3 4 12 15 14 5 6 1 10 8 
15 12 8 14 6 10 2 1 9 4 3 7 11 5 13 
3 5 8 9 14 15 2 10 13 6 4 7 1 11 12 
1 13 12 7 8 5 9 6 11 14 15 3 2 10 4 
13 1 9 5 15 12 4 2 10 7 11 3 6 14 8 
5 7 13 9 12 10 3 11 15 4 14 1 8 2 6 
2 6 11 12 14 9 3 13 15 4 5 7 10 8 1 
15 6 7 8 4 11 5 14 10 2 13 9 12 1 3 
12 6 13 8 1 15 3 4 5 11 10 14 7 2 9 
1 3 13 15 2 4 8 10 12 14 6 11 5 7 9 
5 1 2 12 8 15 14 10 6 4 11 13 3 9 7 
3 8 4 6 10 9 5 2 15 14 11 12 7 13 1 
6 10 2 14 1 15 3 9 4 8 7 12 5 11 13 
5 13 2 1 8 12 9 3 10 6 14 11 7 4 15 
10 11 7 1 13 2 4 15 8 3 14 6 5 12 9 
14 5 4 8 12 11 15 9 7 10 2 3 1 6 13 
7 1 10 8 13 4 15 12 2 3 11 14 9 6 5 
6 8 10 14 2 11 7 3 5 4 15 13 1 9 12 
1 12 15 5 11 13 14 3 10 4 2 9 7 8 6 
5 6 1 9 4 13 10 2 3 11 8 12 14 15 7 
2 12 4 11 9 14 15 6 13 7 3 1 8 5 10 
12 6 7 5 4 15 11 10 9 14 1 3 8 2 13 
1 3 4 15 13 6 14 5 10 11 12 7 9 2 8 
10 1 8 15 3 4 6 13 9 2 7 11 5 12 14 
4 3 2 15 9 6 10 11 8 14 12 7 13 5 1 
