6316537891,4961924268
25,15,15
85 15 23 12 51 34 87 32 29 50 13 76 74 22 34 
8 31 98 21 47 21 7 48 3 79 2 26 34 23 7 
47 14 47 44 36 23 87 81 77 31 60 69 13 5 13 
54 26 35 22 53 64 37 78 34 46 54 57 57 21 63 
98 20 77 5 45 5 19 2 22 4 80 63 7 89 68 
99 60 23 96 86 60 55 3 42 68 99 25 39 61 80 
47 54 65 28 30 39 77 68 94 82 66 18 19 79 76 
80 60 99 80 79 54 12 26 20 56 95 39 55 35 90 
60 14 77 24 59 74 72 39 95 42 99 7 42 97 32 
59 81 45 37 13 88 82 70 59 7 6 62 69 17 57 
24 81 4 22 45 41 4 76 83 24 15 69 57 19 12 
42 3 82 75 58 97 64 32 43 36 15 45 45 61 45 
89 23 90 78 5 94 4 20 35 21 61 47 97 71 3 
65 87 66 18 60 95 57 44 45 7 36 20 26 65 29 
96 43 68 67 22 6 30 93 69 88 82 30 79 22 17 
2 94 99 25 25 78 36 82 30 39 97 59 99 54 49 
68 67 17 84 91 75 26 89 56 78 73 14 51 5 35 
57 93 34 47 6 47 97 76 77 18 83 17 27 20 19 
14 15 81 69 92 74 64 54 64 58 75 39 16 45 94 
88 56 19 78 39 55 31 41 53 91 3 13 85 81 34 
3 43 41 76 55 60 11 43 56 96 15 57 7 38 82 
89 87 13 50 88 89 52 13 2 3 38 70 96 51 71 
32 61 71 82 28 7 37 59 57 46 97 74 66 45 27 
6 61 67 65 74 25 81 58 22 39 35 49 60 99 50 
82 13 62 14 58 26 82 73 7 12 5 45 71 84 37 
MACHINES
9 14 6 4 7 3 2 15 13 1 5 10 8 11 12 
2 1 14 15 5 12 8 6 9 10 13 7 11 3 4 
12 3 4 7 14 10 6 13 9 5 8 2 15 1 11 
12 4 2 7 14 13 10 5 3 8 6 11 1 15 9 
15 9 5 7 2 1 10 11 13 4 3 14 12 6 8 
10 2 14 11 9 3 8 1 7 12 4 15 5 6 13 
10 15 9 11 2 4 1 14 8 5 3 7 13 12 6 
4 10 15 9 14 5 7 1 3 8 11 2 12 6 13 
3 13 4 11 7 5 1 14 6 12 2 10 9 8 15 
4 7 10 8 12 6 5 11 15 3 9 2 13 14 1 
13 8 1 3 14 2 12 6 5 9 7 10 11 4 15 
10 14 11 12 7 2 1 8 13 6 9 5 4 15 3 
14 4 12 11 3 10 9 7 5 8 15 1 13 6 2 
13 11 8 3 12 14 4 10 1 6 9 15 2 5 7 
14 13 6 1 10 15 5 12 9 11 4 7 8 3 2 
8 1 4 5 10 7 11 13 9 14 6 15 12 2 3 
13 5 8 11 14 15 2 4 6 1 12 10 9 7 3 
13 10 14 11 3 12 8 5 2 7 15 6 1 4 9 
2 5 15 12 4 7 3 1 14 6 10 13 9 11 8 
6 9 10 7 8 1 4 5 3 2 14 13 12 11 15 
1 3 15 9 5 13 10 14 4 11 6 8 7 2 12 
1 2 8 14 15 12 9 3 10 5 13 4 6 11 7 
14 7 13 6 15 9 10 3 4 2 8 1 5 11 12 
9 2 3 7 15 13 1 10 6 5 14 11 12 4 8 
4 5 2 8 14 1 12 6 9 11 13 10 7 15 3 
