8500022169,4914517202
25,15,15
82 54 85 4 92 74 65 88 74 69 82 53 73 89 8 
5 16 56 15 11 7 76 89 71 17 67 61 93 27 28 
78 37 8 10 87 60 53 98 4 83 84 43 81 26 5 
10 49 12 82 22 12 6 51 62 87 70 88 75 72 56 
13 3 58 35 73 73 96 67 86 76 51 47 87 11 3 
12 82 50 8 9 22 91 86 52 60 64 11 90 97 22 
48 28 62 1 67 73 48 26 24 86 63 60 34 56 66 
46 35 48 91 89 94 3 16 63 96 47 89 45 74 10 
70 69 50 17 50 46 55 3 67 65 13 90 33 6 19 
94 70 63 37 3 6 53 1 70 44 43 35 65 97 10 
34 4 29 49 9 97 36 65 54 71 55 76 3 16 2 
34 2 38 44 43 60 85 95 97 24 69 31 70 65 98 
70 25 48 99 50 59 81 39 80 15 30 90 40 53 81 
41 36 35 67 16 33 63 57 16 72 3 60 9 60 66 
16 54 91 23 82 66 91 8 18 4 17 72 36 97 13 
39 43 36 19 66 94 8 53 79 75 65 69 97 21 61 
73 89 15 97 64 58 10 19 54 32 52 33 44 17 36 
79 82 46 97 61 29 40 41 52 66 24 88 5 62 28 
89 86 15 64 44 1 36 15 19 89 96 28 83 10 16 
86 31 96 94 8 80 86 81 9 55 14 18 31 58 37 
9 58 15 38 33 4 7 42 6 43 61 67 33 16 59 
45 78 24 87 56 57 82 12 28 75 76 78 93 70 99 
63 12 24 59 59 87 40 51 81 11 36 38 15 66 65 
61 50 58 24 51 4 13 52 80 15 32 39 90 27 72 
70 52 72 65 71 86 52 75 56 11 32 38 94 42 13 
MACHINES
5 1 11 2 15 14 13 9 4 6 7 10 12 8 3 
5 7 8 3 13 2 4 10 9 15 6 12 1 11 14 
1 8 9 13 6 4 7 11 2 12 10 15 5 3 14 
7 9 15 6 14 2 10 11 3 13 4 12 8 5 1 
2 3 11 10 5 9 1 15 13 7 8 12 6 14 4 
6 3 14 11 5 1 2 12 8 10 13 15 7 4 9 
6 4 15 13 14 11 7 5 2 1 3 8 10 9 12 
2 1 15 3 12 6 5 13 11 14 8 10 7 4 9 
11 7 1 10 12 9 2 6 4 8 15 5 13 3 14 
1 14 13 7 5 9 6 10 3 8 2 4 12 15 11 
11 2 7 15 1 4 9 13 3 5 6 12 8 10 14 
9 14 8 11 1 13 12 15 2 3 4 6 10 5 7 
10 11 7 15 14 6 9 12 5 3 2 13 1 8 4 
12 4 14 5 2 10 1 9 11 15 7 3 6 8 13 
13 1 11 2 3 5 6 7 8 14 15 4 12 10 9 
12 3 13 15 6 1 5 4 8 2 7 11 9 14 10 
5 15 10 11 3 14 13 7 12 6 9 2 1 4 8 
4 10 12 13 8 15 2 11 14 3 7 1 6 5 9 
15 7 3 2 12 13 6 11 1 14 5 10 9 4 8 
1 8 11 2 7 3 5 6 9 12 13 10 14 15 4 
9 3 1 13 10 7 12 4 8 5 14 11 15 6 2 
7 10 15 9 14 2 5 6 1 8 4 3 13 11 12 
8 15 10 5 1 2 3 12 13 4 6 14 7 11 9 
5 14 10 9 12 11 6 7 3 1 2 15 8 13 4 
14 4 10 15 6 9 3 11 5 7 12 13 2 1 8 
