6511088470,8569406013
25,15,15
34 65 47 37 81 92 7 74 78 78 84 5 57 83 81 
85 53 21 6 12 86 86 81 63 53 7 84 54 1 29 
56 38 4 17 82 8 71 61 70 70 71 76 76 24 8 
40 32 36 99 73 47 63 70 31 92 45 41 60 30 66 
15 91 70 34 41 57 52 96 51 58 85 11 48 11 89 
5 44 19 36 20 47 48 70 71 64 73 84 39 97 67 
45 32 16 31 49 10 99 72 18 48 4 21 29 36 92 
34 85 52 35 49 98 20 87 81 46 66 43 57 82 18 
5 61 47 67 5 25 94 6 77 81 67 36 45 15 91 
34 73 67 37 65 14 25 28 54 57 27 19 7 16 44 
49 32 15 35 13 92 94 72 28 77 87 99 86 26 96 
95 87 59 57 8 39 98 72 86 28 35 93 20 44 27 
38 6 38 20 9 40 12 91 98 30 94 87 12 78 36 
28 94 15 56 84 65 15 57 9 77 62 36 37 85 23 
21 89 38 2 17 66 71 53 57 16 75 67 50 69 39 
68 24 49 41 33 69 78 39 3 87 72 54 63 49 72 
58 80 76 67 37 22 83 92 27 30 62 38 14 11 94 
37 96 28 10 76 7 65 80 35 7 34 54 51 34 99 
83 14 43 97 20 44 71 40 94 74 19 98 96 18 9 
41 57 39 92 9 7 65 19 96 45 46 11 44 84 29 
22 26 29 65 62 91 96 38 21 7 74 85 40 49 82 
14 65 74 73 29 82 87 69 66 46 24 88 49 23 78 
4 13 64 98 68 74 71 85 47 40 66 64 64 56 74 
81 14 87 57 55 56 9 7 91 92 76 73 46 17 64 
1 13 93 71 83 26 44 95 12 34 13 15 3 11 92 
MACHINES
3 12 5 2 4 11 8 13 14 9 15 7 1 10 6 
6 1 9 14 5 12 15 11 7 2 10 3 8 13 4 
7 2 15 3 12 8 1 13 11 6 14 4 10 5 9 
6 5 2 7 10 11 14 12 3 8 4 15 1 13 9 
13 1 11 2 3 6 9 4 10 5 14 15 8 7 12 
12 14 2 7 15 5 1 3 13 8 10 9 4 11 6 
4 9 6 11 12 14 3 15 2 8 5 10 7 1 13 
10 6 3 9 11 14 5 15 13 12 1 8 4 2 7 
14 15 5 1 7 4 3 6 10 9 12 2 13 11 8 
2 10 13 14 4 5 7 3 1 9 6 11 12 15 8 
14 10 4 2 13 15 11 12 8 3 6 1 9 7 5 
15 9 12 8 14 3 13 2 5 7 11 6 10 4 1 
10 15 1 12 5 8 14 3 7 2 9 4 11 6 13 
3 15 14 11 13 10 8 1 12 5 9 2 6 7 4 
2 15 6 10 5 11 12 8 7 9 13 3 14 4 1 
5 4 6 12 11 14 15 13 3 1 2 9 7 8 10 
8 2 5 3 15 11 9 4 1 10 12 13 14 6 7 
11 1 14 7 13 15 4 9 12 2 10 8 3 6 5 
13 11 1 2 9 6 10 12 15 14 4 5 3 8 7 
8 12 4 2 9 15 10 3 5 1 13 14 6 11 7 
3 8 9 11 4 13 7 2 6 10 5 14 1 12 15 
3 4 13 1 6 15 8 9 14 5 11 10 2 7 12 
5 12 1 3 14 11 13 9 4 15 6 7 8 10 2 
5 14 8 4 2 13 7 6 1 9 15 3 10 12 11 
13 3 9 15 1 10 11 2 7 4 5 8 14 6 12 
