6150105770,3631089255
25,15,15
25 16 44 83 19 76 44 2 20 18 84 49 55 6 56 
39 3 24 65 43 96 48 33 47 7 44 67 64 75 20 
20 9 24 72 91 62 16 90 91 71 8 77 27 60 22 
56 98 39 5 82 96 68 25 95 6 31 82 78 44 99 
9 1 62 64 48 7 45 67 30 57 79 8 78 61 11 
51 51 11 95 87 6 29 59 70 80 27 18 1 23 29 
40 47 48 9 1 84 14 88 43 20 35 98 4 61 6 
20 47 36 52 9 14 32 37 61 79 29 43 53 19 16 
73 92 80 79 76 64 10 39 79 18 60 25 46 73 8 
52 35 8 9 37 18 85 11 44 41 3 24 63 65 97 
60 66 63 21 54 43 47 18 92 32 52 86 46 38 23 
67 79 70 45 58 99 13 30 37 74 97 72 52 9 8 
23 60 89 14 80 83 69 21 10 28 47 78 32 95 8 
59 67 67 33 5 50 6 40 1 90 43 73 64 69 50 
9 44 74 1 33 18 54 86 35 39 40 79 79 49 79 
20 50 91 84 93 67 31 66 6 10 85 37 14 4 53 
21 75 79 82 3 37 98 32 84 93 37 25 8 12 70 
60 44 77 52 39 1 94 85 2 11 92 78 45 73 30 
60 51 4 1 37 67 73 47 68 5 49 54 96 66 22 
47 32 36 27 77 78 74 40 5 81 86 98 88 44 26 
34 16 13 74 58 54 90 94 20 72 53 80 96 27 56 
81 19 81 17 12 37 66 40 5 7 38 7 58 18 63 
70 3 94 37 26 6 77 74 4 74 76 78 3 34 1 
48 54 47 96 16 57 77 81 7 22 66 92 31 40 47 
26 70 33 6 51 21 26 8 25 19 71 10 18 43 9 
MACHINES
15 13 14 2 3 8 12 10 9 4 6 1 7 5 11 
7 9 8 4 12 10 15 13 14 2 3 11 5 1 6 
3 12 11 1 4 6 13 9 8 15 14 5 2 10 7 
2 6 5 3 15 1 11 12 14 7 10 13 9 8 4 
1 2 10 7 5 11 6 3 8 15 14 12 9 13 4 
14 8 5 13 3 1 6 9 10 7 15 4 12 2 11 
6 14 1 12 11 7 13 9 15 10 4 8 3 5 2 
9 1 2 13 8 5 7 6 4 10 3 11 12 14 15 
8 15 4 5 6 13 12 14 3 2 11 10 9 7 1 
1 7 14 6 2 10 9 8 4 11 5 3 12 15 13 
12 1 8 3 10 14 9 2 11 6 5 4 7 13 15 
12 13 4 7 10 9 11 3 2 15 8 5 14 1 6 
3 11 7 5 2 9 1 8 4 10 15 12 6 14 13 
8 2 10 7 9 4 1 6 5 11 3 14 12 15 13 
5 15 14 11 2 8 7 1 9 6 13 12 4 3 10 
8 9 2 1 5 6 15 3 10 14 7 11 13 12 4 
10 4 8 2 9 3 15 5 7 6 12 14 11 1 13 
13 15 9 10 7 1 5 2 12 3 8 14 4 6 11 
15 14 13 6 9 11 4 10 7 12 1 2 8 5 3 
15 13 11 7 9 3 5 2 6 1 12 8 14 4 10 
2 5 8 11 14 7 1 3 15 10 9 6 4 13 12 
3 15 1 10 2 7 5 6 13 11 12 4 8 14 9 
12 3 8 11 6 5 7 15 1 4 9 14 10 13 2 
6 14 2 9 15 12 4 1 10 5 3 11 7 8 13 
6 7 13 11 5 12 2 10 4 1 14 3 9 15 8 
