5312910236,5000177855
25,15,15
24 37 16 83 38 63 20 82 45 51 21 14 90 46 64 
50 66 22 17 82 26 76 72 42 55 85 21 25 82 48 
56 16 89 34 77 75 37 15 62 93 11 55 64 3 60 
29 90 46 65 21 31 1 76 8 60 22 61 43 43 41 
75 64 32 42 32 14 25 70 41 70 22 71 82 91 69 
77 13 25 5 50 72 85 52 18 87 90 76 38 54 28 
5 36 98 50 15 60 38 14 65 88 4 94 63 14 28 
84 89 67 30 40 49 14 74 93 29 52 21 14 28 52 
36 73 28 63 12 30 66 23 34 70 45 73 70 64 65 
51 87 3 93 18 93 49 41 26 15 33 58 52 59 39 
44 39 43 62 63 82 62 42 13 94 41 12 3 55 58 
6 91 73 73 98 87 65 29 85 63 47 32 42 49 26 
18 10 5 51 11 74 79 61 53 83 10 56 9 3 34 
19 41 57 81 84 26 70 69 95 39 90 54 51 42 88 
12 43 82 6 24 37 99 17 31 81 25 69 32 70 97 
69 15 33 13 72 80 35 70 30 23 43 3 95 85 82 
18 73 84 62 54 59 11 22 44 12 25 5 14 36 98 
8 43 40 66 70 74 71 64 53 31 84 5 34 47 74 
84 60 87 25 20 74 93 26 4 30 35 65 2 59 31 
33 41 50 23 95 79 71 41 8 97 30 34 65 79 51 
1 3 54 80 35 74 74 81 20 98 60 11 91 43 69 
52 18 97 33 37 60 57 21 22 71 53 94 96 8 21 
27 66 81 3 87 33 30 4 63 54 46 64 39 87 78 
36 32 38 53 43 65 84 59 32 15 9 95 50 7 84 
85 1 49 89 55 83 70 72 91 31 72 84 60 59 82 
MACHINES
12 2 11 3 5 9 7 8 14 1 4 15 13 10 6 
3 9 7 10 15 6 2 12 14 5 11 13 8 1 4 
6 14 9 12 1 2 7 11 15 8 3 4 5 13 10 
8 4 6 14 7 1 10 12 2 15 13 3 11 5 9 
5 12 8 2 7 15 13 6 3 1 11 10 9 14 4 
7 9 12 2 1 6 4 3 14 5 15 8 11 13 10 
10 15 6 1 7 5 2 8 12 4 14 11 9 3 13 
15 7 1 11 14 12 4 8 2 3 13 10 6 5 9 
15 1 11 7 10 12 9 3 13 5 8 6 2 14 4 
6 13 8 12 10 11 4 7 9 3 14 2 15 1 5 
8 3 9 6 1 10 13 7 4 2 5 11 12 15 14 
5 7 6 9 11 12 1 8 10 13 15 3 2 4 14 
3 15 14 4 10 5 7 2 9 6 11 12 1 13 8 
3 7 12 4 2 1 15 9 5 13 8 6 14 10 11 
1 13 9 11 12 5 10 7 3 14 4 15 2 6 8 
2 15 9 7 3 11 8 1 14 6 5 4 13 10 12 
2 15 3 14 6 13 8 4 10 12 9 1 7 11 5 
6 11 3 1 7 9 13 8 14 2 12 4 10 15 5 
15 14 1 10 6 7 5 11 13 8 3 12 2 4 9 
6 3 14 1 13 5 7 15 10 2 4 8 12 9 11 
6 3 2 12 1 13 7 10 9 4 11 8 15 14 5 
2 15 5 4 8 9 12 10 7 14 1 13 6 11 3 
3 7 13 6 5 1 9 12 2 11 14 8 15 10 4 
3 13 9 5 12 7 6 14 15 4 11 2 10 1 8 
3 15 4 14 5 9 10 8 2 6 12 11 1 7 13 
