5123130205,2187800684
25,15,15
54 87 73 34 42 62 53 90 33 7 45 10 60 6 72 
30 55 6 97 96 48 85 11 58 83 3 90 99 46 14 
60 57 6 55 58 44 55 55 94 70 89 25 12 8 48 
43 30 4 82 79 32 25 64 25 46 96 33 72 67 24 
20 22 20 89 54 29 94 48 33 20 47 20 20 62 27 
51 61 82 68 21 72 49 70 85 73 27 98 38 29 81 
54 60 74 84 18 86 67 59 43 9 27 86 81 64 1 
16 39 44 2 40 11 49 53 99 99 22 12 69 22 74 
77 51 3 82 41 79 13 79 5 25 35 17 16 51 68 
76 70 55 81 15 66 1 45 2 98 91 97 2 66 16 
99 35 67 40 91 86 79 20 3 69 34 63 78 27 24 
82 98 21 57 83 87 15 65 3 39 15 9 40 28 62 
87 66 84 27 12 7 63 28 83 85 73 74 57 56 65 
93 70 58 79 6 96 44 64 94 71 7 50 47 50 67 
11 52 91 23 28 49 5 85 29 15 34 65 81 78 10 
45 58 59 12 68 60 4 2 92 26 51 89 99 36 40 
18 78 13 56 3 63 11 49 90 50 35 67 84 70 63 
51 22 68 81 25 50 17 60 23 94 2 16 22 17 87 
58 32 44 71 35 10 8 38 10 28 78 73 75 5 10 
25 78 91 75 37 78 80 60 22 31 92 11 50 26 94 
21 49 50 98 29 27 71 59 3 27 2 61 23 77 97 
13 5 35 6 20 83 84 63 54 94 8 36 40 15 38 
4 46 27 74 66 59 17 66 21 2 50 97 73 36 87 
52 63 30 5 59 91 3 12 35 69 1 1 24 92 92 
64 63 94 54 54 45 13 34 36 17 81 3 63 36 80 
MACHINES
8 9 5 1 7 3 2 4 15 13 6 14 11 10 12 
2 10 6 9 5 15 12 8 3 11 7 14 1 13 4 
14 6 2 1 7 8 15 5 9 10 4 12 13 11 3 
7 13 15 3 6 11 8 9 1 10 14 12 5 2 4 
6 4 9 7 11 10 14 1 8 2 5 3 13 15 12 
6 12 2 5 10 7 4 13 11 1 8 15 9 14 3 
6 1 11 8 7 10 3 14 2 9 13 12 4 5 15 
4 11 8 6 10 1 7 9 12 5 14 2 15 3 13 
2 12 6 15 7 9 13 11 1 4 14 8 3 10 5 
13 4 9 5 11 8 15 6 7 1 3 2 12 10 14 
7 9 5 12 1 2 6 11 4 10 8 15 13 3 14 
11 3 7 15 4 2 8 13 5 9 14 10 12 6 1 
3 13 1 9 15 10 6 7 4 14 5 2 12 11 8 
11 4 1 5 3 12 10 13 9 8 15 7 14 2 6 
5 9 4 7 11 3 14 8 15 6 12 2 13 1 10 
3 5 8 6 7 13 11 10 12 15 14 2 9 1 4 
2 1 3 10 6 4 12 15 8 9 11 7 5 13 14 
10 4 11 6 1 14 2 9 7 12 8 15 13 3 5 
10 11 8 9 13 6 1 3 2 12 15 5 14 4 7 
14 11 1 8 15 3 5 10 13 6 4 7 2 12 9 
14 4 13 8 9 15 12 10 2 5 6 3 1 7 11 
12 2 1 6 4 7 3 15 9 13 11 14 10 8 5 
9 6 13 3 15 2 5 11 8 14 10 4 12 1 7 
2 11 8 7 5 13 10 12 4 15 3 1 6 14 9 
10 1 9 15 5 14 7 8 4 11 12 3 6 13 2 
