1318176602,8561476363
25,15,15
28 3 73 35 9 21 72 15 5 26 59 2 22 10 76 
71 82 29 15 56 21 63 18 88 24 29 45 4 70 30 
98 69 65 19 11 54 29 20 10 90 81 88 71 15 80 
79 8 48 41 3 15 94 67 29 39 63 84 43 27 74 
75 94 14 78 78 36 73 86 73 23 83 32 78 63 48 
22 75 72 78 71 2 93 39 14 77 76 13 13 80 2 
68 41 10 50 67 42 71 88 47 57 57 25 71 8 31 
77 28 82 17 61 54 38 7 34 28 25 89 52 92 63 
53 71 68 10 47 32 63 34 52 42 17 20 5 15 35 
12 26 60 96 63 40 65 6 51 31 46 4 25 99 4 
81 24 96 67 94 76 87 49 3 99 48 55 76 25 70 
69 66 51 3 32 26 38 10 12 8 71 61 20 91 86 
25 2 93 29 94 6 50 48 56 10 62 86 90 37 70 
37 4 71 88 21 16 20 26 95 24 40 33 52 1 27 
11 54 82 32 96 42 77 50 10 8 11 30 38 10 8 
56 93 69 11 36 18 16 69 40 33 38 36 96 96 36 
45 99 37 16 76 91 46 16 95 62 15 22 32 21 38 
50 58 93 23 86 74 64 88 71 97 3 62 13 59 81 
92 43 94 30 45 2 65 69 46 33 2 27 8 44 33 
39 67 27 13 67 8 60 55 53 60 63 49 29 52 84 
40 32 92 20 92 36 18 36 4 28 81 42 29 21 74 
15 80 79 95 60 36 2 23 7 36 47 44 70 71 59 
57 34 60 46 19 91 59 1 75 58 46 54 9 25 21 
59 49 39 60 71 19 47 77 4 3 85 94 55 13 46 
30 35 72 20 73 10 13 16 63 6 36 49 45 10 32 
MACHINES
9 10 3 8 12 4 2 13 15 5 7 6 11 14 1 
14 9 15 11 10 7 2 13 3 12 8 5 6 4 1 
1 2 7 8 9 14 13 4 11 3 6 5 12 15 10 
3 7 9 2 13 5 12 8 6 1 14 15 11 4 10 
4 2 6 7 11 3 8 1 12 9 15 13 5 10 14 
6 3 9 10 8 15 14 12 5 1 13 7 11 4 2 
7 8 14 12 11 2 3 10 1 15 9 6 4 13 5 
1 11 2 10 4 8 14 12 6 13 3 15 9 5 7 
12 10 13 4 1 15 8 11 7 9 2 6 5 3 14 
6 3 15 12 10 9 5 1 14 13 4 7 8 2 11 
8 13 11 7 1 9 15 5 4 6 14 2 3 10 12 
1 11 9 6 15 12 10 7 3 14 13 8 2 5 4 
6 4 15 1 12 5 14 9 13 11 3 8 10 7 2 
2 1 9 5 4 14 8 12 11 6 13 10 3 15 7 
10 13 12 11 7 6 2 5 8 1 3 4 14 15 9 
6 7 15 8 12 10 14 3 2 5 4 11 13 1 9 
1 2 15 13 5 10 7 3 9 4 11 12 8 6 14 
8 15 6 12 5 3 1 10 4 13 2 14 9 11 7 
2 13 14 1 6 3 7 9 15 12 10 4 11 8 5 
10 9 7 1 3 2 11 5 15 13 4 12 6 8 14 
1 2 13 15 14 6 8 7 11 9 10 12 5 4 3 
3 15 13 1 8 14 12 2 10 9 6 4 5 11 7 
10 5 8 12 2 6 1 15 7 9 4 11 3 13 14 
1 13 3 14 11 12 10 2 15 9 5 4 8 7 6 
3 15 13 4 10 9 12 14 5 2 1 11 7 6 8 
