4877761332,6426525283
25,20,20
36 18 6 85 19 88 53 69 76 60 8 50 9 39 29 87 44 32 47 39 
15 66 42 59 49 50 60 25 51 40 78 69 38 39 64 97 53 30 53 28 
20 18 61 62 99 49 50 84 34 21 31 30 69 68 81 27 55 97 72 24 
25 92 76 49 16 26 60 94 69 45 5 53 2 94 18 63 7 60 30 80 
79 90 42 33 12 83 18 60 63 81 12 28 21 56 25 99 58 35 23 42 
64 2 99 97 22 98 81 22 61 11 27 16 30 50 88 11 8 14 49 4 
2 7 38 18 39 92 37 57 62 94 7 37 26 22 97 88 23 84 66 24 
10 78 80 89 32 44 82 80 8 36 50 48 49 16 87 62 49 64 11 12 
91 5 68 68 56 23 7 61 58 92 32 93 29 33 96 57 97 41 47 90 
1 19 17 14 79 85 38 90 33 67 33 77 66 43 41 55 35 86 57 46 
61 7 38 67 40 10 44 44 64 97 4 15 80 2 99 92 91 67 28 90 
45 13 59 67 12 46 55 98 35 7 74 89 30 6 75 20 37 45 58 49 
87 8 74 30 62 43 86 59 44 87 56 35 28 70 89 96 27 60 50 5 
80 57 10 78 99 25 36 70 46 9 76 41 13 9 56 15 61 86 43 86 
37 64 17 95 53 58 33 74 57 74 8 18 21 93 15 88 10 13 70 77 
10 49 23 94 31 44 66 50 5 53 48 63 35 66 84 5 11 84 24 77 
40 76 74 21 42 5 10 99 97 41 76 94 6 82 50 65 43 91 24 59 
35 7 11 39 20 64 75 68 97 83 53 54 58 21 84 35 5 15 12 16 
95 36 57 16 28 13 43 40 31 91 45 92 64 54 81 85 41 38 48 15 
3 74 57 72 92 47 45 3 88 28 7 27 93 41 5 96 48 34 83 65 
94 20 6 71 53 47 38 53 2 56 57 94 11 24 81 88 21 37 35 46 
39 85 99 21 70 92 35 44 68 9 68 92 49 4 21 56 16 67 38 44 
47 4 73 84 43 12 93 5 84 1 57 2 60 46 87 92 49 56 50 98 
45 94 49 11 30 84 10 57 40 39 17 81 3 15 62 40 7 95 32 33 
46 26 47 30 11 45 13 69 44 57 38 2 9 91 97 74 2 12 20 50 
MACHINES
4 15 18 11 14 1 3 2 13 6 5 19 16 20 8 12 9 7 17 10 
18 6 20 1 3 2 7 15 5 9 17 14 10 4 19 16 8 11 13 12 
14 17 4 6 5 9 19 7 2 13 18 15 12 3 10 8 1 20 11 16 
14 3 8 4 13 19 7 10 12 5 17 11 1 2 6 15 20 18 9 16 
3 10 15 20 19 1 14 18 2 7 5 11 12 17 13 8 16 6 4 9 
12 14 16 15 7 2 17 20 9 6 11 5 4 1 18 8 19 10 13 3 
15 10 12 18 5 17 11 16 2 6 9 7 8 1 14 20 4 13 19 3 
14 19 18 6 4 20 10 7 15 2 16 5 9 8 3 1 11 12 17 13 
3 8 1 2 13 12 14 18 15 19 20 16 11 7 9 5 6 4 17 10 
14 2 10 18 17 20 8 5 6 9 15 16 1 3 12 11 7 13 4 19 
10 8 19 5 12 1 3 4 16 9 14 20 11 6 2 13 7 18 17 15 
13 19 6 11 5 8 14 15 2 1 12 10 3 17 20 7 16 4 18 9 
19 7 16 12 4 10 6 1 3 14 13 20 15 8 17 9 2 11 5 18 
10 14 18 13 2 16 7 6 5 19 20 3 8 12 17 4 15 1 9 11 
15 11 17 19 20 8 2 10 1 12 16 13 4 7 5 9 3 6 14 18 
17 14 11 5 15 7 1 9 13 6 8 20 12 2 19 16 3 10 18 4 
16 5 17 14 11 2 12 20 3 1 19 4 15 7 8 10 18 9 13 6 
9 2 14 10 4 16 7 5 13 19 20 6 12 18 1 15 8 17 11 3 
12 8 10 9 18 1 20 2 3 11 17 7 4 19 15 14 13 5 16 6 
18 7 8 5 4 9 19 20 2 13 11 14 12 15 3 1 16 6 10 17 
13 8 12 14 19 11 15 20 2 10 9 16 7 5 17 4 3 6 1 18 
7 11 2 15 8 13 18 16 10 1 5 3 12 14 9 17 6 19 20 4 
13 14 9 17 1 6 7 20 12 15 4 5 16 3 10 19 11 8 2 18 
4 1 10 2 18 5 16 20 13 15 14 6 12 9 8 7 11 19 17 3 
10 3 12 20 15 8 18 9 19 4 13 16 11 7 17 14 1 5 6 2 
