8563425546,7166571633
25,20,20
24 18 78 91 63 52 5 55 47 61 73 78 46 60 17 55 43 92 35 29 
72 72 20 43 30 6 34 49 16 47 71 93 39 51 63 96 56 52 41 6 
79 18 49 55 20 86 17 16 85 6 97 27 46 44 43 19 6 40 73 77 
25 67 98 13 91 96 74 63 53 38 96 6 96 45 31 16 33 94 50 38 
31 53 82 11 87 41 77 30 96 25 74 31 31 45 43 72 73 56 54 48 
60 67 20 37 18 21 30 49 81 75 61 20 96 40 25 90 98 16 40 13 
54 58 12 51 30 78 46 97 67 93 7 90 37 80 24 42 27 45 90 67 
6 55 74 70 35 6 4 57 96 51 52 41 49 43 78 1 15 99 99 50 
53 92 97 1 97 5 87 6 86 24 19 37 70 72 95 36 22 28 50 65 
54 55 16 47 37 88 49 53 28 11 46 44 33 77 55 30 52 28 73 46 
58 42 41 79 34 21 71 44 54 74 33 1 51 29 40 67 27 54 10 67 
74 30 91 38 52 89 74 53 54 76 50 18 45 96 24 90 4 39 14 59 
54 73 8 23 29 78 91 5 22 27 57 5 8 30 98 27 76 66 70 20 
36 65 89 44 17 74 74 30 76 11 90 84 25 28 27 50 40 93 53 6 
67 98 90 33 9 14 17 84 10 89 1 98 51 5 31 43 39 58 11 78 
79 86 58 32 67 70 50 29 15 82 85 20 3 81 28 39 78 73 97 96 
76 16 89 38 64 52 60 61 58 40 72 4 19 54 80 48 43 56 43 15 
77 41 52 48 68 2 34 15 95 96 36 92 47 46 88 24 49 57 33 20 
43 22 46 85 22 44 53 81 2 10 17 26 82 26 79 72 79 22 14 72 
72 14 68 60 28 97 9 84 82 12 69 71 73 10 28 21 6 15 8 38 
81 37 49 15 55 3 48 58 27 31 88 46 69 56 92 16 54 44 53 82 
68 92 59 55 8 60 45 27 22 4 27 87 15 79 48 31 10 41 31 5 
37 8 95 91 37 35 8 35 80 38 25 88 19 40 90 5 85 7 16 31 
7 86 64 12 70 25 21 49 16 98 36 22 72 70 67 51 70 19 57 17 
87 14 17 15 95 40 27 72 25 16 40 38 61 57 38 41 75 21 37 37 
MACHINES
11 6 17 10 19 3 1 2 9 18 14 8 4 12 16 7 20 5 13 15 
16 8 10 19 3 4 18 17 15 5 6 13 2 9 12 1 11 14 7 20 
17 5 4 13 16 19 1 15 9 7 18 10 12 14 11 6 8 20 2 3 
4 9 14 10 18 1 8 19 17 2 16 6 20 3 15 11 13 7 5 12 
9 20 10 12 3 7 13 19 5 8 4 18 6 2 16 17 1 11 15 14 
7 17 6 10 15 5 19 16 2 8 3 18 4 12 20 14 9 13 1 11 
7 6 11 12 9 15 8 13 18 10 1 20 17 5 19 2 4 16 14 3 
2 7 14 4 19 3 17 9 6 13 10 16 11 8 20 18 1 12 5 15 
9 8 2 1 6 11 4 14 10 15 18 13 7 19 20 17 3 5 12 16 
16 17 20 7 10 14 12 15 5 6 4 1 9 11 8 18 13 2 19 3 
1 10 11 8 14 15 13 18 16 9 5 2 4 3 6 17 12 19 7 20 
18 17 6 19 16 9 15 11 1 5 20 7 10 8 14 12 4 3 2 13 
6 13 9 11 15 7 16 2 20 12 3 1 4 5 8 18 19 14 17 10 
16 3 17 8 9 2 1 19 4 15 14 13 20 11 6 10 18 5 12 7 
3 14 18 19 16 2 11 10 1 4 7 5 17 12 6 9 20 13 8 15 
2 20 6 4 3 5 17 18 14 13 8 1 19 15 12 16 7 9 11 10 
2 18 1 7 14 17 11 5 8 3 15 12 19 20 4 9 16 10 6 13 
15 2 5 8 14 17 19 12 9 11 10 1 18 13 16 4 3 20 7 6 
6 16 15 2 19 10 1 3 17 8 7 18 4 11 9 13 20 12 5 14 
4 1 11 17 14 5 13 20 6 8 10 7 16 3 18 19 12 15 9 2 
18 13 2 10 9 8 20 14 7 16 12 15 1 19 11 17 4 5 3 6 
14 7 4 10 6 9 3 11 20 19 16 13 17 8 1 18 5 2 15 12 
16 3 6 15 2 4 12 20 17 18 11 9 14 7 19 10 8 13 5 1 
3 16 13 7 20 17 6 5 12 10 8 9 18 11 14 2 19 4 15 1 
14 13 17 3 12 9 20 2 15 11 5 16 4 6 18 8 10 7 1 19 
