8058965370,8230624511
25,20,20
90 22 50 78 90 90 33 31 12 59 1 36 50 31 79 74 13 12 1 49 
37 84 11 44 42 35 3 31 6 52 30 67 64 92 37 93 46 5 69 9 
99 1 75 92 74 80 80 51 84 23 34 73 92 5 62 99 65 56 98 80 
73 84 79 35 76 28 62 55 37 11 22 22 1 56 18 87 34 95 81 99 
11 24 4 72 24 5 8 98 54 49 28 28 20 53 15 50 60 34 18 69 
17 30 68 96 20 90 45 96 43 5 77 98 78 98 2 99 17 82 47 49 
13 48 15 66 88 43 14 26 8 67 88 34 17 47 10 27 14 22 22 69 
89 1 12 79 85 83 1 54 46 66 2 96 38 32 9 94 45 98 30 2 
74 16 70 59 39 65 68 2 9 60 66 57 92 79 94 42 22 47 63 68 
65 36 15 48 76 52 8 42 53 7 44 54 62 62 26 88 15 99 69 43 
6 96 46 82 91 78 50 50 35 83 73 3 43 78 41 59 66 34 69 91 
5 93 69 50 4 77 66 29 47 41 51 69 94 21 97 7 91 21 50 65 
18 22 63 15 25 14 11 61 24 67 24 46 54 72 23 45 84 20 4 57 
70 96 20 20 28 4 64 99 61 45 27 88 11 32 75 1 79 70 38 6 
40 68 20 77 78 20 70 82 91 15 79 68 25 46 96 91 11 90 76 39 
63 25 57 48 17 32 6 28 39 75 19 94 69 28 61 29 55 83 80 9 
10 11 52 99 18 16 17 98 44 62 85 33 54 78 23 93 30 60 76 50 
74 73 51 75 6 40 93 91 27 85 6 56 85 38 27 4 12 49 52 25 
30 97 80 97 95 41 9 40 51 25 19 36 55 98 35 67 34 9 67 60 
70 24 14 54 96 45 26 1 36 19 30 16 64 80 96 3 31 23 68 8 
31 71 20 31 67 42 70 89 92 86 26 72 48 34 56 47 13 67 19 79 
90 93 89 94 90 35 26 99 37 40 38 28 88 30 82 69 97 27 2 87 
94 74 31 91 7 73 31 91 15 19 85 68 2 80 75 44 7 67 47 15 
70 26 8 61 22 80 49 28 65 72 49 33 4 70 49 70 83 17 84 89 
60 82 94 2 20 7 92 92 16 97 45 31 49 97 37 4 33 15 78 65 
MACHINES
9 11 20 5 14 6 19 10 16 3 7 12 8 17 4 18 1 15 13 2 
13 20 12 2 18 6 19 4 5 14 16 8 10 15 17 7 9 3 11 1 
2 18 5 11 1 14 16 3 4 12 10 6 20 13 9 7 19 17 8 15 
1 4 17 16 10 18 8 3 13 12 15 5 14 7 6 11 20 19 9 2 
9 12 4 5 11 16 2 13 15 6 18 19 14 3 17 8 7 20 10 1 
6 16 15 12 20 7 3 19 18 10 14 11 8 4 17 9 2 13 1 5 
3 19 7 20 2 18 12 15 6 16 9 8 4 11 17 13 10 5 1 14 
16 12 15 19 13 11 4 6 10 18 8 9 1 14 5 3 17 2 7 20 
9 3 16 2 7 11 8 4 12 14 6 20 19 18 17 10 13 15 5 1 
5 17 6 8 16 2 7 12 19 11 20 3 14 9 13 10 1 18 15 4 
7 17 19 11 3 5 12 15 10 9 18 4 14 6 20 16 2 8 1 13 
12 18 5 8 9 6 19 11 3 13 14 2 7 15 20 17 16 4 1 10 
7 18 14 8 9 15 3 6 1 13 2 12 19 5 11 16 17 10 4 20 
12 17 2 9 11 1 14 18 8 7 16 5 6 20 3 4 15 19 10 13 
13 19 3 9 11 7 10 2 6 4 17 8 15 20 1 14 5 12 16 18 
13 15 8 17 1 11 14 10 2 5 12 3 20 4 18 19 7 16 9 6 
9 2 10 17 1 13 12 4 20 8 15 19 11 5 16 6 7 3 18 14 
7 15 8 19 3 10 2 12 14 5 11 6 16 9 1 13 18 20 4 17 
3 5 14 16 8 11 12 10 17 1 19 9 6 20 7 15 13 2 4 18 
2 12 11 5 6 15 19 10 14 20 18 13 8 3 17 4 1 16 7 9 
17 8 15 16 12 3 7 6 1 13 18 5 9 11 14 19 20 4 10 2 
1 6 12 4 16 15 19 7 8 3 14 20 11 2 9 5 18 10 17 13 
8 1 13 20 16 15 19 12 3 4 9 6 17 7 18 10 5 11 14 2 
13 1 11 9 5 18 10 6 7 2 8 3 17 12 4 20 15 19 14 16 
4 15 6 1 7 13 11 18 3 16 8 17 12 5 19 2 10 20 9 14 
