3480511774,8261646036
25,20,20
69 99 89 32 8 77 7 10 55 63 29 33 76 89 25 54 53 59 20 63 
96 70 75 42 76 60 18 74 51 8 70 22 74 52 95 19 61 85 72 79 
95 27 44 79 49 73 1 81 89 56 26 62 47 46 16 28 81 49 84 61 
26 43 84 70 70 37 11 32 74 88 87 46 99 18 20 64 50 51 54 60 
18 37 33 6 34 91 25 43 12 63 3 62 49 51 92 61 53 68 66 15 
87 64 45 30 31 90 76 83 53 52 48 16 50 4 92 88 37 26 60 6 
14 57 35 49 41 68 66 29 4 35 88 17 97 8 58 50 7 97 72 15 
89 79 46 19 50 5 59 9 8 97 66 90 18 27 83 81 85 21 77 4 
5 25 95 93 79 64 84 2 92 69 96 66 49 23 11 24 54 12 24 98 
64 37 87 19 15 65 70 41 89 99 55 37 98 60 29 7 29 40 22 4 
68 8 26 58 21 61 57 35 54 77 40 39 70 69 19 17 30 22 95 39 
50 86 48 85 39 21 48 11 5 71 38 42 94 35 23 58 68 10 43 88 
24 75 47 72 15 76 37 82 85 94 37 38 44 30 76 15 73 79 58 78 
16 42 26 49 94 49 32 38 17 24 22 71 86 17 5 1 30 68 18 91 
21 29 17 65 70 70 97 28 1 92 37 42 61 35 17 38 92 82 76 1 
43 9 90 16 59 66 76 26 97 58 90 32 35 5 72 90 67 14 86 1 
74 26 30 54 88 46 66 4 39 18 92 1 96 78 83 78 58 67 70 90 
59 30 53 32 1 71 93 65 64 6 46 63 37 59 55 83 40 48 7 80 
58 42 88 56 17 37 89 42 95 25 69 94 94 5 72 26 62 66 91 5 
46 45 66 57 38 64 37 64 40 43 45 98 67 70 72 38 1 41 39 38 
42 39 55 66 33 26 77 53 92 34 63 78 29 35 39 85 54 7 85 60 
55 51 9 77 46 34 14 18 35 89 88 44 44 60 46 27 72 2 34 43 
87 38 10 89 85 39 69 26 34 36 19 72 79 62 87 39 27 90 14 10 
89 22 65 1 3 3 60 35 26 4 11 90 37 55 29 29 52 91 30 57 
49 39 89 15 24 96 58 95 45 91 26 3 86 3 34 4 81 38 29 86 
MACHINES
16 8 10 9 14 6 15 2 7 5 11 17 20 19 1 18 4 13 12 3 
12 10 4 18 7 1 8 14 5 3 17 9 11 19 20 6 13 2 15 16 
20 15 12 2 11 3 10 4 5 17 6 1 9 7 14 18 13 19 8 16 
6 9 8 4 14 3 20 19 7 16 18 12 15 5 2 10 11 17 13 1 
6 17 4 15 18 9 12 3 14 2 11 5 7 20 19 13 8 10 1 16 
4 8 14 6 7 17 12 11 1 3 15 20 16 9 10 18 13 19 5 2 
1 8 10 17 14 11 6 4 15 2 7 19 20 9 13 5 12 18 3 16 
4 10 11 2 18 20 3 7 14 17 15 8 12 16 6 13 9 5 19 1 
18 3 11 20 19 13 16 6 1 12 14 15 10 4 8 17 9 7 2 5 
20 10 15 17 2 11 19 6 8 4 12 5 9 16 1 3 18 13 7 14 
3 16 14 6 1 11 12 5 13 8 9 2 20 17 10 7 19 4 18 15 
14 15 13 9 18 19 17 2 7 20 16 11 6 3 5 10 8 4 12 1 
10 5 18 8 7 14 20 17 13 15 6 4 12 9 11 19 1 16 2 3 
4 2 6 15 17 16 1 11 9 3 13 20 14 10 7 5 8 12 18 19 
1 13 16 20 2 8 5 12 11 14 9 6 3 18 19 10 15 4 7 17 
11 10 9 4 17 1 7 5 3 19 12 6 2 13 16 15 8 20 18 14 
19 5 12 2 20 15 3 16 17 14 13 7 10 8 1 11 9 4 18 6 
9 13 15 1 4 5 18 6 16 12 14 10 11 2 20 19 3 8 17 7 
12 15 11 5 19 17 20 1 6 3 14 9 7 8 13 16 10 4 18 2 
7 1 4 18 15 14 3 9 8 19 20 11 10 16 2 13 12 17 5 6 
17 12 8 2 13 10 16 19 7 20 14 18 5 9 11 3 15 1 4 6 
14 6 5 20 18 19 11 1 4 3 2 16 13 15 7 17 9 8 12 10 
6 9 15 16 4 13 12 19 8 14 10 18 3 17 7 1 20 2 11 5 
15 20 5 12 6 1 7 4 14 11 17 2 16 8 13 3 10 18 9 19 
5 2 17 4 16 10 15 18 3 8 6 19 11 1 20 7 12 14 9 13 
