4813940968,2538797725
25,20,20
57 29 98 50 30 12 62 77 74 79 86 73 27 56 43 77 43 64 86 55 
18 73 96 8 59 77 44 82 77 96 47 16 24 42 99 57 90 90 78 10 
75 34 44 97 38 27 35 32 21 83 30 16 29 75 14 61 17 14 1 99 
74 39 73 23 38 4 46 11 63 37 15 47 21 77 93 77 5 91 39 9 
60 37 89 43 84 14 2 34 42 52 85 90 15 55 54 20 79 1 8 1 
80 63 34 5 11 24 25 42 82 19 94 76 25 26 33 61 78 87 6 72 
69 87 9 35 95 53 96 38 77 97 16 50 23 44 7 81 37 17 7 56 
65 4 46 94 46 83 11 40 31 46 49 87 67 29 79 76 61 41 69 95 
14 75 37 33 94 91 95 24 77 20 24 78 2 83 47 22 90 89 17 9 
43 71 23 95 24 98 73 51 24 98 59 79 19 90 89 89 69 99 32 57 
77 32 10 68 41 27 47 8 19 16 19 13 27 71 13 41 49 68 64 40 
72 51 55 28 63 59 80 43 85 70 30 2 22 68 83 37 86 98 95 14 
52 13 97 61 68 78 29 30 98 5 50 6 16 3 62 77 25 22 39 11 
25 16 80 35 81 64 65 99 23 85 71 22 44 55 95 60 74 3 6 19 
80 85 9 69 57 52 27 25 17 35 40 15 50 46 84 83 41 66 71 50 
3 49 72 89 85 51 30 32 73 4 95 93 58 50 81 55 10 77 60 94 
59 83 69 17 19 14 80 98 20 55 3 77 25 30 98 77 70 20 81 45 
92 37 66 5 98 89 14 52 18 88 21 42 85 32 21 15 77 1 27 33 
12 5 76 93 36 90 90 49 32 30 90 23 29 77 96 27 30 30 33 96 
46 5 95 55 64 13 44 6 90 80 71 2 14 65 18 92 67 21 79 99 
2 22 24 76 77 55 15 9 47 15 83 67 9 48 14 1 35 1 97 12 
58 91 88 10 94 12 16 87 67 16 86 33 75 86 7 26 48 54 51 71 
8 11 7 30 78 99 63 88 28 56 16 33 54 13 60 27 67 79 2 61 
64 89 58 3 34 41 18 96 21 53 74 88 13 64 44 41 55 81 75 66 
5 4 97 10 32 58 26 65 33 8 47 15 92 34 14 29 50 89 72 93 
MACHINES
14 5 2 4 1 11 6 7 3 12 10 20 18 15 9 13 19 8 16 17 
1 15 7 5 20 2 10 12 16 4 3 11 6 14 13 17 8 9 19 18 
2 19 7 12 11 16 10 20 13 6 8 14 3 5 9 18 1 15 4 17 
1 7 2 14 17 3 5 18 19 15 16 20 12 10 11 4 13 8 9 6 
15 12 7 4 19 13 8 20 14 6 5 2 3 9 11 17 18 16 1 10 
6 18 14 15 9 12 5 1 16 2 7 3 4 13 17 8 11 10 20 19 
7 18 19 20 11 4 5 2 13 6 8 10 14 3 16 9 15 12 17 1 
9 17 18 12 19 2 3 6 15 1 14 11 16 7 13 10 5 20 8 4 
18 6 20 19 7 13 12 1 5 16 9 11 10 17 14 2 4 8 15 3 
11 13 10 12 3 17 18 5 15 19 1 9 4 6 20 14 16 2 7 8 
16 9 17 13 10 19 4 3 1 5 15 18 12 6 14 11 20 8 2 7 
4 13 14 16 18 17 3 7 11 15 9 12 10 8 5 6 19 1 2 20 
5 17 8 6 7 12 16 9 18 2 14 19 13 11 3 15 10 1 4 20 
1 11 18 13 16 19 10 7 6 4 8 12 3 9 5 14 15 2 20 17 
1 17 15 11 6 12 14 20 2 18 8 19 5 3 9 10 4 13 16 7 
3 9 10 18 5 15 11 17 16 4 13 19 14 1 12 20 8 6 7 2 
19 18 7 8 3 13 1 14 16 9 5 17 11 20 2 15 10 4 6 12 
7 12 8 10 16 15 9 6 13 14 5 20 4 3 18 17 2 19 11 1 
10 13 11 16 7 19 17 2 20 9 5 12 14 8 15 3 1 6 4 18 
17 12 5 7 13 10 20 11 15 4 2 14 18 9 6 8 16 1 19 3 
20 11 4 17 10 9 18 13 1 15 3 12 8 19 6 16 7 5 14 2 
7 2 18 1 19 17 15 12 9 14 10 4 3 6 11 8 13 16 20 5 
11 15 5 10 1 13 16 8 3 6 17 20 2 9 4 12 18 7 14 19 
5 14 16 11 8 18 2 10 6 19 9 3 13 12 1 17 7 20 4 15 
6 3 9 4 15 14 7 16 13 19 11 18 10 17 8 20 1 12 5 2 
