5164206239,3873457064
25,20,20
11 66 85 40 22 2 99 6 74 45 12 54 83 74 91 67 75 76 86 9 
88 6 80 11 36 76 74 80 41 26 37 98 28 91 53 85 74 10 68 87 
51 87 26 72 70 76 70 75 19 3 88 85 77 51 94 65 98 20 95 37 
97 60 66 59 44 89 55 61 2 35 31 83 63 85 24 50 24 51 20 35 
37 70 59 65 79 13 64 69 55 85 16 52 7 71 87 3 63 81 63 5 
68 38 24 50 11 21 46 39 54 37 34 61 57 36 49 26 82 5 13 85 
27 68 51 30 48 16 62 50 86 91 99 31 46 73 50 97 46 84 41 30 
6 82 21 96 37 95 52 18 40 95 14 17 95 95 53 14 78 61 77 80 
45 11 78 67 77 6 34 9 40 2 92 39 4 4 32 93 48 9 71 95 
37 63 6 24 43 9 83 10 31 56 50 69 23 29 91 45 17 5 54 78 
85 97 34 84 30 68 16 55 21 83 50 19 49 41 92 87 81 74 37 47 
98 99 74 63 54 45 65 68 67 85 2 65 3 97 53 21 64 83 13 65 
12 94 29 88 3 62 36 48 39 62 51 53 81 7 42 41 18 67 68 7 
24 56 16 37 50 49 49 39 61 56 22 7 43 18 34 25 82 17 8 81 
90 64 17 71 30 75 68 35 27 16 65 18 66 71 42 46 39 6 92 43 
20 36 21 37 32 1 4 35 14 41 61 63 23 90 81 32 48 59 62 20 
33 25 38 22 66 3 17 61 6 4 73 33 46 78 31 79 96 7 32 75 
72 76 53 6 36 26 2 99 47 84 17 48 66 14 19 11 8 72 14 49 
83 31 47 88 83 85 73 84 12 18 99 26 69 46 48 56 13 71 10 80 
37 53 96 37 41 75 48 55 75 36 60 96 80 70 62 81 62 27 28 56 
55 56 23 33 7 52 16 49 29 44 97 75 48 18 60 23 35 36 40 11 
79 30 1 53 93 97 10 67 67 5 40 38 22 40 96 16 5 92 8 4 
61 83 60 83 56 23 45 54 54 89 62 17 17 41 52 24 70 29 41 81 
5 32 71 56 58 18 75 54 78 23 47 80 29 90 76 44 43 80 58 98 
2 7 24 4 81 37 61 73 23 95 35 18 68 15 57 57 82 10 32 37 
MACHINES
20 5 4 17 11 7 14 2 10 18 13 6 19 1 16 3 8 9 12 15 
20 19 14 5 8 16 15 2 9 6 3 1 7 4 11 18 10 12 13 17 
6 5 9 7 14 3 20 8 18 19 11 15 4 10 1 17 2 16 12 13 
12 16 17 7 13 5 2 18 3 6 19 4 11 15 8 20 14 9 1 10 
15 17 19 1 2 12 8 10 6 16 9 14 20 5 13 3 11 7 4 18 
18 16 17 7 2 5 15 4 9 1 11 8 14 10 19 13 12 6 3 20 
5 18 20 1 15 6 7 2 3 8 14 11 17 12 4 9 16 10 13 19 
13 8 17 1 2 4 14 11 16 15 12 6 20 10 19 7 18 3 5 9 
11 18 5 12 16 20 4 9 10 1 17 2 19 15 8 6 13 3 14 7 
17 19 10 1 12 11 15 16 7 8 13 6 2 20 4 3 14 18 5 9 
1 12 17 5 2 8 4 14 6 20 16 18 13 19 3 11 7 15 9 10 
12 9 15 2 10 20 5 11 18 13 4 1 16 14 17 8 19 6 3 7 
6 5 10 20 1 11 2 18 14 16 7 4 17 3 12 9 8 15 19 13 
19 18 4 13 17 5 8 2 9 11 16 1 6 10 14 20 7 15 12 3 
10 2 4 14 5 17 12 16 20 9 15 3 13 7 11 8 1 19 18 6 
7 5 11 17 2 19 13 12 14 4 6 20 3 18 9 1 10 16 8 15 
5 4 16 7 10 17 20 9 3 13 8 15 14 6 1 12 19 11 2 18 
6 2 3 9 13 4 10 16 14 18 15 5 7 11 1 19 8 12 20 17 
19 14 17 12 2 20 1 11 9 4 8 6 3 15 10 18 5 16 7 13 
5 8 12 10 4 19 2 15 17 18 11 3 16 14 13 7 1 20 9 6 
1 8 10 5 17 19 20 15 18 9 7 12 6 16 2 13 14 4 11 3 
16 1 8 3 11 17 20 10 13 12 2 19 9 14 4 15 18 5 6 7 
19 14 18 13 4 16 12 9 10 20 8 15 6 11 7 1 2 3 17 5 
20 8 16 1 12 11 7 6 3 17 4 2 15 18 14 5 19 9 10 13 
13 15 20 3 16 2 17 18 19 6 7 9 12 1 11 14 4 8 10 5 
