1982551741,7952335858
25,20,20
91 33 19 37 4 87 45 68 35 61 44 82 64 24 39 45 8 25 2 25 
89 80 51 61 25 61 45 12 39 49 59 88 55 34 22 28 57 80 60 53 
28 35 25 38 17 34 91 40 53 99 8 35 6 75 46 48 47 71 9 67 
24 6 67 88 41 1 20 46 88 31 26 28 3 54 56 85 48 59 55 15 
68 73 82 30 47 27 68 7 66 7 67 52 64 31 49 67 4 1 25 66 
55 10 69 45 83 61 52 19 4 17 75 12 68 12 40 45 53 33 27 47 
90 71 24 47 12 6 4 56 28 77 30 94 94 42 89 46 36 46 79 41 
68 62 33 13 89 28 83 61 40 76 25 84 13 38 37 4 44 49 57 73 
66 43 82 73 39 18 10 29 32 63 94 34 60 24 13 21 38 36 21 88 
23 51 66 59 84 63 51 29 87 90 82 56 88 79 81 24 86 48 57 51 
80 56 2 15 56 33 85 20 84 94 87 82 65 78 70 22 44 91 61 57 
90 5 9 42 40 56 96 48 70 32 88 20 30 44 53 70 92 59 67 44 
33 69 94 25 52 41 26 89 90 64 67 75 67 7 17 21 27 44 89 86 
80 28 8 91 73 75 24 78 47 31 73 98 87 40 85 18 71 34 76 75 
65 17 86 1 19 78 80 43 60 63 36 15 12 62 19 92 14 60 46 75 
33 93 95 99 20 38 97 36 70 23 17 95 38 60 45 79 78 9 42 98 
34 26 63 53 18 63 74 72 85 89 51 73 99 56 18 49 9 78 51 83 
7 79 75 67 27 84 25 61 93 6 18 23 89 98 74 15 85 18 32 91 
47 33 62 88 99 3 11 54 82 69 8 16 56 81 39 8 51 12 60 38 
65 5 71 30 49 82 37 81 8 56 8 8 5 38 65 18 88 33 26 26 
41 31 69 66 6 54 36 19 27 79 4 25 60 76 5 27 7 52 48 88 
7 7 61 51 10 18 81 71 44 74 75 4 8 67 95 59 19 31 46 1 
68 85 74 11 43 42 79 99 19 51 5 56 10 84 46 15 75 3 10 13 
1 65 8 48 7 69 85 18 41 88 59 81 31 39 69 50 1 8 32 95 
31 7 44 14 84 28 80 22 67 6 76 44 12 17 14 34 10 99 65 60 
MACHINES
4 18 3 13 6 5 17 12 9 11 15 2 8 20 1 10 14 19 7 16 
11 12 15 2 20 1 10 7 6 18 14 17 4 16 19 8 13 5 3 9 
15 12 1 8 3 17 7 4 13 10 14 5 16 19 9 2 11 20 18 6 
5 8 9 19 4 18 3 17 6 15 16 10 2 13 7 20 1 12 14 11 
17 14 1 20 15 8 5 13 9 12 6 16 11 4 10 2 3 18 7 19 
5 12 1 19 8 13 7 11 9 4 20 10 2 17 14 6 3 18 15 16 
7 10 4 11 1 15 17 5 20 2 6 12 13 16 18 14 8 19 3 9 
5 6 9 12 7 1 18 19 11 4 15 17 20 16 8 3 10 2 14 13 
9 14 20 19 1 5 17 2 8 3 15 12 7 18 4 11 16 13 6 10 
13 2 10 3 6 17 14 8 9 15 20 1 4 16 18 12 5 7 11 19 
17 2 6 20 3 8 9 4 10 11 14 7 12 15 5 19 18 16 1 13 
2 13 9 8 18 5 3 17 11 15 7 19 20 4 1 14 6 16 12 10 
11 17 6 15 7 9 20 13 5 14 16 19 3 12 4 2 18 8 1 10 
9 20 14 8 10 7 17 12 11 13 1 2 5 6 4 15 18 3 19 16 
1 4 18 17 19 20 6 10 13 2 8 7 16 9 12 3 11 15 14 5 
20 13 10 7 1 5 18 15 19 14 3 2 6 9 16 4 11 12 8 17 
18 3 16 10 2 17 15 11 7 14 6 1 8 5 19 20 13 4 12 9 
9 14 13 18 15 8 19 16 2 12 11 5 3 6 1 10 7 20 17 4 
11 5 2 17 13 10 18 7 9 8 20 15 1 12 19 16 4 6 14 3 
2 10 11 1 5 4 7 19 17 3 18 12 16 20 9 6 8 13 14 15 
3 9 4 16 18 15 17 6 7 5 8 12 19 2 20 13 14 11 1 10 
14 6 5 18 7 10 2 1 4 9 8 15 20 3 12 17 11 13 19 16 
7 13 14 15 12 3 17 20 8 4 16 10 2 19 5 1 18 6 9 11 
19 9 2 4 3 12 8 16 6 15 5 17 20 10 1 14 11 18 7 13 
5 12 17 1 16 13 19 10 20 3 14 9 8 18 4 6 7 2 11 15 
