5888053201,8800583141
25,20,20
61 73 76 62 65 76 33 29 94 3 69 18 75 6 7 25 60 78 3 61 
42 10 57 28 9 53 17 19 57 10 71 16 35 14 87 78 89 34 23 34 
78 5 73 53 3 7 39 46 88 12 84 3 40 12 4 83 74 85 98 96 
86 73 7 42 23 90 34 2 84 97 99 63 30 86 93 97 67 70 42 29 
45 96 31 1 95 3 62 80 99 5 71 47 8 67 82 50 4 53 69 69 
97 60 46 79 74 72 31 53 69 77 68 14 15 55 7 94 44 75 51 98 
75 99 60 43 77 13 97 87 44 89 51 67 76 3 7 23 37 67 51 12 
81 81 36 20 85 53 64 68 71 93 41 70 92 99 85 25 90 29 5 54 
76 92 51 90 90 84 91 91 22 22 33 84 77 28 17 77 46 93 77 57 
32 18 72 30 58 65 86 92 46 77 59 98 23 37 35 3 79 57 31 21 
39 47 13 22 85 55 76 4 27 88 67 31 85 92 56 29 24 30 58 24 
76 30 53 99 52 2 95 14 71 73 30 1 76 12 81 94 16 44 86 4 
10 49 24 83 2 31 45 36 71 66 83 7 16 20 9 32 46 12 5 39 
88 94 61 19 86 32 74 33 69 44 35 17 71 85 92 53 22 67 30 99 
49 80 78 8 94 47 25 34 53 69 54 76 62 24 99 59 96 22 61 3 
87 49 44 26 91 83 9 22 18 48 14 93 48 77 68 39 7 93 96 3 
61 84 36 52 40 82 46 5 94 98 34 28 53 18 89 4 49 58 89 16 
48 95 15 51 36 13 66 84 68 29 87 40 6 26 21 18 44 25 21 32 
74 68 43 94 67 88 29 21 7 21 95 57 20 49 53 22 5 58 49 37 
57 77 19 69 62 81 92 12 38 24 50 89 21 86 59 50 55 22 80 88 
86 62 35 30 15 10 6 32 49 6 92 78 71 55 5 27 33 21 59 68 
29 7 91 22 21 2 86 33 65 51 6 15 71 58 3 31 38 36 43 72 
55 66 70 92 92 80 55 19 1 11 40 76 32 12 10 59 87 78 51 2 
95 80 55 32 42 74 72 84 7 51 26 86 53 87 20 77 23 34 42 66 
94 25 38 40 40 53 54 9 3 19 9 66 28 26 77 31 89 64 34 12 
MACHINES
2 12 3 10 15 20 8 4 18 19 6 13 1 14 17 11 9 16 5 7 
6 9 8 5 3 14 12 10 17 11 20 15 16 4 19 1 7 18 2 13 
3 18 1 15 14 17 6 12 2 20 4 13 11 5 7 8 9 19 16 10 
3 9 6 11 19 2 16 1 18 14 13 10 12 7 15 17 4 5 8 20 
13 3 7 19 11 4 8 14 16 20 15 1 6 17 12 10 2 18 9 5 
6 9 2 20 1 18 12 11 4 16 5 10 3 7 15 13 19 14 17 8 
20 10 3 6 4 19 5 8 1 16 2 13 18 9 11 17 15 7 12 14 
5 17 14 2 12 18 10 9 8 19 4 1 20 3 16 13 7 11 15 6 
7 4 5 17 14 20 8 2 3 9 1 11 19 16 15 10 13 12 18 6 
2 8 5 4 17 10 11 20 1 15 12 14 6 3 9 16 19 13 7 18 
18 19 1 2 16 3 15 17 9 5 13 7 6 12 10 20 11 14 8 4 
1 19 7 3 17 13 9 14 11 2 12 16 20 15 8 4 5 18 6 10 
15 17 3 20 1 6 7 16 10 12 18 5 13 8 2 4 9 11 14 19 
10 7 5 20 19 18 8 3 9 17 6 13 14 1 16 11 12 15 4 2 
9 10 3 17 7 2 4 16 15 14 19 8 5 12 6 13 1 20 11 18 
12 15 6 9 8 17 4 2 20 5 1 10 18 16 14 7 3 19 11 13 
16 13 4 19 12 17 7 3 11 18 5 15 10 1 9 20 6 2 14 8 
12 4 15 18 1 6 19 20 2 10 16 14 11 8 9 7 17 13 5 3 
18 10 1 16 3 19 12 2 5 20 7 14 15 17 8 13 9 6 11 4 
12 6 10 2 18 1 16 17 13 9 14 11 7 15 19 8 4 3 5 20 
4 19 7 6 14 12 11 3 5 15 8 1 13 10 2 17 18 16 9 20 
1 7 20 10 19 14 12 16 18 8 17 13 11 4 3 2 15 9 6 5 
10 12 7 3 2 9 18 17 14 4 8 11 1 15 20 5 19 13 16 6 
9 4 17 1 6 11 13 14 18 12 19 2 20 7 10 3 8 15 5 16 
5 16 4 1 6 20 18 14 9 10 13 17 8 3 15 12 2 7 19 11 
