5383640703,6190858460
25,20,20
94 54 33 40 94 8 29 62 92 34 85 28 94 93 60 18 34 23 18 63 
90 41 18 87 68 54 96 90 71 69 75 19 18 24 44 70 13 19 41 43 
86 78 84 40 36 38 19 56 86 71 16 99 31 1 52 34 56 78 96 57 
6 19 94 81 18 27 13 87 95 20 76 92 43 59 91 61 84 28 46 21 
61 13 67 71 1 59 87 56 57 22 97 53 87 82 22 41 56 43 30 8 
73 36 88 54 59 86 38 93 50 12 16 44 70 15 54 78 62 54 3 59 
45 65 95 3 32 57 52 41 50 19 69 44 38 66 49 49 78 67 66 96 
74 98 19 91 5 40 84 41 85 53 4 6 82 61 49 71 58 41 16 54 
14 64 16 4 71 34 71 18 28 40 89 2 76 88 34 33 7 82 27 77 
26 26 36 14 26 1 18 85 22 9 56 10 77 14 50 82 81 65 67 37 
71 7 60 72 14 66 38 4 43 71 75 1 95 59 55 49 35 12 11 75 
97 18 79 76 35 47 47 81 10 5 4 26 91 87 18 10 88 49 96 19 
72 73 18 4 66 73 20 89 96 35 78 23 58 34 72 92 83 2 32 27 
66 34 99 1 43 74 11 88 85 90 74 5 15 14 23 37 52 91 35 74 
27 42 82 22 55 37 59 6 89 23 56 17 95 83 46 92 36 64 42 98 
56 46 60 25 66 28 11 21 89 10 14 51 26 49 45 75 10 15 98 3 
59 96 69 78 11 94 78 97 96 4 44 73 1 84 39 47 5 25 97 23 
59 23 3 12 91 31 69 7 15 9 47 76 40 32 45 25 89 38 64 31 
34 31 2 84 67 20 10 85 79 6 5 83 70 9 62 88 85 19 24 71 
33 11 14 30 64 85 34 70 62 14 10 86 33 43 38 30 44 1 37 33 
25 56 56 97 81 42 10 26 59 26 82 68 73 14 15 90 60 97 33 44 
72 36 33 63 72 38 67 37 74 71 11 33 92 39 93 57 65 98 98 21 
21 41 66 10 77 77 13 15 65 82 43 3 92 85 31 23 62 78 63 48 
84 32 82 96 35 4 83 60 44 53 32 80 18 76 41 60 95 34 44 19 
31 89 36 81 20 82 4 46 76 24 83 14 31 12 58 52 46 68 91 97 
MACHINES
8 6 20 15 13 18 16 4 19 14 11 7 5 12 17 1 3 9 10 2 
1 20 13 3 9 14 8 19 2 18 7 4 15 5 10 6 12 11 16 17 
15 13 4 5 17 20 18 16 11 3 19 2 1 6 9 7 14 12 10 8 
20 16 4 14 13 15 1 7 8 11 18 19 5 12 6 10 17 2 9 3 
6 17 10 15 2 19 5 11 12 20 13 8 18 4 3 14 9 1 16 7 
16 15 13 10 12 1 4 3 14 2 9 8 18 6 7 5 11 20 17 19 
20 19 17 8 7 1 10 3 4 18 6 16 2 15 13 5 12 14 11 9 
4 3 14 7 1 18 5 13 2 6 16 9 15 8 19 12 20 17 11 10 
19 5 8 16 12 20 15 10 1 11 18 7 6 17 9 13 2 14 4 3 
4 1 7 11 9 8 14 12 2 6 18 15 20 5 19 3 16 10 13 17 
9 4 10 16 18 7 19 17 1 12 14 2 15 20 6 8 3 13 11 5 
18 8 12 19 4 7 6 11 1 5 3 2 9 14 10 17 15 16 13 20 
3 8 7 1 9 11 17 13 5 4 20 19 12 14 6 15 18 16 10 2 
5 4 3 1 9 2 8 11 17 20 10 6 14 7 16 13 18 12 15 19 
19 5 3 18 4 17 15 8 2 1 9 12 7 13 10 14 11 20 16 6 
12 4 15 17 14 18 9 16 6 2 3 13 1 19 20 7 10 5 8 11 
1 13 12 5 2 15 4 7 19 17 8 9 16 14 6 11 10 20 18 3 
10 9 2 5 18 14 16 8 6 17 11 13 20 3 12 1 7 15 19 4 
4 15 13 16 18 8 6 1 2 19 3 7 12 9 14 11 20 10 17 5 
16 6 20 4 17 10 1 11 5 19 9 7 2 8 15 3 14 18 12 13 
16 4 14 11 6 13 12 2 8 15 3 1 10 17 5 18 19 7 9 20 
20 2 19 4 9 13 5 15 12 7 1 17 16 3 14 11 6 8 18 10 
17 19 1 14 18 8 20 16 13 12 6 3 15 10 11 2 4 9 5 7 
8 15 4 6 13 17 3 11 2 20 9 12 18 5 16 14 10 7 19 1 
11 2 10 3 1 13 19 18 16 6 8 17 14 20 5 7 4 15 12 9 
