2747015380,8478522916
25,20,20
6 10 68 93 30 95 65 83 64 66 33 52 42 36 85 80 95 21 28 56 
55 83 45 43 93 86 75 6 11 48 22 1 16 17 51 6 38 5 86 84 
70 79 46 81 25 25 96 57 63 62 22 30 78 28 96 40 90 24 20 1 
40 73 9 60 63 60 46 48 25 22 39 1 35 88 13 9 3 63 80 66 
47 89 87 79 34 22 89 37 61 98 69 63 32 64 43 90 36 65 40 34 
71 62 47 34 34 72 33 95 60 48 37 62 21 88 70 88 18 2 50 68 
46 35 44 83 50 34 71 11 34 31 28 55 65 12 77 91 1 43 54 97 
10 20 82 75 5 21 14 47 49 27 94 42 18 43 5 15 52 76 80 79 
32 23 42 38 60 88 11 35 63 66 36 17 77 13 39 95 2 38 4 21 
63 89 1 30 45 63 5 5 35 32 3 99 74 23 31 98 66 50 43 24 
49 18 36 90 92 8 58 71 14 44 88 63 22 79 55 93 57 49 69 37 
78 39 51 61 42 11 98 19 97 9 9 79 64 43 14 70 50 28 1 32 
25 84 52 1 96 30 5 11 68 23 32 15 84 65 24 37 45 48 73 69 
42 47 73 25 86 8 35 1 2 95 35 37 19 47 71 63 88 16 36 4 
54 25 54 79 31 33 20 72 2 39 95 54 93 7 33 79 14 80 46 31 
21 67 83 1 41 32 18 36 89 69 85 7 82 5 47 23 39 99 72 95 
16 44 19 10 58 74 40 28 33 10 59 59 64 19 3 47 51 11 72 7 
44 92 47 97 4 36 27 83 71 94 48 33 16 96 97 33 79 91 35 52 
16 14 20 26 18 98 13 64 73 4 98 49 43 4 4 94 34 28 57 68 
99 47 38 96 35 28 41 26 92 82 22 77 70 69 23 4 76 97 86 49 
46 60 55 91 12 42 18 98 75 97 97 98 66 31 70 50 94 66 63 11 
35 12 77 32 75 74 67 46 20 25 97 50 93 15 38 50 71 90 15 7 
4 63 87 62 62 19 47 67 36 2 49 26 32 18 45 6 28 78 77 70 
72 51 17 55 45 98 43 34 91 11 61 90 21 65 25 8 45 47 51 13 
43 8 56 81 78 10 34 87 5 95 62 75 68 67 24 76 80 55 16 70 
MACHINES
4 3 8 11 7 12 1 10 13 17 6 18 9 16 19 20 5 14 2 15 
16 9 2 6 3 8 11 17 13 12 7 4 5 15 20 18 14 19 1 10 
5 18 11 9 8 3 4 20 1 13 16 7 15 6 2 10 12 14 17 19 
5 10 15 1 9 6 16 17 12 19 13 18 20 4 11 8 14 2 7 3 
13 18 10 17 14 3 20 15 12 11 16 5 7 8 2 1 19 9 6 4 
13 17 2 10 9 12 8 16 14 7 11 19 18 6 1 4 5 3 20 15 
5 3 20 1 8 15 10 6 17 9 19 12 11 16 2 7 18 14 4 13 
13 10 8 17 19 9 11 3 14 1 7 6 4 20 16 12 2 18 15 5 
18 12 1 10 15 2 9 14 6 13 17 3 4 20 11 16 19 8 5 7 
5 7 6 17 16 4 19 8 2 13 1 3 11 18 9 14 10 12 15 20 
17 2 6 14 13 15 7 19 10 9 16 1 5 12 11 3 18 4 20 8 
5 20 17 14 9 15 7 3 13 2 12 6 4 10 1 11 16 8 18 19 
1 13 5 17 16 7 6 18 9 19 10 15 3 14 8 4 20 11 2 12 
9 13 19 16 17 6 14 18 2 5 11 20 3 1 7 12 8 15 4 10 
3 1 15 18 13 5 6 19 14 8 12 16 7 20 2 17 4 10 9 11 
13 1 16 15 9 3 17 8 18 2 4 19 10 11 14 7 12 6 20 5 
5 14 15 1 17 6 4 13 18 3 11 9 8 20 19 10 12 2 7 16 
13 8 19 3 9 10 14 17 5 2 16 12 1 15 7 11 18 20 4 6 
4 9 8 17 15 5 12 20 7 6 2 13 16 14 11 1 3 19 18 10 
8 16 13 17 4 7 19 12 6 20 2 1 3 5 9 14 18 10 15 11 
15 16 5 18 9 4 11 19 8 7 3 10 13 14 1 2 12 17 20 6 
3 10 18 9 13 7 2 20 1 11 16 8 12 17 4 15 5 14 19 6 
19 11 2 10 15 6 1 18 12 3 4 14 16 5 17 9 8 7 20 13 
17 16 20 8 15 19 3 18 7 14 11 4 5 10 2 13 9 6 1 12 
3 19 20 9 12 10 1 18 2 14 5 17 16 8 4 15 13 7 6 11 
