7957157769,6077809355
25,25,25
18 31 92 48 58 3 53 96 21 1 23 30 28 78 61 40 15 17 2 50 14 94 83 89 3 
83 38 47 74 55 60 96 14 44 18 21 24 73 95 68 95 31 32 51 59 36 62 49 20 89 
53 53 39 75 15 36 84 98 81 55 63 49 54 35 46 14 78 31 74 25 83 89 89 64 19 
78 24 74 67 53 71 61 24 9 83 64 45 38 86 74 68 68 25 17 76 20 27 79 71 56 
19 63 34 21 75 14 9 58 29 80 29 98 1 9 39 22 19 21 84 37 33 30 75 40 69 
88 25 65 90 77 19 58 45 99 53 14 33 68 45 45 53 25 97 41 87 53 61 15 25 95 
8 57 99 1 58 77 43 79 89 11 18 71 70 60 85 28 88 60 79 96 82 31 39 75 90 
11 60 65 46 80 53 93 79 4 95 82 26 21 67 11 10 24 1 22 66 62 3 92 14 88 
12 90 35 18 2 84 32 44 44 25 77 1 36 46 97 5 3 10 70 59 17 86 37 77 51 
91 72 27 54 54 27 10 65 81 56 99 21 30 30 13 4 42 72 85 76 91 67 95 35 15 
76 7 31 68 5 70 70 85 47 45 9 7 40 39 53 13 83 31 25 85 43 86 21 50 61 
65 67 32 6 42 7 12 68 27 38 15 97 16 12 87 17 48 25 45 76 32 27 17 55 97 
81 65 25 23 27 93 34 14 77 67 52 95 36 10 29 91 46 35 26 5 63 13 45 4 25 
31 11 59 14 74 36 61 65 98 23 31 90 60 92 57 49 50 12 70 93 22 93 77 75 91 
15 77 10 84 40 66 46 8 88 22 66 88 14 26 75 4 77 56 53 97 77 62 45 54 9 
65 5 26 25 48 42 58 76 52 96 61 82 42 25 79 36 56 22 3 74 65 18 24 16 39 
10 67 44 17 16 51 2 6 88 38 86 57 19 38 70 10 67 82 34 73 71 92 14 65 71 
6 85 20 31 47 90 3 95 76 86 16 32 26 64 42 62 63 57 81 91 14 94 80 11 45 
85 73 53 29 2 1 97 18 82 61 91 42 44 66 96 90 77 62 8 40 64 7 82 36 94 
80 47 63 87 10 82 78 12 83 53 76 5 84 21 46 10 57 8 73 36 74 25 85 90 2 
54 6 57 43 23 96 21 45 40 11 66 32 97 86 36 81 95 85 50 4 86 8 25 91 55 
46 25 57 7 66 44 69 32 58 97 80 4 77 12 84 55 76 78 65 60 72 28 53 73 12 
8 50 64 1 13 30 66 24 3 37 83 24 99 81 22 17 71 95 39 79 12 46 96 89 97 
55 66 28 24 25 16 29 79 97 18 76 63 11 38 83 72 97 2 46 72 86 40 61 50 91 
27 50 88 84 70 73 6 32 50 14 86 63 88 60 87 45 53 29 55 55 46 47 84 92 92 
MACHINES
17 22 21 14 10 1 4 24 11 19 15 16 20 8 2 9 23 5 13 6 3 7 12 25 18 
7 25 6 9 1 18 2 17 4 3 10 11 23 22 15 24 20 21 8 16 14 13 19 5 12 
17 11 7 5 9 13 25 15 19 1 24 4 20 18 2 22 12 21 8 10 16 6 3 23 14 
8 3 5 16 24 6 14 4 17 23 20 22 15 21 9 12 18 25 7 10 11 13 2 19 1 
13 2 7 20 23 10 16 3 19 24 15 21 12 25 11 1 9 17 18 4 22 5 8 14 6 
25 10 5 9 8 12 23 11 6 2 18 13 19 4 1 24 15 22 16 7 17 3 21 14 20 
4 3 13 21 23 5 10 9 17 2 19 14 12 6 25 1 22 18 20 7 8 15 24 11 16 
13 1 19 5 6 16 3 4 7 12 2 17 22 8 9 24 23 18 11 20 15 21 10 14 25 
12 14 20 23 7 1 25 2 9 17 13 21 24 15 8 11 22 18 4 10 6 16 19 3 5 
24 25 17 1 12 7 8 19 14 22 20 2 4 3 11 23 18 10 21 6 5 15 16 13 9 
23 7 9 18 6 21 20 5 15 11 24 3 25 4 16 17 2 8 14 22 13 19 1 12 10 
22 15 16 12 11 3 7 14 17 10 5 9 24 13 2 6 8 21 25 4 1 20 18 19 23 
6 16 23 17 5 21 7 24 10 20 15 9 12 3 19 4 11 8 13 18 22 25 2 1 14 
9 23 21 3 17 11 2 24 15 16 12 10 13 20 14 1 5 19 4 7 25 18 8 6 22 
22 15 12 20 1 7 4 23 18 3 21 6 10 24 2 16 14 19 9 17 8 25 13 11 5 
21 24 22 12 16 19 25 5 15 10 23 20 2 18 4 13 1 8 3 6 7 14 9 11 17 
8 3 7 22 4 21 19 18 13 23 25 2 6 9 17 5 1 15 24 20 16 11 12 14 10 
1 15 20 5 8 9 10 3 19 17 18 23 12 24 25 4 7 6 14 16 11 22 13 2 21 
12 11 6 2 24 19 22 15 7 25 13 14 4 18 5 17 3 9 23 8 16 10 20 1 21 
21 6 15 4 16 20 22 11 18 17 23 2 1 7 13 24 10 5 25 8 9 14 12 19 3 
18 15 17 5 10 12 20 21 19 8 14 3 4 16 22 23 11 2 25 9 24 7 6 1 13 
24 11 17 10 23 20 4 21 19 14 25 9 13 8 1 6 22 16 7 18 5 12 2 3 15 
1 6 24 7 23 22 3 14 12 13 5 19 4 17 21 20 9 18 11 25 2 10 15 16 8 
6 11 13 18 12 20 17 8 1 19 14 16 23 15 3 9 21 25 24 4 22 2 5 7 10 
18 13 25 24 20 4 5 16 14 7 8 11 1 2 12 21 6 23 17 22 19 15 3 10 9 
