2580443736,1574191356
25,25,25
21 9 74 11 89 44 19 19 23 31 39 8 98 55 76 62 99 19 18 52 25 34 8 31 77 
90 9 97 65 68 54 63 98 20 3 52 5 57 78 47 31 39 23 42 65 64 39 40 38 44 
75 95 18 71 93 60 88 95 41 90 14 81 34 26 21 56 71 82 81 71 51 89 91 13 2 
96 49 24 1 85 41 61 19 13 68 67 50 49 79 91 89 67 28 33 4 26 97 61 98 17 
88 81 54 7 17 83 45 43 15 54 19 82 9 63 24 43 96 64 22 23 44 68 89 93 67 
41 51 10 1 61 21 6 28 15 60 20 58 53 56 97 2 5 7 52 14 72 32 17 78 83 
14 88 47 53 6 65 16 49 14 35 58 12 73 97 26 4 97 13 15 82 24 29 52 52 94 
18 29 70 68 98 32 75 40 58 14 72 64 6 13 44 1 19 21 42 81 80 78 10 3 70 
86 58 87 86 56 10 51 67 43 35 29 76 85 48 24 37 30 29 74 7 90 61 23 23 35 
2 5 59 87 1 92 13 92 16 48 93 19 87 80 46 18 76 92 94 6 34 43 99 36 83 
73 11 92 24 27 87 98 14 47 84 82 64 92 52 24 63 24 3 70 14 37 70 70 78 10 
94 28 18 26 98 11 41 76 86 72 81 95 39 43 27 44 63 58 11 45 76 42 91 74 24 
25 67 28 64 22 2 18 67 44 34 78 36 55 79 94 52 8 88 22 20 29 53 98 15 5 
58 67 17 44 17 51 15 55 4 65 10 47 1 37 54 64 13 72 96 13 63 53 94 26 12 
1 14 11 66 58 62 77 5 25 25 81 17 8 40 99 38 37 9 78 27 61 47 51 93 44 
97 35 93 62 62 13 1 56 2 82 49 33 9 3 2 87 11 18 89 9 24 31 71 47 83 
92 79 47 11 40 8 40 76 17 71 86 98 50 79 4 45 9 55 67 9 72 25 20 39 80 
63 42 5 45 58 91 11 10 39 91 12 64 68 52 37 7 19 35 38 81 48 2 5 55 78 
81 60 73 10 77 10 18 38 22 18 31 78 98 8 6 25 23 52 24 53 9 78 95 30 55 
14 77 95 90 4 56 30 54 68 76 16 42 96 85 25 77 75 80 10 37 41 94 82 94 29 
99 17 65 56 93 52 47 3 39 27 43 31 97 81 58 9 99 14 85 47 69 62 79 59 74 
33 50 61 94 20 56 17 29 70 46 25 20 84 65 19 88 12 1 27 96 31 68 65 56 37 
27 61 90 43 79 43 87 82 83 47 24 58 6 70 53 48 11 55 59 51 79 91 28 35 26 
56 86 15 16 85 22 98 92 39 58 34 50 78 35 92 80 42 84 89 27 64 31 10 25 46 
82 74 95 38 75 63 38 89 7 21 61 76 87 3 35 6 99 53 72 79 78 12 77 9 6 
MACHINES
13 1 15 24 16 21 11 12 14 5 20 6 3 9 17 4 2 8 7 19 10 18 25 23 22 
12 8 5 16 2 21 3 4 10 14 22 6 17 1 19 24 20 9 18 13 11 25 23 7 15 
7 13 25 4 2 12 15 20 19 8 16 17 9 21 14 10 1 5 18 6 22 24 3 11 23 
18 15 4 20 7 25 10 14 17 9 8 2 1 16 22 19 11 13 24 21 23 12 5 3 6 
3 14 24 16 25 21 5 15 22 6 20 9 4 13 23 10 1 17 11 7 12 19 18 8 2 
3 7 11 21 5 6 20 4 14 17 18 24 16 8 23 19 9 15 22 13 10 25 1 12 2 
25 18 3 21 9 1 17 24 11 22 4 8 20 6 15 19 14 23 2 10 13 12 16 7 5 
11 17 5 18 10 22 2 15 13 3 19 25 7 1 16 23 8 21 4 12 6 20 14 9 24 
12 5 13 8 1 6 22 23 20 24 21 11 14 2 18 25 17 10 19 16 7 9 4 15 3 
20 14 16 5 4 15 21 6 11 9 24 2 19 13 7 23 3 17 25 8 10 18 22 1 12 
17 23 19 4 25 10 1 9 24 3 2 20 16 22 18 15 8 12 6 7 13 11 14 5 21 
22 9 23 2 11 12 17 21 18 16 7 13 3 1 10 15 14 6 19 5 8 24 4 25 20 
21 6 20 3 11 8 14 15 17 24 4 1 5 16 10 19 22 25 13 2 23 18 7 12 9 
3 2 12 25 14 1 13 20 7 15 4 6 21 8 9 16 22 10 11 23 17 24 5 18 19 
21 19 13 5 11 20 9 23 24 4 17 6 10 22 3 15 18 7 8 16 1 2 12 25 14 
18 7 25 16 21 6 19 9 22 12 11 1 2 10 24 20 3 23 15 8 5 17 14 13 4 
2 19 13 23 20 8 6 25 5 12 4 1 24 16 17 15 7 21 9 18 3 14 11 10 22 
23 1 8 14 18 19 10 17 20 11 7 22 15 2 25 21 9 3 6 4 5 16 13 12 24 
1 21 12 11 8 13 10 20 4 3 9 6 7 16 19 22 25 15 5 23 17 2 24 14 18 
13 21 6 19 9 15 20 7 16 17 1 8 24 5 2 22 18 12 25 3 23 4 11 14 10 
22 17 16 23 2 24 20 14 19 9 1 13 18 12 10 25 6 4 11 15 8 21 5 7 3 
12 9 21 23 8 13 5 17 1 10 7 6 2 16 14 20 25 4 19 15 3 18 11 22 24 
14 2 18 7 17 6 8 1 13 10 21 12 23 5 20 22 24 19 4 11 9 15 3 16 25 
16 23 14 21 9 12 19 20 2 25 22 7 10 13 4 18 11 24 1 6 5 8 3 15 17 
16 22 25 21 4 17 19 2 3 1 12 11 8 9 6 5 20 10 23 24 14 18 15 7 13 
