5073981089,8828050980
25,25,25
59 52 10 60 35 44 28 4 26 1 2 46 10 23 65 87 83 33 40 43 94 39 17 11 99 
36 97 96 92 45 72 20 92 75 57 66 23 78 58 13 13 12 28 32 34 20 14 43 35 34 
99 23 26 94 64 80 88 21 74 16 36 38 60 87 90 96 81 56 67 70 86 30 57 23 6 
12 55 50 57 77 77 92 77 37 38 28 5 78 11 55 9 21 40 9 53 79 30 30 17 12 
7 54 64 45 32 3 63 73 87 43 22 20 1 28 80 45 3 11 83 2 67 4 16 9 40 
42 99 24 14 76 21 67 97 13 23 36 59 45 14 20 11 64 95 45 95 26 29 69 25 92 
26 29 81 59 50 13 9 21 39 29 28 98 45 37 81 34 19 75 54 62 78 71 20 99 73 
40 38 31 92 74 26 40 40 72 51 62 60 92 2 15 36 50 77 55 79 69 75 32 82 25 
19 64 79 11 5 43 50 62 75 60 48 35 90 71 95 71 26 95 45 32 83 82 80 80 96 
99 3 55 38 99 5 80 29 93 68 80 94 12 93 16 32 45 93 88 82 97 84 47 1 27 
37 30 82 60 69 10 16 12 32 98 9 54 91 69 18 16 92 44 63 54 82 37 24 5 1 
20 53 85 55 44 80 10 7 66 70 83 52 14 41 18 54 41 10 47 2 72 25 65 20 28 
34 53 64 95 94 9 64 71 90 31 94 39 15 58 96 37 25 89 75 93 28 47 24 21 91 
55 60 40 51 77 52 3 79 94 74 51 97 79 83 50 40 83 68 73 79 56 97 6 46 3 
21 70 60 14 75 31 42 60 91 42 5 50 22 46 89 26 7 78 38 76 27 8 3 1 74 
65 92 21 95 18 28 72 74 24 87 89 60 25 56 72 92 49 42 39 27 34 17 50 45 74 
54 82 12 64 71 11 42 71 72 52 15 87 2 50 16 19 59 43 22 18 21 14 27 25 2 
2 29 98 74 55 93 50 21 62 71 94 41 95 17 86 68 2 17 20 19 43 61 46 69 2 
36 12 64 23 92 49 19 91 8 51 80 51 49 68 69 57 25 61 77 19 25 61 69 47 20 
94 57 83 76 80 43 5 81 90 23 58 19 82 34 28 63 41 69 17 16 22 30 82 82 94 
42 31 57 41 65 30 2 76 17 45 94 44 98 41 93 33 54 39 46 70 25 50 21 65 27 
26 30 11 1 15 61 43 88 48 45 81 8 13 52 1 46 17 6 6 71 18 73 85 97 18 
71 49 61 88 56 66 67 8 19 71 21 22 59 6 60 26 10 60 92 33 84 82 98 14 98 
85 37 24 62 64 75 36 74 3 41 82 84 63 56 46 50 29 68 38 77 4 54 15 81 33 
80 45 99 15 47 13 55 10 39 88 94 63 71 48 90 28 44 77 14 42 12 94 77 28 3 
MACHINES
22 14 16 1 2 19 7 5 9 10 4 8 23 12 17 24 13 20 18 6 11 25 21 15 3 
19 15 13 1 25 22 2 18 5 7 3 20 16 6 8 23 4 12 9 14 11 17 10 24 21 
20 7 24 3 4 2 23 15 21 1 10 5 25 16 13 14 22 12 19 8 9 18 11 17 6 
17 22 8 11 23 18 7 4 5 3 12 24 10 1 6 15 16 21 9 14 13 25 2 20 19 
2 25 14 12 19 18 16 5 1 3 10 22 7 4 23 13 17 9 20 21 15 11 24 8 6 
21 14 2 13 4 22 16 5 20 18 15 11 23 6 19 8 7 10 17 1 3 12 9 25 24 
4 25 14 24 5 18 20 7 19 12 21 2 23 8 13 6 9 17 3 10 1 11 15 16 22 
8 5 20 2 11 14 13 3 7 16 1 10 15 17 23 12 4 9 22 19 18 25 6 24 21 
21 9 3 11 24 12 6 17 22 5 14 16 25 10 18 7 2 15 20 13 1 8 4 23 19 
3 12 5 22 17 6 11 23 15 1 18 16 2 25 10 14 20 9 7 21 24 8 19 13 4 
8 3 24 22 9 10 25 21 12 23 18 20 14 19 11 13 5 2 4 17 15 1 6 7 16 
1 25 8 21 7 3 4 18 13 2 11 9 19 24 17 14 16 6 22 10 23 15 12 20 5 
5 14 6 13 21 8 1 4 11 19 9 17 20 23 18 7 25 24 15 10 22 16 12 2 3 
1 6 2 10 18 23 9 25 21 13 5 11 24 20 16 14 15 3 22 8 7 17 12 4 19 
14 9 15 6 18 3 7 12 16 23 13 2 20 1 24 4 17 22 25 19 8 21 5 10 11 
5 21 16 14 11 18 3 6 25 23 1 17 2 4 15 22 12 20 8 13 24 7 9 10 19 
1 5 22 15 8 21 24 13 25 3 16 18 12 2 20 6 7 19 10 4 11 17 14 23 9 
3 9 15 18 11 14 22 10 6 17 5 7 23 20 19 16 12 2 25 24 1 4 13 21 8 
3 2 19 23 14 1 20 22 17 13 5 7 16 12 4 6 8 10 9 21 15 11 18 25 24 
10 18 14 13 24 25 16 4 11 12 21 3 23 19 2 5 9 1 22 8 6 17 20 15 7 
17 23 11 24 7 22 15 25 18 9 3 20 14 6 10 21 12 16 5 13 8 2 1 4 19 
15 21 23 25 14 12 22 16 19 3 20 2 5 9 7 18 17 6 1 8 4 24 11 13 10 
9 13 7 15 24 20 12 1 3 25 6 18 2 16 19 22 14 23 10 8 4 11 21 5 17 
22 19 10 9 21 3 4 5 25 16 18 11 23 8 2 20 12 24 6 15 13 7 14 1 17 
14 7 2 1 17 25 22 11 16 15 12 8 3 21 24 23 20 10 9 19 18 6 5 13 4 
