6263270517,8650923307
25,25,25
32 20 67 2 34 29 87 46 61 38 44 16 99 73 64 25 20 52 39 44 78 97 96 92 71 
15 88 84 88 13 33 7 88 89 22 98 84 58 62 53 18 31 12 33 28 89 33 46 53 59 
62 37 12 4 87 85 96 2 42 75 24 6 49 40 52 24 56 3 52 62 31 52 6 19 93 
90 98 1 35 67 71 66 77 90 34 61 3 53 73 5 91 8 33 60 19 65 32 92 44 48 
19 90 62 23 49 62 41 14 18 90 93 22 48 95 84 32 54 36 39 62 8 39 82 42 55 
69 84 66 75 56 25 97 70 77 55 63 40 88 96 29 20 45 57 99 26 2 19 90 56 58 
52 47 42 70 65 75 25 44 92 28 36 36 50 55 96 66 87 82 98 43 48 64 62 91 80 
37 44 30 54 1 84 92 11 20 15 22 94 45 57 63 73 69 1 55 79 16 10 77 47 19 
31 98 50 31 60 61 52 30 77 81 9 32 15 22 84 26 2 50 46 25 83 35 5 79 44 
95 89 11 39 9 79 16 44 68 25 48 49 44 40 5 1 78 44 13 33 26 86 44 91 26 
87 8 80 33 24 33 95 59 13 2 93 42 40 11 32 81 36 75 20 20 45 51 79 25 38 
6 30 57 11 2 69 18 12 78 88 38 87 67 57 10 8 59 12 88 54 48 20 57 92 78 
22 27 30 58 71 34 15 57 3 25 48 68 42 61 72 70 18 25 75 23 4 7 53 75 47 
79 38 87 31 92 21 30 20 40 6 22 25 82 41 67 85 57 99 75 5 45 50 35 97 40 
47 55 15 71 21 66 6 48 27 72 49 4 34 60 67 62 91 58 48 61 34 13 52 58 18 
90 36 70 83 63 51 33 15 21 58 34 75 42 67 6 56 69 93 56 25 82 61 35 52 69 
55 97 36 80 1 38 58 37 78 23 38 42 26 35 47 63 29 4 79 1 41 25 42 67 32 
87 83 45 89 86 19 30 17 29 36 68 8 12 54 13 82 18 58 29 36 49 74 67 14 76 
5 22 85 83 18 38 96 78 98 43 65 11 31 40 94 69 21 22 74 59 46 61 99 59 48 
88 18 9 89 85 7 7 50 52 64 11 4 59 21 10 21 25 10 73 68 49 89 72 22 89 
14 4 93 13 85 89 66 38 35 24 21 56 22 85 5 28 34 35 14 14 78 91 94 5 39 
7 44 23 35 31 39 24 40 55 76 99 27 6 64 99 94 54 83 80 12 51 70 87 28 98 
20 91 88 26 84 53 3 24 39 65 21 85 84 48 56 9 4 57 46 18 54 12 20 9 85 
36 88 93 34 21 55 37 54 82 29 55 10 68 41 83 24 71 60 45 27 69 2 24 37 77 
21 50 21 74 78 91 43 87 43 53 15 12 84 54 35 56 83 15 2 71 55 57 75 76 49 
MACHINES
17 10 25 23 15 9 20 11 3 19 13 5 6 7 21 4 24 16 2 18 12 22 1 14 8 
6 23 4 22 25 18 8 13 14 2 7 9 1 12 15 10 11 5 19 16 24 20 21 17 3 
18 20 6 21 19 10 7 25 23 11 16 9 13 17 15 14 2 4 24 22 12 3 5 1 8 
5 23 15 17 20 8 2 18 12 22 4 11 1 19 3 24 13 6 21 7 10 25 14 9 16 
22 14 2 12 11 18 6 4 23 24 25 19 5 7 15 3 1 20 13 8 16 9 17 10 21 
10 7 9 11 3 2 1 13 17 22 21 24 12 8 23 16 20 18 5 14 15 6 25 4 19 
4 6 19 11 2 20 3 16 5 1 9 7 13 24 25 17 23 12 18 21 22 8 15 10 14 
23 9 5 7 21 17 24 4 8 18 14 10 15 25 3 6 1 13 2 22 19 11 12 20 16 
22 24 21 5 23 7 1 15 2 4 25 10 18 16 9 14 19 17 11 13 8 6 12 3 20 
10 25 15 21 24 1 18 4 6 16 23 12 9 19 13 7 14 17 5 2 11 8 22 3 20 
1 12 22 6 13 15 8 11 5 14 16 23 17 19 10 20 18 25 9 3 4 7 2 24 21 
17 18 1 20 21 25 19 16 23 7 6 8 5 14 13 15 4 3 2 9 10 24 12 22 11 
19 15 14 20 7 3 10 12 13 8 21 6 2 16 23 17 22 9 4 1 24 18 5 11 25 
7 8 11 2 24 25 5 10 6 23 22 14 12 17 9 1 4 15 3 19 13 16 20 18 21 
18 1 17 5 7 8 15 6 13 9 23 22 11 21 2 14 3 16 4 10 12 20 25 24 19 
1 9 14 11 22 5 17 15 16 25 13 23 6 7 10 2 24 20 18 4 19 3 8 12 21 
11 22 2 7 21 23 18 20 13 1 12 19 25 3 14 24 9 10 16 15 4 17 5 8 6 
18 2 17 21 6 10 8 3 19 9 1 7 4 11 12 13 25 22 15 14 5 23 16 20 24 
17 11 23 18 8 24 13 12 15 10 21 9 5 3 7 16 19 14 4 2 22 25 20 1 6 
20 7 13 4 9 23 19 22 21 14 3 24 16 12 11 6 10 17 8 18 1 25 15 5 2 
2 3 14 9 25 19 5 23 7 4 17 8 16 18 6 15 20 13 22 21 24 11 1 12 10 
5 16 23 12 22 9 20 11 1 25 10 19 2 21 13 7 17 3 6 24 15 14 8 4 18 
11 14 2 9 5 12 18 23 6 7 21 1 8 3 19 25 20 24 16 4 15 10 17 13 22 
1 15 21 19 4 14 13 6 11 16 22 9 8 23 3 7 2 25 10 24 5 20 12 17 18 
6 7 13 1 8 17 20 3 14 23 10 4 5 25 11 22 18 24 9 12 21 2 19 15 16 
