1952988214,9513309042
25,25,25
67 31 82 15 95 13 81 28 84 45 41 95 76 68 7 80 8 49 17 57 72 30 2 30 52 
30 79 77 99 30 82 73 72 43 28 34 21 47 76 61 11 6 99 79 24 48 95 80 66 41 
2 67 87 57 11 27 90 48 43 88 20 47 4 85 48 78 5 27 82 6 27 19 6 55 41 
3 9 12 6 82 63 25 99 84 22 76 92 99 31 62 55 54 99 56 52 16 51 24 21 35 
8 65 71 25 90 83 6 40 26 75 11 96 8 51 23 45 90 85 20 72 43 3 89 79 35 
1 73 37 4 18 36 14 55 12 39 47 2 38 57 87 59 47 8 81 14 54 3 85 96 26 
4 84 72 89 32 74 49 1 24 10 25 3 89 82 62 81 90 98 24 18 61 13 23 40 64 
26 90 20 60 87 29 82 38 69 35 19 36 53 87 96 31 97 39 90 81 40 6 60 85 31 
46 88 88 67 24 9 47 97 82 59 42 15 81 90 34 12 73 77 5 95 11 82 72 82 80 
79 30 50 61 83 76 34 93 16 14 94 31 10 15 67 45 34 38 84 53 78 90 46 87 33 
3 10 64 30 17 16 10 22 52 87 5 68 65 65 40 57 61 48 61 2 83 8 83 41 34 
15 93 45 49 71 34 74 16 98 89 10 91 5 6 76 67 92 49 20 33 34 91 23 94 90 
34 71 24 18 3 99 4 19 14 96 98 35 50 80 37 35 1 2 99 97 55 64 34 32 72 
30 63 17 33 84 93 29 26 70 69 83 1 24 42 98 25 98 12 96 37 17 12 72 62 8 
42 66 55 86 34 47 71 60 38 88 42 30 29 77 47 39 74 12 45 37 50 62 12 59 8 
1 8 92 72 69 61 36 97 85 78 23 79 77 66 17 91 78 57 72 94 44 49 25 90 33 
62 68 88 4 88 42 5 74 3 14 75 87 31 92 84 16 28 83 67 64 98 66 24 64 88 
12 58 91 9 82 60 61 16 96 93 70 52 21 79 94 45 48 24 9 87 71 52 18 16 54 
96 51 94 20 48 62 97 26 27 72 86 60 33 34 44 66 31 55 52 81 13 14 11 68 80 
67 15 10 28 86 78 83 59 96 13 81 78 77 49 41 97 47 25 73 15 30 21 10 95 11 
42 84 9 63 75 33 13 62 64 8 7 96 88 19 65 25 75 52 24 14 56 84 52 95 90 
23 92 81 42 25 3 88 54 8 9 18 72 70 97 50 21 56 61 97 69 56 7 10 40 65 
91 22 4 48 36 60 69 48 80 55 89 28 49 96 9 86 41 65 62 54 14 85 66 56 15 
26 60 47 79 72 24 87 20 16 76 34 70 97 83 2 55 43 83 92 82 98 70 14 84 89 
25 8 60 74 28 45 75 87 36 82 44 9 53 19 64 1 89 60 11 48 59 28 27 22 69 
MACHINES
21 24 18 25 14 10 4 2 15 17 16 23 9 3 11 1 7 6 5 20 8 19 22 13 12 
7 20 9 25 2 24 11 14 23 12 1 3 13 5 15 4 22 21 10 6 8 17 16 19 18 
8 14 16 5 11 25 24 23 18 7 12 13 6 4 17 1 10 20 15 19 9 21 3 2 22 
5 12 23 22 8 20 25 18 10 2 16 11 9 14 21 17 24 6 19 13 15 4 7 3 1 
16 21 13 4 15 6 20 2 8 1 5 23 10 24 7 25 9 3 17 19 11 12 22 14 18 
24 17 6 23 12 7 2 16 11 5 21 18 9 19 25 14 22 15 1 3 10 20 8 4 13 
11 12 21 4 14 24 22 17 25 6 10 5 9 15 23 19 13 1 7 16 18 3 8 20 2 
10 14 23 11 18 8 20 12 1 15 9 2 17 13 7 19 25 6 21 5 3 4 24 16 22 
25 21 16 9 10 22 20 23 15 24 17 1 18 12 14 13 19 3 2 8 6 7 11 5 4 
13 4 6 5 17 1 2 7 15 9 14 23 19 22 25 12 3 16 8 10 24 20 18 11 21 
24 14 20 7 21 25 5 12 4 2 23 8 3 16 17 15 18 11 19 6 9 13 10 1 22 
13 17 3 22 23 1 2 20 21 19 18 4 10 24 16 12 25 8 7 14 9 11 6 5 15 
21 10 22 4 23 11 5 2 17 16 14 18 25 3 15 13 12 9 24 8 1 7 19 20 6 
20 19 2 12 7 21 10 25 9 24 13 1 18 15 8 6 11 23 5 3 17 4 14 22 16 
13 9 4 16 22 1 15 8 11 3 19 21 10 7 2 20 23 6 14 12 24 18 5 17 25 
5 1 19 3 25 15 8 17 21 12 6 4 24 10 16 14 2 18 20 9 13 7 22 11 23 
2 9 7 10 11 16 1 6 18 4 21 14 23 20 5 22 3 13 24 12 17 15 8 19 25 
6 21 8 20 15 12 19 1 22 7 13 9 5 4 25 14 16 24 3 10 18 11 2 17 23 
14 5 7 18 23 21 3 17 25 1 12 20 13 15 22 19 2 11 16 8 4 6 10 24 9 
14 21 11 4 9 13 2 8 18 15 22 3 6 1 20 19 12 16 25 24 17 23 7 10 5 
20 21 6 22 15 25 7 12 5 9 3 1 14 24 8 13 19 23 18 10 17 11 4 16 2 
13 12 18 1 15 10 3 7 22 5 24 14 2 23 6 4 20 8 25 9 11 19 16 21 17 
3 14 17 19 15 13 4 9 23 1 5 8 22 2 11 10 21 16 20 24 7 18 25 12 6 
2 17 12 24 23 8 4 22 1 14 3 10 25 7 18 5 21 13 20 19 16 15 11 6 9 
19 21 6 14 15 9 13 24 4 16 11 20 3 12 1 10 7 5 18 17 8 25 23 22 2 
