3865682796,5911464900
25,25,25
31 63 41 25 83 51 49 61 80 63 16 96 66 90 7 42 63 58 55 92 25 40 17 26 78 
50 74 8 45 27 18 45 94 78 25 74 45 69 18 61 17 44 80 72 36 77 68 35 41 47 
45 44 81 23 96 85 91 23 66 49 3 53 23 62 6 69 77 36 12 53 4 64 83 29 69 
15 66 77 75 95 7 53 12 22 90 89 86 85 69 13 72 63 12 89 4 64 8 10 83 62 
20 98 93 49 94 18 74 82 74 8 34 78 2 20 57 78 72 42 78 58 37 51 76 31 75 
56 14 58 54 63 90 83 89 40 91 25 63 65 63 22 40 70 64 54 41 66 3 97 56 48 
68 19 26 55 57 90 43 10 64 29 96 9 32 45 77 50 15 42 74 68 6 69 15 2 89 
46 38 42 43 77 17 78 34 68 6 67 25 57 5 86 89 93 80 90 25 46 98 72 40 53 
62 62 18 35 97 71 28 27 5 86 63 21 39 28 25 89 63 69 94 8 85 3 65 52 40 
55 50 17 89 75 59 89 98 58 70 19 11 47 19 14 80 35 36 1 24 23 37 51 72 49 
75 30 66 16 11 82 59 56 88 39 42 44 24 27 56 14 92 32 7 25 33 96 96 96 98 
23 95 40 92 42 51 53 99 34 70 86 67 91 31 36 20 36 31 55 31 9 4 59 78 62 
71 2 94 63 1 58 60 37 23 68 39 23 43 75 59 33 62 52 43 53 85 36 28 59 60 
74 81 77 20 57 92 53 55 32 27 59 99 86 18 6 90 38 38 55 71 75 29 94 82 35 
11 12 46 38 22 10 23 64 8 7 86 66 58 89 56 45 19 44 92 21 32 50 73 47 7 
34 79 34 99 74 49 15 23 82 37 4 91 78 93 71 52 77 94 3 59 1 24 60 98 98 
1 64 42 86 56 34 59 93 44 36 46 85 42 95 8 79 58 5 1 72 73 15 67 29 45 
94 48 86 19 31 9 56 29 83 8 18 65 95 33 73 41 85 19 37 3 73 15 98 15 56 
45 85 75 14 12 57 8 54 65 78 70 98 80 46 47 34 34 7 4 83 37 96 31 27 32 
92 8 17 21 77 22 10 61 25 50 28 11 44 83 81 1 91 10 2 68 98 74 76 83 40 
92 90 23 51 85 36 95 16 2 25 17 88 69 80 16 43 98 3 15 80 5 23 6 19 40 
47 45 39 38 90 31 25 68 54 65 6 11 3 91 47 80 18 49 31 41 13 19 39 75 33 
37 94 16 45 74 84 53 21 55 38 19 37 19 19 34 3 59 63 57 72 61 30 99 57 2 
23 59 57 55 46 85 86 92 72 25 77 93 5 43 31 82 80 13 30 41 98 34 46 51 46 
51 18 36 73 94 31 67 16 10 8 54 4 1 50 46 90 62 22 26 45 75 98 31 22 25 
MACHINES
7 17 16 11 24 18 2 22 3 9 13 6 20 5 14 4 8 25 15 23 21 12 19 10 1 
6 2 15 24 18 11 9 14 10 21 1 25 16 19 13 3 22 23 17 4 8 7 20 12 5 
2 3 16 5 19 7 15 4 17 10 1 9 20 14 12 23 24 6 18 21 13 25 8 11 22 
5 23 7 9 21 22 19 6 3 24 10 25 18 15 13 8 1 17 14 16 11 2 4 12 20 
15 10 9 7 21 16 12 19 13 1 22 25 14 8 11 2 3 24 5 6 17 4 20 18 23 
11 17 16 2 14 23 13 15 20 19 8 22 12 3 9 21 5 18 10 1 4 24 7 6 25 
12 25 18 24 5 7 16 6 13 11 14 20 10 15 1 22 3 8 9 23 21 4 17 19 2 
11 19 17 6 7 25 24 8 21 15 3 20 22 5 12 14 18 9 10 16 1 2 4 23 13 
15 9 18 17 20 25 14 3 11 4 22 10 13 8 2 21 5 1 12 19 24 7 16 6 23 
8 17 3 16 11 7 24 9 21 23 25 15 12 22 4 6 14 5 20 2 10 13 1 18 19 
13 24 25 2 11 5 9 15 22 7 17 23 18 6 8 19 20 14 1 12 4 3 16 10 21 
19 1 3 9 12 21 11 5 10 8 17 7 20 6 23 16 15 4 18 24 22 14 13 25 2 
25 21 9 15 4 17 10 20 19 13 6 5 1 8 7 18 3 16 23 14 24 2 12 22 11 
4 24 2 12 22 21 7 1 8 18 25 11 3 13 14 5 23 6 10 20 15 17 9 19 16 
22 16 25 20 5 4 2 23 10 13 24 6 19 1 12 8 9 18 14 17 21 15 3 7 11 
5 20 11 9 6 22 13 21 14 18 2 4 16 25 24 15 10 23 17 8 7 3 12 19 1 
15 8 3 20 22 12 5 24 14 25 23 11 16 4 13 1 10 17 9 6 2 19 18 7 21 
21 10 2 6 17 11 16 9 18 14 25 3 20 12 13 1 22 8 15 7 4 19 23 24 5 
6 18 19 8 1 15 24 17 16 25 7 4 11 13 21 22 3 20 2 14 9 10 12 5 23 
18 13 10 16 6 24 22 17 19 20 25 8 3 5 4 7 9 1 23 15 11 2 21 14 12 
23 13 18 14 25 22 8 3 15 6 20 16 24 7 21 1 19 17 5 9 10 11 2 12 4 
9 16 22 24 23 11 12 3 1 18 25 2 10 19 15 21 7 5 13 6 14 20 4 17 8 
24 22 16 13 19 12 15 5 1 23 3 20 21 2 11 8 10 7 6 4 25 9 14 17 18 
8 23 12 13 14 22 19 24 17 3 15 9 25 6 18 2 5 4 10 7 16 20 11 1 21 
9 19 18 14 16 3 25 10 20 13 22 21 15 23 4 8 24 6 17 2 7 5 11 1 12 
