1432256676,4220628753
25,25,25
20 74 77 36 87 55 87 41 29 83 9 73 55 74 6 46 99 7 92 58 77 56 69 49 91 
46 20 41 75 25 62 77 37 30 64 52 88 8 68 25 67 27 17 37 72 51 61 85 95 82 
53 60 51 58 60 65 57 34 26 26 1 11 69 62 90 95 64 97 45 35 11 18 23 62 65 
99 13 72 80 72 68 88 24 37 99 81 76 41 48 7 96 99 59 84 71 11 74 82 91 34 
38 52 35 67 18 41 96 13 57 24 97 9 86 22 34 74 47 79 76 64 13 72 5 26 75 
10 16 80 7 15 30 64 2 55 83 13 76 78 14 17 89 78 47 3 72 39 11 27 79 15 
52 47 75 25 3 2 98 4 48 17 29 87 63 66 42 63 57 68 15 58 97 25 83 29 25 
63 80 68 6 79 4 33 65 39 2 17 92 17 27 79 7 43 46 18 59 65 78 21 95 49 
15 25 79 62 85 57 49 48 70 63 42 36 8 15 98 95 15 68 33 55 46 24 92 60 57 
90 44 55 26 57 70 89 48 86 64 26 91 21 10 81 91 23 50 6 56 32 65 10 90 8 
41 43 44 3 78 41 53 7 31 47 10 93 90 36 87 24 14 48 58 78 46 57 24 86 95 
76 26 50 52 14 7 21 79 33 37 19 99 92 47 47 89 23 77 33 81 61 74 59 45 69 
18 24 31 91 49 5 18 47 77 57 13 23 71 6 67 78 7 61 54 86 46 35 29 54 54 
91 8 54 3 74 6 81 75 81 7 5 28 28 61 7 30 90 92 29 85 53 4 35 6 36 
59 30 10 5 73 69 58 31 40 37 37 53 54 72 91 71 70 99 95 44 27 18 15 94 48 
9 51 72 93 43 1 81 84 32 20 54 61 39 27 93 51 61 96 1 72 52 90 27 52 7 
19 31 99 50 66 39 25 52 52 65 87 31 55 37 10 35 76 67 23 70 96 17 64 59 32 
91 21 45 64 43 44 1 20 47 64 11 85 46 76 80 70 34 48 80 16 29 69 95 17 86 
2 9 95 57 90 92 76 85 36 18 13 65 18 13 53 82 41 12 55 92 59 68 49 39 43 
42 21 85 59 43 99 38 63 14 57 84 41 5 81 15 12 6 15 44 16 27 49 5 58 64 
41 38 12 97 55 4 35 78 79 22 44 46 78 43 9 57 78 81 54 30 56 7 4 42 44 
11 65 37 30 71 68 12 3 59 80 6 22 86 87 29 87 59 79 23 48 85 93 6 46 99 
64 43 34 83 89 51 60 33 53 79 32 20 95 79 6 34 75 43 90 79 13 18 66 98 88 
51 37 28 93 15 7 5 94 10 25 76 53 65 69 71 75 38 67 92 24 42 71 65 25 97 
30 2 36 82 28 59 27 1 1 26 68 62 49 82 83 8 42 67 81 96 47 75 2 95 2 
MACHINES
10 7 6 12 16 13 19 23 3 9 22 2 4 15 11 17 25 14 18 5 21 1 20 24 8 
12 19 10 5 4 21 6 13 2 14 20 16 1 7 8 17 25 3 9 18 11 15 23 22 24 
19 20 3 10 6 13 22 11 16 17 25 14 21 24 23 12 1 5 2 18 7 4 15 8 9 
11 22 3 23 25 21 9 7 13 4 12 6 1 20 16 14 2 15 10 5 17 24 19 8 18 
2 22 14 3 13 9 5 4 25 15 17 24 7 16 10 20 12 21 23 19 18 6 11 8 1 
16 12 21 5 7 14 9 20 6 11 19 2 24 15 18 4 25 13 17 10 8 23 3 22 1 
14 17 10 12 20 4 15 9 19 5 24 3 21 23 25 6 18 13 16 22 2 8 7 1 11 
1 10 20 2 11 19 25 13 21 23 8 17 14 7 16 18 5 15 12 6 4 22 9 3 24 
11 16 8 5 17 13 23 25 3 1 19 9 20 12 7 21 14 24 6 4 10 22 15 2 18 
4 16 1 19 12 13 3 8 17 6 10 15 7 24 5 9 23 11 18 2 25 21 14 22 20 
15 14 25 7 2 24 16 21 12 23 22 8 10 5 6 9 1 20 4 19 13 17 3 18 11 
22 13 14 8 19 24 3 1 18 7 11 25 2 15 23 10 9 4 20 6 21 5 16 12 17 
14 4 7 15 22 9 23 12 10 18 16 6 25 20 21 19 24 3 17 5 8 13 1 2 11 
8 6 20 10 18 16 4 21 17 2 13 12 3 23 14 7 9 19 5 1 11 15 24 25 22 
21 10 9 6 18 7 20 23 22 1 15 25 5 12 13 16 14 2 24 3 19 8 11 4 17 
23 22 10 21 7 14 9 4 6 15 5 12 8 13 11 1 19 3 17 25 2 18 16 24 20 
23 20 24 18 19 15 17 6 13 21 16 2 1 10 7 25 5 4 12 11 3 9 8 22 14 
6 10 3 20 15 14 21 23 11 8 5 1 13 7 12 17 2 18 19 24 4 16 22 9 25 
16 12 13 23 10 8 18 24 5 19 2 4 25 6 9 21 11 22 20 14 7 17 15 1 3 
7 12 14 2 18 3 15 23 21 8 25 6 19 1 22 24 9 17 10 4 5 13 20 16 11 
5 9 24 15 20 1 25 11 18 8 13 16 3 14 22 19 7 4 21 12 2 23 10 17 6 
9 4 23 25 13 17 21 14 8 10 5 24 3 22 11 12 15 1 16 2 19 18 7 6 20 
12 11 3 24 14 22 15 16 9 8 13 6 19 17 23 21 7 4 2 18 20 25 5 1 10 
25 11 19 17 23 3 14 10 8 21 20 16 24 15 22 1 5 18 9 4 13 7 12 2 6 
19 2 21 20 6 23 12 13 17 10 24 11 9 22 3 18 25 8 14 15 7 5 16 1 4 
