2739017929,9070213041
25,25,25
83 40 23 83 59 28 50 2 92 10 50 64 92 76 38 41 91 96 60 43 96 85 88 30 16 
14 46 60 56 95 20 38 78 22 81 35 69 3 39 60 80 46 33 98 19 42 27 7 95 77 
15 5 17 98 48 63 8 63 51 54 69 39 59 44 23 9 21 39 78 75 89 58 40 36 72 
31 53 22 78 21 33 65 3 2 26 84 79 40 96 16 46 16 31 68 96 95 99 10 88 35 
18 87 46 77 79 20 25 2 91 43 85 77 69 58 1 46 57 42 63 56 13 82 70 59 37 
97 3 18 24 38 5 96 84 50 5 11 98 59 99 62 33 15 10 8 85 26 44 47 49 2 
45 39 56 68 50 97 63 50 28 11 27 34 16 32 22 21 74 60 98 96 94 59 40 63 13 
58 10 40 35 6 51 58 82 68 26 94 97 95 39 25 12 1 87 25 34 57 31 97 70 16 
10 94 52 98 41 46 65 63 94 40 60 46 57 1 27 44 92 57 90 18 30 91 3 44 50 
18 54 8 21 33 77 59 38 76 4 80 94 37 71 13 52 98 70 34 29 63 97 82 85 11 
9 73 92 83 26 9 7 75 27 95 32 17 99 70 10 58 96 55 41 20 50 43 4 81 59 
14 4 85 69 19 79 90 89 92 11 12 55 85 77 78 9 97 30 20 6 63 35 98 57 16 
63 74 19 64 13 68 38 21 31 59 62 42 26 67 2 21 27 75 52 31 44 20 14 50 17 
45 80 10 72 10 17 1 72 58 10 75 19 61 44 51 11 43 80 73 62 33 89 90 61 31 
19 83 14 5 77 52 16 24 86 79 42 6 26 67 70 57 38 16 40 50 57 26 58 36 38 
81 76 6 97 57 1 3 47 62 5 76 22 75 9 4 34 67 66 16 97 75 36 82 20 60 
52 25 85 59 70 43 32 90 56 89 27 21 4 1 38 7 49 8 92 49 76 38 25 78 7 
74 81 93 16 53 82 25 34 17 58 25 75 47 30 44 46 45 56 25 45 20 97 48 74 60 
59 72 51 96 17 79 85 51 55 51 75 81 87 18 46 66 75 91 41 10 62 37 50 55 77 
83 30 16 81 55 75 65 21 78 61 12 50 9 21 46 5 85 44 45 96 77 13 24 30 16 
53 7 37 28 8 49 43 29 35 52 65 52 85 89 42 25 34 48 33 14 82 66 94 12 66 
19 32 29 65 68 20 93 45 88 69 19 12 39 73 50 96 38 23 53 98 74 60 91 95 73 
36 15 13 72 58 82 68 43 97 2 71 11 10 31 60 25 18 19 61 38 78 87 90 37 49 
68 47 88 73 85 53 72 93 12 10 65 25 47 54 58 35 85 9 26 73 30 48 38 45 74 
13 28 18 45 67 18 60 5 65 63 4 74 38 21 65 95 24 94 30 35 55 68 10 81 15 
MACHINES
15 3 20 14 10 7 12 23 2 11 5 21 17 9 24 6 13 18 8 25 16 19 1 4 22 
3 16 22 23 1 4 9 10 7 11 15 12 5 17 18 24 14 20 25 21 6 8 13 2 19 
3 16 23 12 17 10 22 25 19 6 5 2 13 1 18 7 8 24 9 21 11 15 20 4 14 
15 10 2 3 16 12 1 13 8 20 21 18 11 24 19 25 4 23 5 6 14 9 7 22 17 
11 16 24 10 4 7 18 23 9 14 13 25 19 1 12 22 8 2 17 3 5 15 6 20 21 
6 15 17 2 20 4 18 3 14 21 24 23 1 5 10 25 7 11 16 12 8 13 22 19 9 
15 2 11 14 18 5 24 1 3 10 19 9 7 23 21 13 25 20 6 17 16 4 22 8 12 
3 22 7 12 13 25 23 16 8 15 9 14 1 2 6 17 20 10 24 11 18 19 4 21 5 
19 20 13 8 6 15 7 23 5 18 17 14 10 9 12 22 4 21 25 16 24 1 2 11 3 
18 12 10 4 3 24 1 11 22 16 6 5 19 14 23 2 25 9 15 17 13 8 7 20 21 
1 16 2 6 13 5 19 3 24 11 7 17 10 8 4 12 15 9 23 25 18 20 22 21 14 
16 3 21 24 7 2 8 25 6 20 14 23 15 10 4 13 18 11 17 5 22 1 19 9 12 
22 15 8 4 1 2 19 17 11 12 3 5 16 10 18 13 7 24 20 21 23 25 6 14 9 
5 24 16 19 13 20 11 8 3 25 18 23 22 14 4 2 12 10 6 7 15 1 17 9 21 
6 23 1 12 10 13 11 21 22 15 14 25 18 8 4 20 16 17 19 24 5 9 3 7 2 
17 1 19 7 4 16 22 10 6 20 3 23 13 15 14 18 9 2 8 24 12 11 25 5 21 
16 18 13 7 25 24 22 15 20 14 19 3 2 1 11 23 4 6 12 10 17 5 21 9 8 
1 2 24 20 3 8 15 13 12 10 17 11 22 4 21 25 19 6 14 5 7 16 9 18 23 
3 19 14 6 1 15 10 11 25 7 13 21 12 22 20 24 9 5 16 8 23 4 17 18 2 
22 20 24 1 15 12 14 11 17 7 19 6 16 10 2 3 21 5 25 4 18 23 13 8 9 
23 17 19 18 20 8 10 16 4 6 3 1 21 15 25 22 7 12 2 5 11 24 13 14 9 
6 1 22 18 17 20 10 25 2 15 3 12 5 19 14 9 23 11 8 21 7 16 24 4 13 
23 11 8 14 15 22 17 19 13 18 3 7 21 20 9 1 24 6 4 12 10 16 2 5 25 
19 14 3 25 16 7 20 13 24 8 18 15 23 9 11 1 21 2 4 6 5 10 22 12 17 
3 14 23 20 16 25 4 5 1 12 10 18 9 11 19 22 13 21 6 17 24 2 8 7 15 
