3453148198,4302132367
25,25,25
8 85 29 67 15 55 11 26 34 83 38 23 37 69 52 55 33 7 13 51 48 62 64 41 54 
16 16 10 76 79 21 59 86 70 44 19 52 35 22 25 65 53 53 55 15 66 86 16 82 58 
4 97 18 58 80 25 56 82 42 82 45 37 61 31 75 1 82 81 4 51 88 53 33 68 74 
24 7 40 28 80 39 7 24 49 9 55 39 92 66 77 33 28 87 55 97 63 80 17 91 74 
21 11 61 2 85 45 61 56 13 44 59 47 75 8 78 29 96 14 10 85 41 13 36 48 58 
20 62 43 39 96 84 9 67 36 52 35 97 74 2 33 27 98 68 76 80 20 2 29 11 41 
61 84 92 91 22 44 86 60 18 64 29 65 45 49 25 44 10 7 94 85 41 23 78 47 63 
81 48 49 62 92 2 73 2 9 55 39 92 66 14 57 98 78 96 71 9 3 23 97 81 97 
54 90 57 45 32 71 67 93 64 31 82 37 12 40 14 57 59 25 55 47 63 9 22 86 1 
43 25 73 33 77 53 81 33 33 26 53 39 41 78 58 36 75 35 54 16 77 76 31 48 36 
52 10 65 30 72 91 99 30 36 50 92 97 8 94 55 17 46 41 53 88 53 54 40 28 27 
77 33 40 43 52 11 59 80 27 49 30 59 61 30 75 2 42 73 20 27 23 29 79 15 72 
57 3 28 52 47 87 89 78 85 22 89 68 23 49 74 45 73 24 31 90 20 4 65 64 21 
92 66 44 72 88 26 29 82 10 19 99 8 60 48 68 49 90 62 12 5 94 6 39 52 46 
95 41 10 69 65 20 95 90 90 43 87 91 75 65 61 91 90 83 99 13 23 47 69 33 68 
1 12 37 82 69 56 91 5 61 52 67 74 31 67 92 89 60 83 67 98 74 46 45 2 27 
15 48 22 48 46 59 53 6 30 9 67 12 92 20 20 57 1 33 96 10 29 81 36 46 41 
11 7 36 75 19 13 73 51 66 51 51 62 16 21 20 33 23 79 55 48 83 23 83 45 18 
52 83 61 81 52 43 11 59 60 52 35 6 13 44 97 5 32 83 6 22 47 63 13 41 21 
38 38 99 98 4 81 60 4 69 83 99 52 78 59 36 45 52 43 8 56 64 39 51 74 70 
73 19 97 64 77 91 12 57 7 83 43 25 37 33 75 79 96 96 29 24 84 80 20 43 9 
52 99 1 5 14 47 46 33 12 64 94 90 50 5 54 99 5 78 64 21 33 9 15 16 27 
55 34 93 35 49 61 38 90 78 56 20 80 80 87 57 56 17 60 64 37 81 21 13 2 46 
80 92 52 8 45 20 1 28 93 85 24 88 43 74 53 62 17 56 41 92 95 95 72 95 97 
54 47 96 84 84 45 8 89 26 92 2 60 61 20 11 41 70 50 39 98 84 93 54 31 75 
MACHINES
16 4 19 1 22 20 6 21 8 14 23 15 3 2 5 10 18 24 12 7 13 9 25 17 11 
20 21 9 14 18 4 11 10 25 15 5 2 19 6 1 22 13 23 17 16 24 12 3 8 7 
25 12 7 8 23 3 15 14 22 18 20 5 24 13 17 9 21 6 1 10 11 16 4 2 19 
13 23 5 8 20 18 2 9 21 17 11 24 16 7 19 6 10 15 25 4 1 14 22 12 3 
1 22 4 14 2 24 12 3 23 9 21 7 15 11 19 8 5 18 13 16 20 6 17 25 10 
1 8 7 16 13 18 15 2 5 24 14 23 19 22 12 9 20 17 25 6 3 11 21 10 4 
22 12 21 4 7 17 25 8 13 19 2 15 20 5 9 6 10 16 3 1 18 14 23 11 24 
1 25 19 13 3 15 14 8 18 2 23 9 6 5 16 22 4 10 17 20 7 12 24 21 11 
15 19 20 12 11 14 5 1 4 2 3 24 7 18 8 22 6 9 16 25 13 21 10 23 17 
16 23 17 8 19 12 20 25 22 14 24 21 10 2 9 6 7 1 4 11 13 18 5 15 3 
22 3 23 8 11 6 13 4 19 2 7 12 24 18 25 15 9 17 5 1 14 21 16 20 10 
25 8 20 7 16 13 10 18 17 19 24 9 15 4 6 11 1 3 23 22 14 12 2 21 5 
12 7 1 17 13 24 25 2 11 15 14 23 20 5 8 6 9 10 22 3 18 21 19 16 4 
23 21 11 5 6 22 10 7 12 13 3 19 4 18 2 1 9 16 25 15 14 8 20 17 24 
3 17 23 4 8 6 11 16 15 9 14 21 12 19 20 25 2 5 22 18 13 7 24 1 10 
9 8 6 25 3 22 4 13 14 10 11 17 12 16 2 5 20 23 19 18 7 1 21 15 24 
16 21 12 25 13 7 22 23 15 20 2 8 11 14 19 10 4 18 6 17 24 3 1 9 5 
21 3 2 5 12 11 15 10 17 18 9 13 19 1 25 22 6 14 20 7 4 23 8 16 24 
20 13 3 10 23 18 8 24 9 17 21 6 19 12 22 4 1 25 7 16 2 5 15 14 11 
24 7 17 2 13 16 11 12 15 9 8 23 25 19 1 6 14 18 3 4 5 20 22 10 21 
20 4 23 7 3 12 17 1 19 21 6 11 14 15 18 8 24 9 5 16 13 22 10 25 2 
10 7 14 15 2 24 12 4 19 1 3 17 5 11 16 13 22 25 21 6 18 9 8 20 23 
23 18 5 7 16 9 11 14 19 6 13 2 15 1 25 3 22 20 17 10 21 8 4 24 12 
1 12 14 2 18 25 21 11 7 24 23 17 6 19 8 15 13 22 9 4 16 10 3 20 5 
3 17 6 10 15 4 25 14 22 20 21 12 23 11 16 8 5 1 24 2 18 9 19 13 7 
