5759888872,7182824035
25,25,25
43 19 24 24 94 24 7 83 73 31 66 46 31 44 15 4 3 94 64 20 61 92 37 37 76 
38 71 34 93 89 80 88 94 87 33 56 89 81 40 1 7 42 83 43 98 5 52 7 85 66 
23 95 14 91 30 15 15 23 31 57 96 57 53 73 15 62 27 11 13 99 95 66 77 87 90 
42 80 98 42 30 85 2 9 42 30 12 54 71 19 7 65 85 23 99 1 13 7 76 12 76 
81 85 12 90 5 99 74 40 48 4 74 18 61 2 12 19 99 30 11 42 8 54 84 18 58 
16 40 81 70 14 88 80 19 37 90 47 42 13 95 21 41 87 36 45 8 68 97 3 68 35 
22 99 81 74 82 31 10 60 8 67 42 12 37 16 83 22 28 96 90 64 94 73 59 79 58 
13 22 5 63 66 45 72 78 36 3 15 84 40 98 22 27 71 72 65 48 53 77 98 71 92 
35 16 90 47 20 44 91 44 33 9 99 45 70 94 11 58 91 10 4 10 65 65 25 41 86 
67 32 1 51 32 72 54 99 5 81 96 46 42 23 99 85 35 53 95 88 91 42 79 4 19 
44 90 92 95 46 3 39 61 30 33 12 43 6 92 18 32 30 73 43 67 60 11 45 49 77 
11 3 32 31 93 2 85 3 77 81 15 67 17 97 75 86 52 79 43 31 95 40 57 61 28 
85 15 21 80 2 96 25 55 80 10 78 19 89 1 94 91 85 38 82 78 7 15 85 67 21 
45 57 1 31 92 27 31 27 48 54 36 32 68 18 15 86 70 4 51 5 68 68 12 81 24 
95 32 38 39 87 18 8 75 75 32 26 87 27 19 79 54 40 42 28 7 78 43 15 43 71 
52 38 83 26 35 16 38 89 2 4 45 72 19 69 9 57 38 27 79 94 96 33 96 64 54 
72 36 16 44 36 28 5 31 84 58 56 65 17 56 66 29 85 61 63 56 39 77 51 46 16 
7 6 46 88 78 99 38 37 85 98 30 74 47 27 36 95 38 94 3 2 63 26 29 26 21 
8 66 97 3 13 80 48 83 79 53 19 2 24 14 57 8 45 18 65 82 4 15 10 9 11 
55 15 79 57 32 19 91 85 73 31 1 98 77 84 99 43 83 95 86 51 57 71 56 3 17 
47 5 59 62 23 50 44 52 58 19 1 10 62 95 9 70 14 43 66 53 41 60 93 9 20 
36 71 38 31 85 23 11 53 27 16 93 91 69 37 10 54 12 12 8 12 64 97 24 63 17 
57 73 30 41 81 58 44 85 87 39 41 87 78 87 17 18 84 49 75 18 77 30 36 83 95 
16 34 86 3 44 40 73 56 89 66 11 91 32 42 45 76 55 28 9 11 69 69 34 94 61 
48 44 84 52 79 69 59 43 83 42 77 17 49 17 15 68 12 68 18 58 57 85 59 46 89 
MACHINES
1 6 24 4 7 21 15 13 22 11 18 17 14 9 23 16 3 10 19 20 5 12 2 8 25 
9 23 6 10 3 15 7 19 14 24 18 1 22 13 5 17 2 16 11 8 12 25 21 20 4 
14 3 16 10 13 21 15 22 25 1 19 5 4 6 8 24 12 7 23 11 20 2 17 18 9 
20 21 13 17 5 2 23 25 12 15 3 10 19 16 11 18 14 4 24 1 8 9 6 22 7 
19 22 13 3 4 17 2 8 20 1 11 25 14 23 24 12 10 15 5 21 6 18 9 7 16 
2 21 19 8 24 15 10 20 3 9 1 5 13 11 7 18 23 25 4 22 16 17 14 12 6 
8 7 9 19 6 18 20 21 11 15 1 22 23 14 2 25 4 3 17 13 10 5 24 16 12 
16 10 3 21 7 18 19 25 20 15 5 11 6 8 13 14 17 23 2 1 12 24 9 22 4 
12 25 9 11 23 22 8 24 10 7 1 15 16 19 21 14 2 3 20 6 5 4 17 18 13 
14 21 19 25 20 24 18 11 17 8 1 16 13 12 23 6 7 4 22 9 5 15 10 3 2 
15 25 21 11 6 9 20 12 1 14 4 3 5 10 7 24 19 23 8 17 16 22 2 18 13 
13 11 14 20 5 3 22 19 17 15 8 6 7 18 1 2 10 24 4 9 21 25 23 12 16 
19 23 11 12 16 25 22 5 17 9 15 21 7 2 24 4 1 3 10 13 20 8 18 14 6 
18 20 9 23 16 4 10 12 2 25 24 13 3 17 14 21 11 5 15 22 8 19 1 7 6 
24 21 20 18 19 3 12 2 15 17 16 23 4 10 1 9 25 22 11 6 5 8 13 14 7 
20 16 14 3 18 21 2 7 10 4 9 5 23 17 11 25 6 15 24 13 12 22 8 1 19 
16 2 11 24 23 19 21 5 4 20 14 22 18 10 25 13 3 15 12 17 8 9 7 1 6 
19 10 9 8 21 25 11 6 13 24 20 14 2 5 7 12 17 3 22 23 15 1 18 16 4 
17 16 6 7 19 3 20 9 2 15 21 1 24 8 18 22 5 23 25 12 4 11 13 10 14 
25 13 12 21 1 8 4 7 2 3 19 10 24 9 5 23 17 22 16 20 14 11 18 6 15 
11 14 24 13 17 15 19 21 23 4 18 1 16 3 5 7 9 2 12 8 20 6 25 22 10 
1 21 8 12 10 4 7 3 17 19 14 20 24 22 2 18 16 11 5 13 25 9 6 23 15 
18 6 8 3 14 25 22 1 20 10 23 12 5 19 21 2 9 4 15 11 16 24 13 17 7 
21 14 22 11 19 24 6 1 10 9 12 17 15 2 3 16 25 13 18 5 7 23 8 4 20 
21 16 22 11 2 5 9 18 13 20 8 14 1 4 19 24 6 23 3 12 25 10 15 17 7 
