8965143139,5757606102
25,30,30
15 66 77 25 7 29 38 28 31 17 49 30 33 53 16 38 12 90 39 61 4 38 84 57 11 15 20 54 43 24 
41 23 81 75 26 25 83 53 26 86 17 43 18 48 57 20 18 96 72 16 25 31 25 22 9 14 16 95 2 85 
63 38 28 77 64 70 80 22 82 46 28 49 10 7 46 78 2 24 72 18 29 53 67 10 84 33 3 71 77 40 
3 90 97 3 74 67 4 61 5 38 36 11 68 31 5 11 8 90 59 13 16 96 73 98 67 14 74 7 24 84 
54 15 76 79 94 21 1 53 45 22 79 19 33 93 35 92 7 11 59 63 96 8 25 27 10 52 46 96 71 12 
31 6 92 96 48 87 97 23 63 43 93 53 13 26 47 76 83 13 63 23 29 86 24 76 19 63 59 41 23 32 
39 41 53 32 30 2 44 82 78 27 48 14 88 85 91 56 61 89 36 87 49 69 13 62 3 46 70 88 21 11 
64 32 19 34 39 47 59 88 47 77 17 86 68 59 67 76 8 43 38 37 92 65 30 35 47 20 41 16 69 61 
64 83 44 34 1 69 92 91 39 9 23 43 3 84 5 99 37 77 73 5 34 6 1 90 15 15 94 41 20 23 
27 71 87 35 81 85 42 54 17 3 29 48 93 33 64 41 92 23 54 46 10 64 90 28 26 29 86 27 48 55 
55 11 73 58 50 96 41 88 45 98 72 28 56 32 33 41 82 96 28 1 82 18 30 39 57 55 41 57 23 15 
38 74 45 53 32 46 29 71 31 5 81 50 89 50 27 98 59 36 87 93 13 35 65 52 1 6 78 32 63 70 
13 12 70 35 63 65 8 79 73 43 31 50 97 90 81 63 95 34 4 39 91 98 44 80 17 49 76 96 74 38 
32 70 97 20 84 11 54 94 53 63 73 67 22 87 7 52 32 60 67 33 1 43 40 18 50 50 27 46 37 90 
38 21 84 80 89 9 67 70 4 6 16 99 15 41 11 13 37 11 88 27 16 28 62 87 97 38 4 18 53 26 
43 93 6 55 6 74 68 28 79 13 8 72 82 90 90 24 89 39 9 34 52 7 72 40 45 70 4 22 24 72 
45 26 21 68 35 99 28 96 73 49 69 94 41 41 86 84 70 76 96 23 61 65 51 48 31 5 87 69 88 32 
99 4 61 56 43 17 50 83 33 32 44 65 76 41 51 37 86 84 6 78 34 43 9 55 9 92 48 58 45 55 
78 40 3 43 32 57 51 80 20 11 27 6 22 74 10 35 72 97 83 70 25 93 36 26 18 12 24 91 26 84 
94 76 90 23 18 15 77 76 10 13 8 21 29 15 91 54 1 4 1 12 9 42 35 96 59 89 84 83 68 55 
38 25 72 31 3 71 86 32 14 87 91 60 6 21 88 89 49 98 3 52 98 3 6 10 86 72 29 86 51 43 
98 94 79 63 21 66 59 21 37 46 38 73 84 62 98 86 9 63 14 16 80 63 63 47 6 20 15 94 42 22 
89 34 71 40 2 37 15 69 90 71 78 69 67 49 93 1 60 99 18 3 54 32 34 49 6 2 52 44 98 12 
56 41 62 49 69 27 18 75 34 42 92 79 52 4 5 82 13 35 14 89 79 93 80 24 84 31 10 36 42 9 
22 71 59 57 73 14 89 92 66 40 14 90 18 96 41 76 13 96 56 27 62 55 76 52 79 30 93 10 1 12 
MACHINES
16 27 4 15 9 6 13 25 11 12 2 18 21 22 24 1 29 7 28 20 26 3 19 30 14 10 23 5 8 17 
23 3 15 2 13 4 6 17 18 7 8 10 28 11 21 5 12 16 24 14 30 19 9 25 26 27 1 29 22 20 
28 10 18 19 2 11 1 8 29 23 21 26 27 3 30 15 16 17 9 14 7 20 24 22 12 4 13 5 6 25 
14 13 19 6 25 1 26 23 3 7 2 27 10 20 28 9 16 21 24 18 5 17 8 15 11 30 29 12 22 4 
12 3 28 4 8 2 23 17 27 18 1 25 6 24 29 15 26 7 19 30 5 11 16 20 10 14 21 22 9 13 
9 6 2 12 19 15 5 24 11 4 1 21 22 23 26 16 10 3 29 25 28 13 8 17 18 7 20 14 30 27 
27 5 12 24 7 14 19 20 4 23 2 26 9 8 22 29 13 28 30 25 21 10 1 18 16 15 6 11 3 17 
24 9 1 3 18 17 22 20 13 2 23 4 26 12 6 21 25 29 14 28 10 11 7 30 15 19 5 27 8 16 
5 7 9 19 22 18 8 12 11 1 3 17 4 25 20 6 30 28 26 21 23 29 13 24 14 16 10 15 27 2 
14 20 30 10 24 22 13 27 4 29 19 7 1 3 11 8 25 21 26 28 6 17 15 9 5 16 2 12 18 23 
19 11 29 15 2 14 6 20 7 16 23 17 8 10 3 24 28 18 4 12 27 22 1 21 13 5 26 9 30 25 
1 16 20 25 18 21 30 7 29 15 13 19 22 3 6 27 2 5 24 9 12 17 10 28 14 11 8 23 26 4 
22 9 17 7 20 23 27 16 30 14 11 1 26 8 15 4 13 2 12 28 25 5 6 29 24 19 3 21 18 10 
24 26 20 14 8 23 30 1 9 15 7 21 13 28 4 27 25 17 19 11 12 10 22 3 6 5 29 18 2 16 
4 18 20 17 5 22 15 25 8 7 14 11 1 2 23 26 12 13 6 30 29 9 3 16 19 10 27 24 28 21 
8 29 13 15 23 5 4 24 19 25 30 2 6 10 3 9 16 17 20 21 22 12 28 27 11 14 1 7 18 26 
30 15 1 13 8 5 4 11 19 28 18 12 20 26 24 25 27 3 21 6 23 14 29 17 2 10 16 9 22 7 
26 3 2 21 22 13 12 18 11 24 19 5 23 7 4 10 15 27 17 14 30 28 6 9 8 16 29 1 25 20 
15 23 25 19 10 16 9 26 17 7 30 2 6 18 28 8 21 1 20 27 11 4 3 12 24 29 14 13 5 22 
29 6 1 18 4 19 20 3 8 13 24 5 25 23 14 12 7 28 30 27 2 11 15 10 21 16 9 22 26 17 
15 26 17 13 21 10 4 5 24 14 3 29 25 28 6 12 19 20 18 2 8 1 23 22 16 27 7 11 30 9 
13 1 26 24 9 23 25 28 30 14 29 2 6 20 21 4 18 19 5 15 27 10 17 16 22 12 7 8 3 11 
5 13 8 6 29 30 27 17 16 12 26 4 7 28 11 10 3 1 2 22 20 9 14 24 18 19 23 25 15 21 
19 30 5 2 18 20 12 28 4 15 9 17 7 14 26 1 6 16 27 29 24 11 23 21 10 22 13 3 25 8 
21 27 19 30 26 23 9 24 4 3 7 2 15 17 20 16 1 18 28 5 10 8 11 29 25 13 6 14 22 12 
