9851731392,6460675534
25,30,30
63 65 47 98 7 6 98 17 52 61 28 97 23 64 54 44 37 31 19 57 96 17 60 43 19 51 70 94 96 20 
63 6 99 44 76 18 42 25 99 58 15 7 68 48 85 63 66 34 15 25 36 98 28 28 3 95 29 48 60 22 
41 42 90 51 92 4 33 9 71 88 2 30 4 95 64 13 68 22 49 39 38 94 40 66 60 57 13 43 7 94 
75 70 4 32 46 62 33 91 67 80 27 60 57 82 2 27 79 22 83 29 2 1 91 7 3 23 8 77 28 76 
85 24 51 11 46 19 56 77 32 81 81 17 28 44 94 47 92 93 23 25 25 2 3 92 19 62 61 54 15 83 
52 77 15 66 37 27 52 38 12 50 18 70 29 63 14 54 77 51 94 8 59 11 89 59 55 11 46 25 75 94 
28 50 85 75 14 20 31 43 15 14 14 90 52 28 74 61 58 28 29 23 72 38 96 16 24 5 40 42 24 60 
4 47 47 47 83 29 7 46 36 29 50 79 26 80 43 8 22 61 5 67 23 20 51 21 73 88 65 42 72 15 
79 41 43 43 3 91 38 13 11 56 41 42 74 17 64 71 61 17 23 88 60 14 46 67 50 48 89 51 5 26 
43 10 92 11 93 94 42 29 24 18 25 63 37 24 32 43 71 72 60 72 58 55 74 9 22 84 71 1 85 37 
87 58 21 24 11 72 34 13 84 35 5 58 83 63 75 91 65 69 79 19 62 50 43 13 55 7 36 63 51 66 
90 20 87 92 98 12 14 12 60 24 75 66 21 88 17 68 49 22 76 41 93 75 16 11 67 42 62 8 35 79 
93 4 77 50 27 12 27 81 16 60 84 38 21 45 48 13 25 4 81 50 96 41 75 73 31 3 12 70 86 43 
67 56 33 72 72 24 78 52 35 5 91 35 71 51 76 55 63 67 5 66 78 27 23 21 99 46 77 95 42 7 
69 22 49 53 81 52 61 59 48 37 16 77 43 81 39 73 2 67 46 99 71 6 83 60 39 27 42 77 12 65 
69 34 53 5 45 27 31 24 10 61 9 52 33 61 45 76 72 61 86 73 80 78 5 24 47 66 11 28 13 20 
82 40 14 21 16 8 22 3 53 66 43 75 33 41 47 6 75 64 35 87 10 5 29 44 60 82 70 4 15 31 
19 71 88 97 37 57 5 76 86 43 46 60 98 38 66 56 93 56 33 30 78 67 14 1 34 27 55 49 92 48 
31 86 87 1 40 5 36 31 23 49 3 3 30 55 3 72 13 13 46 82 31 33 27 88 90 51 46 78 69 67 
31 44 54 9 62 35 95 64 74 22 35 43 75 92 28 80 45 32 46 1 7 23 25 77 40 80 11 82 93 53 
11 64 49 73 28 75 75 84 95 7 51 19 10 96 82 91 88 2 48 96 52 73 55 55 79 11 46 19 15 78 
81 34 22 5 55 88 71 70 72 80 31 82 37 56 83 46 53 73 90 50 31 70 91 93 31 75 76 71 27 49 
83 71 43 28 46 82 3 64 35 32 36 76 80 19 80 9 37 6 82 22 9 34 50 21 24 89 34 15 83 79 
17 15 95 37 29 18 21 83 43 45 41 26 80 39 87 74 28 50 88 72 55 16 33 26 24 32 32 70 1 31 
2 88 39 92 53 83 50 25 27 24 90 34 78 46 11 56 74 74 99 13 88 80 22 65 25 47 17 26 74 26 
MACHINES
9 21 20 3 16 18 5 10 27 1 25 7 30 23 6 12 28 8 15 19 14 26 4 22 11 17 2 13 24 29 
16 1 19 22 2 18 8 23 24 12 17 29 14 28 20 13 25 4 9 10 21 3 26 27 15 6 30 11 7 5 
20 5 21 18 3 15 2 25 1 4 29 24 13 26 19 12 22 8 7 10 28 16 11 23 30 17 27 6 14 9 
10 15 6 5 11 25 13 17 8 16 7 14 20 29 27 4 28 26 24 1 18 3 22 23 12 30 9 19 2 21 
30 9 28 18 26 23 27 24 22 17 8 1 25 12 16 19 13 4 11 7 2 3 10 21 14 15 5 6 20 29 
1 29 10 23 3 17 8 4 11 22 21 20 14 26 6 12 13 7 30 2 28 18 9 27 24 19 16 5 25 15 
22 2 18 1 4 10 17 28 13 23 11 16 7 9 3 24 21 5 6 20 15 19 8 30 12 14 25 29 27 26 
29 21 3 25 12 26 18 15 5 9 30 17 10 22 16 27 4 23 19 1 13 2 14 20 11 6 8 28 24 7 
27 19 17 16 15 4 28 3 26 20 25 18 12 7 24 1 8 2 23 22 10 5 29 14 9 30 6 21 13 11 
11 19 15 5 28 26 29 16 6 21 17 27 13 18 24 8 9 3 20 4 12 25 30 14 1 7 10 23 2 22 
28 21 10 23 4 1 5 2 9 8 25 12 6 24 18 15 16 14 17 19 7 13 26 3 20 27 30 29 22 11 
7 18 11 6 4 12 25 10 20 13 21 5 30 24 28 26 8 9 17 19 22 3 15 23 14 2 27 16 1 29 
12 28 15 13 1 3 16 10 7 8 19 17 4 11 20 27 14 5 2 29 9 30 6 24 25 22 23 26 18 21 
10 15 18 2 20 22 19 1 29 9 25 27 24 21 7 23 17 8 13 14 5 3 16 4 11 28 26 12 6 30 
28 18 16 8 20 2 26 9 22 13 27 17 4 12 3 21 29 11 30 19 5 6 7 23 1 25 24 15 10 14 
20 17 14 21 11 29 8 27 30 23 16 28 13 19 15 26 2 12 7 6 10 18 1 22 4 25 3 9 5 24 
15 8 24 23 7 26 1 6 27 30 12 10 21 14 29 13 16 3 17 11 2 28 20 22 19 25 5 9 18 4 
7 13 5 9 17 26 4 28 10 2 15 21 19 24 11 20 14 25 30 3 16 1 27 6 23 12 8 22 18 29 
30 22 29 19 2 13 4 11 15 27 10 24 21 17 9 7 25 28 18 26 5 1 12 3 14 20 16 6 8 23 
29 8 7 12 14 9 21 16 5 2 4 10 23 11 15 26 27 1 19 3 6 25 22 24 28 17 30 13 18 20 
2 11 21 9 29 4 6 25 17 1 18 23 30 27 8 13 10 24 22 3 26 20 14 19 16 12 5 28 15 7 
15 7 25 14 3 4 5 18 9 8 13 28 29 27 11 26 22 12 24 21 16 6 23 20 10 1 2 17 30 19 
5 12 17 20 13 6 3 27 4 30 1 15 21 25 24 22 19 7 29 9 8 18 16 28 11 14 26 10 23 2 
15 17 22 18 28 11 25 2 16 9 6 21 14 7 13 4 5 12 27 10 20 19 3 23 8 24 26 29 30 1 
27 12 13 20 24 3 1 28 4 2 9 6 5 26 7 8 22 11 17 29 25 14 19 16 23 15 21 10 18 30 
