1013024778,5515554358
25,30,30
76 63 76 92 11 38 98 61 59 60 80 58 10 88 16 78 22 51 45 44 82 61 27 34 54 57 1 29 60 97 
78 45 97 43 37 38 15 23 72 47 7 9 85 77 30 46 9 57 65 32 50 43 89 8 29 89 12 29 35 74 
91 81 7 97 72 61 67 77 23 19 75 61 11 54 93 86 13 63 48 40 5 73 91 77 38 11 37 37 11 42 
1 46 2 25 19 65 85 73 61 23 2 2 27 57 50 18 46 2 46 96 7 78 8 18 96 41 28 86 10 64 
87 10 13 88 88 82 99 82 24 61 11 7 97 62 46 87 60 35 40 57 76 40 48 28 47 43 45 13 31 48 
58 9 52 48 15 12 94 30 53 22 11 70 38 28 34 81 19 62 10 39 45 6 36 38 31 55 41 19 91 14 
59 63 44 88 19 24 66 34 52 64 97 17 41 9 76 16 6 7 8 12 88 71 33 92 18 92 74 77 54 68 
18 32 26 62 64 26 98 14 87 14 1 80 83 94 75 33 90 51 82 35 78 6 95 10 10 70 25 86 57 33 
34 50 38 9 68 17 35 74 11 18 16 95 80 4 19 4 18 69 66 42 11 2 27 94 94 21 43 15 80 39 
98 98 55 54 23 81 42 20 53 86 20 5 54 70 57 85 20 52 81 76 16 52 94 62 19 70 49 7 55 30 
67 3 69 97 67 84 48 1 68 1 56 60 29 39 9 26 14 2 13 16 69 90 28 7 75 52 99 41 44 66 
49 2 5 80 42 59 85 64 53 98 32 35 68 39 39 52 43 49 27 37 6 96 13 96 99 85 29 60 52 90 
88 87 66 65 97 54 75 48 58 51 62 46 58 76 52 8 38 14 96 39 14 92 61 30 94 90 29 65 82 54 
23 93 89 3 10 67 2 57 79 4 67 70 27 96 57 83 61 37 51 85 8 70 13 47 60 81 59 74 11 18 
15 89 59 83 24 28 45 7 26 58 29 47 52 84 43 67 62 1 97 59 6 55 13 18 65 21 35 18 91 16 
7 86 28 38 70 29 61 34 9 59 16 62 45 43 61 2 18 43 22 71 51 93 57 28 39 64 18 40 27 76 
43 28 9 12 54 48 40 9 24 66 85 69 5 46 67 26 87 3 6 31 12 88 11 77 16 49 79 16 6 38 
83 12 7 96 43 83 87 46 89 29 44 31 60 84 41 3 66 15 6 1 40 98 79 83 34 69 60 94 26 95 
19 86 99 62 37 77 95 92 87 94 59 25 66 95 33 17 25 84 53 8 51 33 40 17 5 20 45 82 82 28 
80 37 49 71 96 96 85 4 48 10 76 32 90 99 96 51 1 99 36 25 86 10 15 6 43 35 93 80 59 36 
90 80 80 32 84 63 83 97 65 54 63 18 58 11 55 45 20 39 68 26 17 28 75 17 67 99 21 13 4 2 
55 71 17 74 93 97 56 73 24 25 56 5 17 33 86 82 43 99 74 13 49 3 58 42 47 58 59 28 85 56 
53 53 74 92 93 36 45 46 39 48 86 11 77 51 32 73 63 81 12 5 23 90 35 81 25 63 10 13 15 1 
29 39 91 67 65 54 48 55 59 70 56 47 57 99 58 30 12 32 96 4 85 95 98 31 75 96 17 33 65 27 
55 67 51 86 44 75 41 98 78 77 18 59 91 91 30 44 99 35 73 73 76 79 74 26 64 78 67 83 19 31 
MACHINES
10 20 24 5 15 9 28 1 3 18 29 12 17 6 30 27 7 22 14 11 26 21 4 16 19 23 25 2 13 8 
7 29 20 16 23 1 25 21 19 26 15 22 14 12 5 13 18 24 6 11 4 3 30 8 17 2 9 10 28 27 
1 14 26 2 17 22 15 23 29 21 10 16 5 19 9 3 28 24 8 30 7 11 27 13 20 12 4 25 18 6 
29 1 22 11 23 9 6 24 2 14 3 18 28 25 10 13 5 20 27 30 16 19 7 26 21 15 4 8 17 12 
18 14 5 6 1 3 4 25 28 20 23 11 19 29 24 15 12 30 26 27 10 16 21 13 2 22 9 8 17 7 
9 19 11 18 5 4 21 29 10 17 14 22 2 1 28 6 13 24 3 15 30 26 23 16 12 20 8 7 25 27 
4 17 22 18 13 20 14 8 1 5 26 7 23 11 6 24 15 9 16 3 12 21 29 30 10 28 2 25 19 27 
2 26 8 27 6 13 18 30 22 5 4 11 3 25 10 9 28 7 23 1 20 14 15 19 29 17 21 24 16 12 
10 16 4 11 29 27 22 26 20 2 8 25 21 6 9 12 19 1 18 13 3 7 14 5 17 24 15 28 23 30 
18 27 5 11 20 4 3 2 9 15 13 14 19 28 1 30 21 29 16 17 25 24 12 8 10 22 23 7 26 6 
1 21 23 18 3 12 27 4 8 15 16 22 10 20 29 13 30 24 2 5 14 17 11 28 19 25 26 9 6 7 
1 27 24 10 13 12 5 7 8 26 6 9 20 28 30 14 2 18 29 19 16 23 21 17 3 25 22 4 15 11 
6 20 21 10 22 25 15 1 28 23 11 12 17 5 7 18 2 4 8 13 16 9 19 26 24 30 14 29 27 3 
4 9 26 12 29 6 23 24 1 20 16 8 21 15 30 18 17 3 5 14 13 22 25 19 10 2 28 11 7 27 
30 17 12 28 6 25 10 2 16 11 23 24 4 5 22 3 20 9 29 13 21 19 1 8 7 27 26 15 18 14 
27 13 6 29 14 9 20 19 28 18 8 4 10 16 25 3 12 30 15 24 5 26 1 2 11 22 23 7 21 17 
13 10 6 25 5 9 1 30 15 26 19 22 17 27 2 7 12 29 18 14 21 4 23 16 24 11 20 28 8 3 
1 24 10 25 26 12 13 20 8 2 22 3 27 11 15 14 23 19 6 9 30 21 4 16 5 29 18 17 7 28 
27 13 19 11 9 7 30 1 10 16 26 17 21 15 20 6 25 29 8 2 5 14 18 4 23 3 24 28 22 12 
29 4 18 13 10 3 28 26 21 30 5 11 14 2 22 7 9 25 12 27 17 15 16 6 24 19 23 8 1 20 
5 26 29 30 17 6 1 27 7 3 18 15 9 11 2 16 4 20 22 12 23 28 10 25 13 14 19 24 21 8 
24 21 4 25 26 9 15 1 12 5 19 17 14 27 30 11 20 28 29 13 22 7 2 6 8 16 3 18 10 23 
17 6 13 24 27 2 29 30 23 22 7 4 1 20 26 16 12 18 8 11 9 19 5 21 25 28 14 10 3 15 
16 1 6 21 13 11 12 27 17 10 2 5 9 19 22 15 26 23 18 24 20 30 4 29 3 14 25 28 7 8 
12 2 23 1 22 29 26 28 20 25 30 14 4 10 24 11 7 6 27 13 21 15 16 5 3 17 9 18 19 8 
