1142350648,2202921848
25,30,30
88 34 73 21 20 38 89 62 68 64 26 24 88 61 87 78 46 59 91 40 37 67 51 41 16 48 10 87 96 12 
18 13 81 25 47 1 9 56 77 66 40 26 55 21 70 59 46 62 95 23 56 61 84 67 14 64 47 64 49 37 
96 65 65 32 72 75 68 46 98 6 56 61 54 3 49 99 81 95 73 47 88 89 81 37 1 54 60 18 78 98 
54 25 87 67 60 77 59 97 8 20 79 13 18 10 98 31 97 68 72 4 83 39 85 53 61 29 3 25 84 76 
57 92 48 21 21 27 1 42 75 65 61 50 25 35 10 18 80 29 4 37 73 56 42 9 62 13 99 60 40 77 
72 59 16 77 59 97 13 82 8 17 22 7 20 90 1 67 31 52 56 54 18 42 23 92 21 51 98 32 78 73 
79 69 61 67 98 19 27 17 96 62 69 50 75 82 66 8 94 23 61 50 35 34 63 22 98 82 27 42 89 27 
99 52 64 58 82 60 43 63 3 52 17 31 86 4 1 15 22 19 18 15 45 45 57 33 69 12 35 38 95 46 
52 13 87 25 94 47 89 2 43 46 9 18 51 37 29 33 43 6 37 42 32 2 56 4 63 1 99 40 78 81 
8 59 44 97 1 47 57 66 29 69 74 26 46 79 39 94 28 95 16 43 31 84 2 63 2 39 46 99 85 63 
95 95 92 48 80 13 70 21 37 42 95 96 52 56 50 32 88 71 63 2 6 4 55 33 57 12 70 10 4 50 
82 69 91 94 50 6 15 47 73 48 82 37 90 91 29 90 63 3 90 23 8 95 37 63 37 67 81 93 23 10 
13 64 28 72 64 34 88 4 71 14 49 67 87 61 45 48 74 13 94 23 56 67 19 46 85 86 51 32 34 58 
32 64 37 89 36 1 78 49 31 19 37 65 98 23 82 66 41 95 31 95 78 72 3 62 58 71 17 76 18 44 
80 78 9 23 88 1 47 75 98 80 56 74 64 50 42 17 53 99 23 53 43 46 98 93 18 77 73 47 13 1 
66 84 58 50 66 14 83 84 52 52 4 96 9 42 88 31 28 32 6 24 61 93 35 30 85 19 14 59 64 30 
59 45 28 30 94 8 9 26 95 68 15 66 77 54 20 37 49 29 42 18 85 72 85 26 23 12 75 40 43 34 
22 73 84 86 90 90 48 84 79 45 7 48 4 90 66 73 59 40 60 84 76 14 72 78 53 92 43 21 98 52 
72 21 85 1 40 7 76 8 17 21 86 80 9 90 97 84 61 73 72 46 46 96 44 50 45 86 9 40 7 53 
3 84 37 45 26 82 51 94 70 80 37 5 69 72 75 88 93 25 21 72 8 94 71 28 81 7 43 30 72 35 
75 61 92 56 65 7 80 44 27 16 71 11 6 17 20 19 75 42 98 87 18 65 91 82 2 70 96 58 45 67 
4 3 85 41 40 67 44 6 4 30 22 16 72 80 30 25 59 11 1 61 48 89 21 44 21 25 1 4 31 44 
44 68 1 28 86 7 37 89 78 14 56 36 38 92 99 88 38 59 87 8 50 90 92 3 1 4 35 48 1 73 
83 99 9 73 4 24 86 67 85 45 53 24 10 50 61 76 36 36 24 12 60 26 3 3 89 11 50 65 76 29 
87 61 17 55 55 38 32 22 37 36 92 5 5 81 42 58 24 24 8 35 85 56 44 96 83 67 82 52 84 83 
MACHINES
14 17 15 3 28 4 26 13 2 9 25 16 23 5 21 10 1 18 20 8 11 30 27 12 29 24 6 7 22 19 
18 17 13 30 26 28 4 25 21 15 11 14 12 1 10 23 24 5 9 20 22 2 3 8 7 27 29 16 6 19 
8 23 9 5 4 10 13 14 11 28 1 25 3 7 22 17 16 21 29 20 24 15 19 27 6 18 30 2 26 12 
15 9 4 13 6 1 3 14 19 5 24 8 25 16 21 11 2 27 23 20 17 18 26 12 30 7 10 22 28 29 
2 17 5 25 10 27 24 14 23 1 7 20 4 6 8 3 21 30 11 13 16 18 29 19 22 15 12 26 28 9 
4 26 29 7 27 21 25 23 15 14 10 30 13 8 28 9 19 18 6 20 12 5 17 11 3 22 2 1 24 16 
7 14 8 28 13 3 18 22 19 1 10 4 15 27 26 25 23 29 17 9 5 24 16 2 21 20 30 12 6 11 
7 4 21 18 11 27 16 6 1 28 29 26 24 30 19 5 10 9 12 15 3 25 14 22 2 13 17 20 8 23 
12 15 2 20 25 6 11 5 21 9 14 7 26 17 8 3 24 4 28 19 23 30 29 13 27 1 10 22 18 16 
3 12 9 30 5 18 26 10 19 23 17 2 4 27 13 6 29 1 16 14 15 24 11 28 22 25 21 8 20 7 
12 20 9 1 18 11 29 6 15 8 17 13 27 16 21 5 26 19 28 14 3 30 24 4 10 23 22 2 7 25 
25 4 11 2 17 6 24 7 9 1 30 16 28 19 21 10 13 8 22 29 20 23 15 12 5 3 27 18 14 26 
13 29 2 5 22 20 8 28 21 19 18 7 12 17 1 25 23 27 9 3 24 16 11 30 4 26 14 15 10 6 
23 18 6 28 15 8 4 5 30 25 27 26 12 20 7 16 14 1 13 3 10 2 19 22 17 11 21 9 24 29 
16 18 11 12 30 21 5 25 14 2 26 28 10 27 6 15 3 24 13 22 17 23 9 8 20 7 4 29 1 19 
16 18 22 7 3 25 20 13 15 21 26 27 9 10 6 19 28 14 23 30 11 5 2 24 8 17 12 29 1 4 
13 25 4 30 1 21 2 11 26 17 22 23 20 29 19 10 3 7 6 12 8 5 18 27 15 14 16 9 24 28 
19 21 29 7 14 28 27 4 6 2 17 24 8 25 22 9 30 11 12 16 1 3 5 23 20 13 18 26 15 10 
2 5 18 22 24 3 4 25 21 8 19 20 28 29 17 30 15 14 12 16 7 27 10 9 13 1 11 6 26 23 
20 9 3 12 16 22 27 13 19 7 23 2 14 11 28 6 26 4 8 10 21 25 18 30 5 29 1 24 17 15 
23 5 3 20 28 11 15 8 30 4 17 13 1 9 12 21 16 26 29 2 27 7 18 19 14 6 24 22 25 10 
7 26 10 29 2 9 1 5 12 20 14 16 6 18 4 27 24 8 25 11 15 22 30 3 21 17 23 19 13 28 
30 1 2 26 7 14 4 15 21 19 25 6 12 11 3 8 27 23 28 5 17 9 10 13 20 24 16 29 22 18 
25 26 9 24 5 20 17 4 8 19 18 22 12 10 27 30 1 15 21 14 3 11 16 6 2 13 7 23 28 29 
25 14 23 24 1 17 30 27 4 13 9 22 19 15 26 3 8 12 16 29 11 7 5 18 21 10 20 6 2 28 
