1660151975,9434980640
25,30,30
64 56 39 23 61 95 20 83 89 55 52 56 9 51 63 13 32 86 94 92 48 20 76 51 16 19 85 42 15 53 
86 28 14 91 52 92 14 84 3 34 96 26 61 11 40 42 83 18 75 39 92 93 45 7 39 34 74 1 74 88 
11 35 55 39 50 43 9 60 65 84 66 59 42 59 60 74 99 70 80 47 36 71 32 25 85 85 21 36 78 7 
37 1 54 67 20 44 26 58 64 91 28 91 62 17 74 1 70 64 25 60 44 39 46 99 74 19 17 67 54 72 
76 20 94 52 44 58 3 41 57 71 21 25 57 98 18 40 53 98 70 70 16 83 76 69 21 64 95 90 44 26 
25 30 8 68 53 29 57 14 36 64 38 23 11 90 1 51 9 49 84 78 58 49 9 2 15 94 1 28 37 89 
57 35 57 73 18 23 19 71 79 67 20 78 29 41 78 83 95 35 90 86 53 22 35 50 44 22 96 64 53 12 
61 13 81 24 83 63 7 13 5 48 57 29 35 93 47 46 7 87 17 57 97 42 29 33 11 35 57 82 80 78 
46 70 6 86 19 85 98 4 22 12 30 43 4 81 73 1 50 56 46 28 45 8 97 31 12 69 29 91 88 13 
57 56 45 87 27 59 56 74 7 9 15 78 51 15 74 11 67 98 73 15 39 67 96 34 82 94 67 47 98 51 
47 37 25 81 12 81 95 23 77 49 92 83 92 83 97 10 37 15 55 88 86 62 87 50 53 10 83 16 85 77 
36 72 40 51 97 23 84 20 81 45 16 56 35 16 80 25 81 90 61 9 8 45 21 67 54 45 81 64 51 15 
62 14 11 12 26 28 35 13 45 40 80 27 53 65 74 5 4 92 36 34 64 7 81 60 84 20 91 89 18 93 
15 39 75 27 3 13 12 52 27 9 39 26 70 94 87 96 36 31 40 84 31 45 59 63 87 82 72 84 22 40 
63 2 46 45 84 89 42 53 20 35 50 57 2 49 31 94 83 38 91 51 13 22 67 2 5 52 50 87 37 94 
69 17 79 67 34 50 34 50 47 73 45 26 48 19 44 88 56 39 80 27 60 25 75 24 89 9 72 69 89 35 
84 15 53 48 34 47 43 6 56 37 81 72 93 46 49 82 92 35 57 99 92 52 68 1 79 55 4 39 4 20 
67 35 91 85 9 68 85 84 62 29 42 37 69 94 45 14 56 7 54 21 43 27 47 92 52 34 24 18 3 22 
25 27 96 50 10 95 47 64 96 44 49 42 14 32 26 77 63 23 38 27 76 26 12 84 86 54 24 42 29 79 
38 79 89 96 27 23 9 38 12 48 84 87 75 49 37 56 78 28 93 78 71 35 84 37 15 93 36 76 1 22 
39 29 98 77 93 40 50 56 74 72 34 42 42 11 1 55 52 25 54 71 89 94 45 96 27 10 61 51 3 42 
21 57 49 1 80 54 56 18 68 1 3 40 98 63 48 31 19 2 67 12 44 40 91 26 87 42 52 41 55 21 
58 96 66 2 5 26 25 18 12 63 46 98 70 25 62 86 96 30 57 48 46 32 38 30 40 11 55 47 47 69 
16 74 48 31 79 13 92 78 10 2 12 70 47 5 53 65 12 44 34 63 93 29 86 39 17 71 53 11 89 56 
21 83 6 39 48 17 91 77 74 37 96 44 94 15 4 32 82 12 21 56 30 51 58 10 36 92 30 5 6 92 
MACHINES
29 24 1 13 15 21 19 18 25 14 8 3 22 23 5 17 10 11 12 26 6 7 4 20 27 16 9 30 28 2 
19 28 24 8 16 25 29 11 2 6 27 15 23 1 10 17 4 9 30 20 3 13 18 14 21 7 22 12 5 26 
28 6 2 13 1 10 14 22 17 5 9 25 30 15 29 24 27 16 23 18 4 21 11 8 3 12 26 20 19 7 
30 27 10 17 4 26 9 7 18 19 15 20 2 28 23 3 11 25 22 21 8 24 1 5 12 29 13 6 14 16 
4 26 15 12 11 30 29 16 3 25 22 18 14 21 20 1 17 28 9 19 10 23 2 27 6 7 5 24 13 8 
19 4 18 5 21 27 25 13 26 8 2 6 9 23 11 3 7 30 22 14 12 10 29 15 16 24 17 20 1 28 
5 9 26 23 15 7 12 29 2 3 20 19 4 13 10 21 27 14 22 1 17 28 18 6 11 30 25 24 16 8 
20 18 14 25 10 17 13 8 2 29 3 5 6 12 4 15 28 19 24 1 22 7 23 26 30 16 9 27 11 21 
27 11 10 7 29 1 18 2 15 26 30 21 5 17 19 16 3 24 6 25 4 23 9 12 22 20 8 28 13 14 
26 23 9 21 5 19 11 12 24 4 13 17 2 25 28 6 29 3 22 16 27 1 15 30 8 14 7 18 20 10 
11 20 5 17 18 15 4 21 1 30 12 28 25 26 27 23 19 16 6 13 24 22 10 7 2 3 14 8 29 9 
6 30 4 5 21 24 25 27 13 10 9 20 12 29 16 17 14 8 26 19 18 22 11 3 2 28 1 23 7 15 
12 11 15 3 2 17 18 9 24 7 21 29 26 5 20 14 16 22 23 25 8 27 30 13 10 4 6 19 28 1 
17 24 15 1 26 3 21 27 5 12 14 16 25 4 19 22 23 9 11 8 20 29 7 2 30 28 18 13 6 10 
2 5 24 18 9 8 28 17 29 27 11 6 30 13 10 25 19 1 12 4 16 20 7 22 3 14 21 23 15 26 
20 17 23 7 25 5 8 3 13 4 22 1 30 11 15 6 29 24 18 12 9 19 26 27 2 28 14 21 16 10 
24 14 19 12 25 3 7 30 17 23 21 6 9 22 18 2 29 26 11 5 4 28 27 15 20 10 16 8 13 1 
16 9 11 2 4 5 10 25 7 21 24 18 29 27 1 28 23 30 17 19 26 22 20 3 8 12 15 14 13 6 
20 28 1 30 22 21 15 5 8 27 29 4 2 6 12 16 26 9 3 10 17 25 13 14 18 7 11 19 24 23 
26 9 23 3 1 5 24 30 28 27 6 19 15 14 25 29 4 8 20 11 2 7 17 21 10 18 13 16 12 22 
27 10 24 4 14 18 17 21 15 23 5 9 8 2 20 22 30 26 11 7 29 25 1 3 16 13 28 12 6 19 
11 18 1 9 2 14 24 19 27 10 21 26 5 17 25 28 8 29 22 3 20 23 30 16 6 7 12 4 13 15 
25 14 27 19 23 7 10 29 1 13 4 30 11 18 2 17 26 21 6 12 24 22 3 8 5 20 16 15 28 9 
25 12 28 22 6 17 14 1 15 3 24 2 20 9 16 26 5 27 18 21 29 23 4 10 7 30 11 19 8 13 
23 4 5 11 16 1 12 14 28 8 22 13 27 2 26 21 18 24 29 7 20 15 25 30 3 17 19 10 9 6 
