6679460229,3867322130
25,30,30
10 2 7 12 38 85 38 82 13 23 18 38 29 13 32 95 58 89 16 38 98 79 97 62 34 49 21 13 81 25 
16 32 48 25 75 54 88 68 73 24 26 71 40 40 25 66 39 90 54 86 1 1 32 20 1 97 95 13 26 22 
96 93 54 55 20 54 56 29 89 63 33 11 8 16 94 2 33 57 46 29 87 39 29 81 94 81 83 95 43 96 
96 31 69 43 6 98 30 58 94 50 25 21 29 80 19 67 28 79 4 74 13 58 27 70 33 81 62 54 65 21 
56 51 16 47 21 80 59 54 41 82 82 30 79 67 75 62 21 60 24 43 68 72 35 90 50 27 58 6 53 44 
47 90 28 72 85 40 5 89 6 97 62 44 5 29 90 65 85 43 54 62 94 8 90 63 4 11 26 4 71 81 
81 94 41 29 88 46 51 32 30 29 22 79 27 55 73 1 65 88 3 74 42 53 85 41 7 87 71 83 88 41 
97 36 36 56 26 39 45 24 29 83 56 91 35 52 68 44 65 35 47 41 99 79 7 84 73 57 16 54 61 84 
53 64 67 87 43 78 63 14 47 81 96 92 24 90 97 97 11 82 59 31 8 97 49 53 16 83 49 86 96 65 
50 65 41 50 33 5 28 88 98 8 26 34 58 98 60 27 64 9 92 77 14 79 37 98 78 85 56 45 5 9 
50 62 26 70 58 43 64 10 4 57 56 6 68 73 28 67 26 17 70 34 85 47 95 6 45 29 73 62 44 27 
49 56 40 72 38 86 54 45 51 31 29 88 80 83 36 4 25 31 54 58 77 16 31 52 41 52 61 69 1 67 
10 56 85 85 83 68 60 12 55 99 61 29 95 42 52 27 49 64 98 99 65 84 87 18 98 22 45 74 24 22 
31 67 9 85 74 90 71 83 79 95 53 42 54 88 60 47 17 11 5 47 55 26 84 57 78 50 9 44 68 7 
22 34 94 49 85 63 43 79 14 44 36 88 23 40 79 2 83 99 27 15 52 81 40 59 36 52 83 95 23 37 
37 65 41 55 34 99 91 32 20 23 17 73 39 66 31 70 93 77 12 32 73 28 75 45 95 63 26 28 13 93 
88 35 68 19 65 83 31 64 19 97 39 96 22 57 48 62 52 73 88 96 34 92 91 89 8 49 44 82 98 28 
8 93 39 61 84 85 80 94 65 28 65 2 68 21 7 7 92 69 91 14 27 25 12 84 99 45 24 90 93 84 
57 61 88 11 93 82 89 63 67 82 21 20 26 79 53 32 79 30 54 7 63 84 17 76 63 51 18 97 22 24 
6 31 16 45 42 4 64 97 85 50 3 64 13 63 44 24 60 1 31 83 18 55 63 54 32 82 93 73 24 22 
90 65 36 25 88 7 80 73 62 93 3 65 49 25 74 36 27 60 11 57 66 47 57 14 23 69 69 84 56 83 
37 38 35 97 53 6 20 33 39 35 83 21 17 86 8 36 22 93 25 10 25 96 42 24 37 92 44 59 63 17 
56 26 13 78 6 8 34 15 98 66 87 4 24 16 40 6 43 76 77 43 95 2 3 53 62 61 41 24 54 74 
98 60 61 23 70 99 72 59 52 52 33 49 94 97 92 48 17 31 93 97 12 25 98 17 7 74 65 47 55 58 
13 38 59 78 24 2 98 71 14 55 33 35 93 97 55 54 49 73 41 52 83 64 17 34 66 11 80 18 69 18 
MACHINES
28 16 14 9 20 27 30 12 19 26 17 21 13 4 15 10 2 11 23 8 18 6 29 25 5 1 24 3 22 7 
27 22 7 20 14 11 19 24 6 5 18 26 13 15 23 21 28 12 3 25 9 16 8 1 30 2 29 10 4 17 
10 3 22 1 17 15 4 26 7 8 11 30 16 18 24 20 29 2 19 14 12 25 27 5 28 23 21 13 6 9 
4 1 3 23 13 11 7 19 29 6 24 18 25 16 20 26 17 28 22 21 14 5 2 8 12 15 30 10 27 9 
28 13 11 2 19 4 10 8 21 5 16 29 20 14 18 17 9 15 24 30 26 1 25 23 6 3 27 22 12 7 
7 2 19 20 28 24 4 21 5 30 6 1 16 15 23 13 3 27 12 11 25 29 26 14 10 17 22 9 8 18 
21 4 19 11 3 12 2 28 30 26 29 25 1 9 13 22 17 27 24 6 18 7 23 15 14 5 8 20 10 16 
6 29 12 7 20 11 21 24 26 10 15 1 19 5 13 17 2 4 25 30 16 27 14 28 9 18 3 23 22 8 
18 17 20 1 27 4 26 15 29 16 22 14 25 10 9 23 2 3 19 11 12 5 6 28 21 8 24 30 13 7 
2 14 24 12 29 27 13 20 22 21 23 28 15 8 19 6 26 17 16 9 4 7 11 3 1 10 30 5 25 18 
5 7 21 8 11 2 18 6 17 4 28 15 25 13 30 12 20 1 22 26 9 14 24 19 23 29 10 3 27 16 
21 2 15 27 8 6 19 14 30 12 20 16 24 22 28 29 18 4 7 25 26 11 10 9 23 5 13 17 1 3 
17 21 1 30 27 15 16 29 11 6 28 24 9 14 4 12 25 18 2 10 19 26 7 8 3 5 22 20 13 23 
11 2 25 16 5 3 19 6 14 10 24 13 22 27 8 17 26 18 29 12 15 4 23 20 7 30 28 21 9 1 
27 3 17 28 21 18 14 11 26 19 8 10 7 22 16 15 6 23 9 25 2 29 13 24 30 4 5 1 12 20 
9 13 23 16 27 26 19 14 5 21 2 11 8 18 20 15 4 12 25 30 7 1 24 28 10 3 6 29 22 17 
1 18 15 22 5 3 14 29 24 10 12 30 25 2 28 23 20 7 8 26 17 4 13 6 11 27 21 19 9 16 
28 24 26 11 10 1 25 17 20 18 4 29 3 21 19 5 30 6 22 13 7 16 12 23 2 27 14 9 8 15 
23 19 26 15 27 12 2 30 7 4 29 8 21 16 1 22 11 25 13 9 5 17 14 20 6 24 3 18 10 28 
27 30 22 28 16 3 5 12 25 10 14 9 2 24 26 11 29 17 18 13 23 19 7 6 20 4 15 1 21 8 
28 22 9 14 15 17 3 18 30 25 16 2 1 21 23 24 8 7 4 13 19 26 29 20 12 11 10 27 6 5 
26 3 9 4 23 13 30 11 24 12 27 5 21 19 2 20 17 7 16 6 10 18 25 29 8 15 14 28 22 1 
30 17 1 3 14 15 8 13 24 26 20 9 10 16 2 12 11 7 28 25 27 22 4 19 18 29 6 23 21 5 
4 23 28 14 13 30 3 19 18 5 22 6 16 29 21 10 2 7 11 15 12 20 24 8 9 27 26 1 17 25 
4 9 13 14 24 30 15 23 29 19 26 7 5 10 3 6 8 27 17 16 21 28 1 22 11 12 25 2 20 18 
