3741650234,3974054878
25,30,30
42 61 51 7 67 51 55 57 23 55 77 13 17 48 53 20 66 46 19 7 29 63 57 54 82 92 72 94 34 26 
95 61 71 23 5 48 72 47 26 52 38 81 84 88 11 69 58 91 70 44 98 10 3 70 51 4 19 35 46 33 
50 92 59 7 11 57 19 49 74 10 50 19 4 91 2 22 61 78 31 9 17 43 65 98 27 78 40 98 36 13 
17 11 70 15 10 65 34 60 49 32 8 78 95 69 76 54 53 82 25 67 37 52 39 83 28 58 34 37 52 28 
23 10 81 94 58 53 69 2 85 16 64 71 82 41 30 32 89 47 12 21 25 24 2 26 63 77 51 58 74 72 
95 37 54 54 84 69 96 38 88 67 56 2 22 5 98 99 76 46 27 45 42 49 72 80 63 60 8 19 52 43 
27 92 17 27 8 1 43 84 30 22 58 71 85 29 97 90 99 10 41 12 59 82 72 71 6 27 92 41 26 18 
76 35 69 82 74 36 33 96 29 56 52 36 97 73 45 45 7 17 99 98 70 24 63 59 17 93 89 55 64 4 
50 31 48 21 66 36 68 35 9 7 48 1 9 11 6 9 2 54 13 57 99 97 10 22 64 97 6 61 64 32 
43 95 92 72 57 7 25 3 25 10 66 32 88 62 3 84 16 29 29 58 41 5 29 33 59 50 68 98 30 23 
10 97 22 30 60 92 59 26 98 38 26 17 77 24 83 42 96 67 37 72 24 72 79 64 71 37 80 66 39 10 
31 36 26 75 10 60 9 74 4 19 86 79 12 70 47 3 16 68 60 14 65 72 53 41 41 61 33 55 94 60 
6 84 17 27 1 97 1 65 19 35 64 71 49 42 55 24 68 25 28 92 96 49 29 71 44 16 17 45 45 81 
99 92 81 87 65 74 97 92 28 51 22 11 55 32 25 48 40 95 89 61 23 67 60 18 5 73 95 30 56 8 
17 14 41 56 30 65 6 98 42 23 62 94 86 75 10 59 92 3 47 97 99 45 78 52 58 89 29 14 17 71 
1 31 15 55 5 7 1 81 90 22 59 75 88 60 48 16 40 35 15 11 31 68 63 61 6 52 97 67 36 87 
57 36 83 41 82 71 38 26 50 80 77 84 26 53 9 53 40 65 51 90 77 83 26 69 41 41 48 1 95 90 
2 58 76 11 37 77 93 33 25 20 8 97 29 25 44 86 74 85 3 74 44 85 54 49 31 71 32 84 2 65 
43 44 65 14 28 18 43 18 43 15 96 59 46 1 6 74 31 23 58 83 11 71 99 79 72 89 57 67 23 56 
13 14 94 49 10 85 46 84 52 15 6 20 70 97 51 18 99 12 66 59 20 21 85 74 16 8 87 61 63 50 
16 91 43 35 71 35 16 54 19 44 10 77 23 96 99 13 28 99 15 1 26 29 64 24 40 88 12 20 74 38 
11 91 36 41 23 34 62 65 36 44 88 25 91 30 94 35 19 11 76 26 56 41 20 17 33 22 50 93 98 89 
10 52 43 39 34 95 50 13 57 38 82 7 62 35 3 28 29 66 3 36 14 42 99 28 64 52 63 99 72 88 
80 40 61 41 70 62 13 46 49 12 81 32 5 41 85 72 41 35 81 42 53 41 30 75 84 97 64 57 40 42 
24 18 13 57 92 55 23 22 73 3 82 14 35 67 72 45 92 79 55 44 79 36 66 54 35 28 6 93 11 2 
MACHINES
17 24 19 15 18 25 13 2 27 9 30 7 26 21 3 14 11 16 23 10 5 1 20 6 22 8 4 28 12 29 
13 17 7 26 23 6 20 25 19 27 1 18 24 12 8 30 28 4 16 3 21 11 14 5 9 10 15 29 2 22 
19 7 1 29 12 4 24 16 23 21 18 5 28 2 14 25 9 22 11 26 17 30 15 6 10 3 27 20 13 8 
14 2 29 6 15 1 20 8 24 21 3 18 13 16 12 26 19 28 10 7 17 25 27 5 4 23 22 9 30 11 
14 12 20 19 25 24 6 27 21 1 22 29 8 16 9 15 4 11 30 10 2 18 28 5 23 17 13 26 7 3 
4 11 29 23 5 16 26 17 8 30 10 20 6 12 15 22 21 18 24 25 14 13 1 19 9 3 7 27 28 2 
26 5 14 29 21 28 11 23 8 20 6 24 27 4 30 16 22 7 13 25 18 19 10 12 15 1 9 17 3 2 
12 16 23 30 10 13 26 21 1 15 6 17 28 29 4 24 25 22 19 11 3 14 8 7 20 9 2 5 27 18 
18 15 10 14 22 2 16 30 13 26 27 1 4 25 20 24 29 8 12 21 28 9 23 5 6 7 19 11 3 17 
21 7 6 15 14 16 19 23 24 30 5 9 17 11 25 29 3 4 1 18 8 20 26 2 12 10 13 27 28 22 
8 12 24 13 17 18 27 6 10 15 4 1 3 16 2 22 19 20 7 14 28 30 9 29 26 5 21 11 23 25 
12 17 30 16 22 13 21 23 2 26 15 27 7 19 28 8 20 4 18 9 5 3 24 11 10 1 25 14 29 6 
17 8 26 2 24 20 4 19 16 14 5 29 7 30 9 11 6 28 10 15 3 12 1 27 23 18 25 21 13 22 
4 17 27 20 18 5 26 9 6 28 1 11 30 29 16 15 14 7 10 2 19 21 24 22 13 8 25 23 12 3 
7 27 22 17 11 5 3 14 13 21 20 18 29 15 6 10 30 8 19 1 16 26 4 23 2 24 12 9 25 28 
7 22 23 2 21 29 4 24 10 16 13 11 17 12 3 30 25 27 28 9 6 26 5 15 1 20 14 19 8 18 
20 17 12 5 14 19 28 15 9 4 11 7 3 22 10 30 25 26 13 29 6 24 18 2 27 8 21 16 1 23 
29 19 2 27 26 6 21 5 9 16 30 20 22 10 11 8 12 7 3 18 4 13 28 23 25 1 17 15 24 14 
4 18 27 8 1 14 24 23 2 7 16 22 3 21 25 5 12 30 29 15 26 6 13 19 11 9 17 28 20 10 
20 5 7 12 10 8 21 14 26 1 28 29 19 27 6 18 16 9 17 4 30 11 22 2 15 13 23 25 3 24 
4 18 22 11 13 14 8 21 23 6 26 29 24 7 28 19 15 10 12 27 17 25 20 30 2 16 1 5 9 3 
8 17 19 20 16 24 11 23 1 2 3 26 29 9 4 13 22 21 15 18 12 10 27 5 25 30 6 7 14 28 
28 9 13 19 25 16 10 11 2 15 20 21 17 18 27 24 12 8 14 1 5 26 3 23 22 29 7 4 30 6 
8 19 14 21 17 10 28 18 13 3 26 2 11 30 1 29 7 16 25 24 22 15 4 9 27 6 5 12 20 23 
11 18 26 20 30 27 9 12 7 14 23 3 4 19 16 17 10 6 29 15 28 1 2 24 25 8 22 5 21 13 
