9088561090,5407145879
25,30,30
32 10 6 73 24 3 69 22 44 42 88 71 82 96 61 50 31 84 92 15 33 45 25 14 96 25 8 20 7 15 
15 27 13 69 84 17 25 94 13 85 23 2 97 55 57 45 2 40 95 61 47 41 20 65 33 55 62 59 95 12 
15 18 57 7 5 53 45 64 43 12 19 62 57 57 72 40 56 14 57 97 63 5 55 71 43 71 57 97 62 25 
92 66 87 87 79 46 30 25 76 76 26 79 92 43 60 62 6 77 8 45 18 65 61 63 68 76 16 73 57 56 
87 65 94 35 8 40 31 39 90 43 53 69 83 91 25 81 38 86 69 45 90 70 49 76 50 91 73 36 6 22 
76 70 53 33 57 98 53 74 30 21 6 58 39 64 8 23 35 54 39 29 30 22 33 6 31 12 53 7 7 98 
69 23 16 22 50 31 75 23 31 20 72 30 43 23 8 3 79 1 25 77 4 98 14 98 22 40 54 7 72 56 
44 97 50 54 97 24 24 2 56 67 24 69 93 35 9 11 98 84 22 92 64 72 34 97 50 93 89 57 94 33 
58 8 8 48 77 72 54 74 75 50 51 91 99 5 33 35 53 16 43 44 94 40 31 1 83 2 15 41 4 56 
58 6 30 83 97 47 31 84 26 48 49 11 9 36 87 85 90 58 17 5 20 24 37 79 96 16 15 84 27 74 
41 8 24 25 29 18 65 85 47 47 47 41 79 63 35 36 5 41 3 89 74 67 91 19 10 71 18 92 77 83 
83 56 40 65 65 6 29 27 86 67 22 26 27 90 30 93 71 62 99 99 74 49 5 85 89 6 90 1 7 89 
91 45 60 59 76 37 14 63 56 46 62 96 2 42 56 16 71 94 56 56 20 16 70 59 65 54 67 73 64 16 
57 30 14 4 16 48 52 75 30 34 20 99 17 27 51 99 55 92 88 1 46 96 43 15 39 20 68 91 90 1 
85 59 77 93 36 56 30 87 82 66 61 28 79 7 12 71 2 8 86 23 69 86 71 40 2 24 67 40 26 63 
6 67 31 25 74 33 68 73 78 81 97 88 25 51 99 46 9 9 48 87 10 84 30 60 32 65 69 25 33 57 
76 86 16 74 33 53 51 53 16 57 82 65 53 3 81 99 54 31 74 59 47 31 43 88 5 64 24 6 60 71 
83 41 49 4 90 73 89 40 45 1 57 93 25 27 55 7 14 47 44 19 42 71 44 20 87 28 63 77 54 82 
30 54 17 58 62 6 36 18 68 68 90 21 17 40 83 98 3 99 45 74 73 5 85 49 91 83 54 9 82 2 
77 94 56 82 82 42 62 14 97 87 61 9 42 63 1 3 62 66 87 33 14 87 22 75 73 28 75 67 58 77 
80 3 84 59 83 85 37 45 66 27 69 99 49 1 27 71 92 22 65 63 9 90 9 84 96 69 15 8 84 94 
36 12 54 97 56 21 68 92 78 74 62 99 10 50 90 43 6 18 85 79 85 72 53 90 54 12 8 13 82 96 
6 26 62 70 74 35 84 48 13 84 78 47 57 50 44 29 75 63 48 36 26 36 2 35 28 31 39 53 77 36 
20 8 80 16 30 72 51 50 88 70 4 25 59 87 70 82 5 95 7 72 71 86 44 43 37 2 96 55 1 50 
51 77 15 38 55 83 54 66 19 11 46 90 40 72 13 70 20 66 49 37 52 65 47 74 64 45 43 66 93 36 
MACHINES
14 7 22 28 30 9 17 10 23 13 19 25 27 6 16 1 26 2 8 20 21 24 3 4 29 18 5 11 12 15 
13 12 7 15 2 6 10 23 28 19 18 16 26 1 29 24 17 9 11 14 4 21 5 25 30 8 20 3 22 27 
29 7 26 16 6 18 22 30 23 5 15 2 28 9 13 4 11 25 17 8 19 21 3 12 14 27 24 10 1 20 
16 5 10 23 29 7 3 20 17 12 27 24 15 9 22 26 28 30 14 8 2 18 25 11 6 19 13 21 1 4 
9 19 17 22 27 4 6 16 14 3 1 24 28 10 11 12 30 7 15 18 21 23 13 25 2 20 29 26 5 8 
10 5 29 19 9 13 4 2 27 26 30 7 24 21 14 8 12 23 3 16 1 6 28 18 11 25 15 20 17 22 
20 9 23 10 5 27 7 13 2 24 19 15 3 1 22 17 29 26 30 12 6 11 21 18 14 8 28 4 25 16 
23 8 15 9 29 7 24 4 20 21 6 22 17 27 18 19 14 13 11 30 25 2 3 26 12 28 16 1 5 10 
9 6 23 18 12 26 14 15 20 27 30 24 5 28 19 1 2 22 4 29 25 13 3 17 7 21 10 11 8 16 
23 20 1 6 29 28 11 8 7 14 2 3 10 22 21 25 12 4 27 16 15 9 5 26 19 13 17 24 30 18 
26 11 23 20 9 1 2 16 29 14 22 13 6 15 10 21 12 27 17 25 19 4 24 28 8 30 5 18 7 3 
24 26 30 25 13 29 1 2 28 3 23 11 22 4 6 5 20 15 18 17 19 10 16 7 14 12 9 21 8 27 
26 25 27 24 1 18 22 30 14 29 5 10 28 16 19 6 7 3 20 17 9 23 21 2 15 8 13 12 4 11 
2 9 13 25 1 12 10 6 3 23 30 19 24 29 21 20 26 18 11 28 15 14 8 17 5 4 22 7 27 16 
20 13 6 4 22 9 24 21 14 27 10 5 1 7 25 3 29 8 26 17 12 15 23 18 11 2 30 28 19 16 
18 8 2 1 3 24 17 21 14 29 20 16 28 23 12 4 30 10 27 26 6 11 9 7 15 22 13 5 25 19 
11 15 30 5 1 27 16 14 23 28 3 2 17 9 19 25 22 18 21 12 29 20 10 26 4 24 8 13 7 6 
2 12 23 22 21 10 6 4 13 19 20 5 14 16 8 3 27 28 17 26 11 25 1 18 29 24 30 7 15 9 
11 29 22 24 10 30 20 23 7 14 19 8 17 21 28 6 2 16 27 1 25 13 9 15 4 18 3 12 5 26 
16 8 9 5 23 18 13 21 25 24 28 30 14 3 6 2 29 26 20 19 10 22 7 15 11 1 4 12 27 17 
25 16 12 29 6 5 18 27 11 17 22 8 24 19 7 9 4 3 13 15 10 1 14 30 21 26 28 20 23 2 
9 3 14 18 20 26 21 12 25 4 30 15 8 17 1 11 13 23 6 5 24 10 27 16 7 2 29 28 22 19 
12 23 10 7 1 26 11 20 2 27 4 5 19 21 22 13 18 14 15 17 29 6 28 9 3 30 25 8 16 24 
25 16 2 5 1 18 15 21 24 13 19 10 7 11 6 3 17 30 22 14 20 12 9 28 29 8 26 4 23 27 
1 26 27 19 28 25 14 12 5 4 17 10 29 22 2 18 6 20 16 9 15 21 23 7 13 30 8 3 24 11 
