3259097837,3603303004
25,30,30
78 16 31 15 1 85 92 60 75 76 86 80 86 72 16 86 78 50 15 25 89 51 49 48 46 17 13 23 21 34 
11 5 48 82 91 3 12 29 37 70 59 89 98 28 57 38 17 6 46 96 67 94 15 49 17 45 70 89 91 39 
20 22 53 27 11 90 38 68 96 26 78 93 33 80 7 24 33 96 52 2 77 50 66 90 7 84 3 14 74 73 
97 19 69 17 63 87 42 4 11 15 23 54 99 28 20 14 54 45 9 38 27 89 36 38 55 26 95 54 63 52 
40 73 14 19 40 27 33 55 66 91 43 93 76 81 88 98 58 2 19 85 22 40 90 95 18 8 48 10 4 9 
85 84 2 53 97 70 62 25 85 49 21 20 22 56 32 51 62 65 96 59 53 19 68 69 68 3 31 69 57 60 
61 57 55 40 95 21 59 56 55 80 13 84 20 38 97 57 89 33 76 45 91 86 76 95 23 78 19 88 60 15 
77 35 11 78 92 63 55 83 25 7 38 97 1 17 12 84 41 88 56 44 49 87 47 87 20 12 62 26 97 66 
50 90 37 75 51 52 85 69 52 96 37 13 84 52 13 58 40 67 39 66 97 78 8 28 49 86 50 48 7 21 
7 59 45 61 38 84 2 20 15 79 61 3 67 98 66 48 16 83 56 45 69 59 93 23 1 17 72 79 77 75 
80 85 52 37 17 92 38 74 78 56 5 38 28 73 55 56 68 55 3 3 15 84 13 82 16 54 94 5 59 74 
87 80 16 13 34 46 3 59 80 49 71 95 98 47 44 41 67 3 59 65 96 94 84 24 38 30 57 33 68 13 
40 45 86 35 84 11 60 26 15 75 93 81 48 20 49 9 18 82 76 24 98 10 80 74 84 8 75 69 48 22 
68 84 46 35 18 90 83 71 27 54 98 27 33 94 80 94 89 71 20 45 4 93 73 30 94 50 23 32 7 18 
46 8 69 80 11 95 58 24 87 96 46 61 36 23 61 46 75 85 40 47 88 44 97 92 39 63 93 60 57 37 
79 26 76 97 66 68 61 68 66 43 1 58 7 54 60 91 53 19 55 46 86 96 75 57 1 34 72 80 66 7 
44 52 78 77 34 49 24 35 80 86 81 26 60 3 72 65 3 36 87 3 2 20 77 76 71 35 55 89 77 1 
28 38 66 27 81 40 97 59 70 5 54 11 45 54 51 82 57 87 18 48 35 44 79 22 27 89 97 94 34 27 
79 55 43 97 98 28 81 9 42 26 34 92 7 47 17 80 3 10 70 65 30 98 46 6 25 38 35 86 64 41 
60 88 49 74 2 47 80 60 1 61 51 29 42 95 42 18 35 42 28 96 40 2 17 65 92 67 62 84 71 86 
59 60 83 2 90 87 40 44 33 77 50 56 77 42 46 17 94 78 9 54 46 15 14 96 14 53 65 12 44 47 
79 70 66 19 52 67 95 45 6 34 67 93 19 82 95 37 11 62 64 25 91 30 27 88 95 17 23 88 70 52 
40 98 64 39 62 55 84 33 60 46 19 33 80 55 45 80 60 22 88 62 67 64 94 7 9 60 77 3 73 39 
5 62 34 69 13 86 2 80 89 22 34 22 53 45 89 97 95 45 43 61 17 72 38 64 71 2 7 63 5 54 
41 95 60 30 44 78 22 52 99 2 64 48 27 31 85 12 77 66 93 39 56 65 49 94 69 3 91 91 20 66 
MACHINES
28 25 8 1 6 19 29 16 7 18 15 2 11 24 17 21 30 10 5 27 14 12 9 20 4 3 23 26 22 13 
19 16 30 29 28 2 11 22 21 9 25 8 13 18 26 4 24 1 5 12 27 3 15 14 20 6 23 7 10 17 
15 30 2 16 9 19 26 18 5 20 23 25 3 11 13 14 6 1 27 24 17 7 8 4 12 28 21 22 10 29 
28 6 20 24 11 23 30 27 18 12 22 5 25 16 8 2 3 14 10 1 4 19 13 29 7 9 15 26 17 21 
12 15 30 1 11 25 6 29 4 24 19 9 21 22 20 10 17 3 16 28 26 2 13 8 7 23 14 5 27 18 
8 13 2 3 22 21 26 16 12 27 19 28 20 1 11 15 6 25 7 10 5 9 30 24 4 17 18 14 29 23 
1 10 27 26 23 2 12 13 5 14 9 18 16 24 3 20 15 11 7 17 8 22 6 30 19 29 21 25 4 28 
14 21 27 20 3 13 23 29 26 10 25 4 8 18 16 15 12 5 11 7 28 1 2 24 17 6 9 19 22 30 
2 6 16 12 15 17 9 11 3 19 24 27 30 4 7 18 10 22 26 5 14 29 1 28 23 13 21 20 25 8 
13 12 27 14 11 18 9 1 10 2 15 17 25 30 29 24 22 21 19 3 4 26 28 16 5 23 6 8 7 20 
14 9 6 19 16 23 22 12 18 3 2 13 30 24 4 25 17 26 8 28 27 5 15 7 11 29 1 21 10 20 
9 22 1 24 10 7 23 28 16 14 6 21 15 30 11 18 13 12 20 2 26 8 27 29 4 19 25 3 5 17 
22 14 30 18 5 23 28 20 1 3 13 12 2 9 25 4 16 6 10 21 19 24 7 15 11 29 27 17 8 26 
24 11 21 26 9 27 6 5 7 16 28 22 4 25 8 20 1 30 14 12 2 17 10 19 29 13 23 3 15 18 
1 8 27 4 3 18 5 7 21 26 10 11 13 6 17 20 19 30 22 15 12 24 23 16 2 14 29 25 9 28 
6 25 22 13 1 29 19 17 28 26 2 23 4 5 12 14 18 21 15 30 3 20 24 9 8 16 7 11 10 27 
14 5 6 27 8 28 16 11 10 19 21 26 23 18 13 20 29 22 30 7 4 9 17 2 3 1 15 24 12 25 
17 26 15 30 25 29 23 7 10 13 1 16 27 22 6 14 20 3 18 11 19 12 24 4 28 5 8 2 21 9 
29 23 26 1 4 17 13 25 21 9 16 2 22 3 27 15 20 12 18 19 14 6 30 5 7 28 11 10 8 24 
10 17 2 11 23 21 22 1 3 6 16 12 25 13 18 4 26 28 27 7 19 24 15 14 29 30 9 20 5 8 
22 17 18 29 4 23 27 21 2 15 1 26 9 11 30 12 19 16 20 13 6 3 28 25 5 10 24 7 8 14 
20 9 21 26 15 11 18 13 17 29 30 16 14 22 19 10 25 7 5 8 23 6 24 2 3 27 4 1 12 28 
22 27 25 8 3 1 2 12 13 21 24 11 7 15 29 20 23 5 17 14 16 6 4 10 28 18 9 26 19 30 
17 24 4 6 2 26 25 13 18 5 3 29 9 22 8 28 30 7 1 19 11 12 27 10 21 20 16 15 14 23 
8 23 22 30 2 28 13 7 12 5 19 26 25 10 29 16 21 1 24 6 4 15 18 9 27 14 17 3 11 20 
