3869098396,9915755189
25,30,30
36 33 39 55 89 2 34 91 5 5 86 58 59 36 11 68 76 87 52 52 56 25 61 63 32 58 73 60 32 34 
58 6 79 9 61 95 29 9 11 99 77 98 87 90 34 2 56 91 4 13 7 79 56 23 78 53 15 33 75 15 
58 53 53 79 92 37 52 22 49 22 34 56 98 14 88 77 91 39 76 8 54 62 24 19 5 66 4 75 80 34 
87 21 11 39 25 46 87 74 74 87 80 72 98 60 40 86 22 50 59 2 94 16 98 87 98 13 77 28 92 72 
82 11 74 34 4 22 15 38 55 18 76 91 4 62 36 49 4 12 63 3 1 48 73 18 78 41 61 34 83 39 
39 15 2 12 51 18 60 1 79 5 94 48 46 89 4 33 49 16 23 40 63 69 46 70 62 76 84 89 87 7 
60 23 57 36 44 4 22 18 48 4 66 48 10 65 7 29 84 46 62 9 30 7 80 90 33 29 37 25 63 39 
4 34 80 15 37 38 15 12 24 32 36 36 92 79 93 38 52 79 68 31 67 71 24 17 70 92 7 64 10 41 
64 77 40 99 92 20 73 43 77 18 58 23 80 62 72 16 23 39 32 79 45 93 26 71 96 34 46 18 23 97 
67 31 29 6 13 38 61 99 39 68 43 62 44 41 18 6 96 33 22 57 93 45 85 88 51 47 76 23 99 79 
38 83 94 49 24 38 95 86 15 8 84 90 39 46 17 54 81 52 94 72 18 82 27 98 48 23 93 80 77 73 
39 51 58 50 28 49 19 87 77 78 69 42 92 58 46 68 81 97 90 94 98 10 4 16 34 77 11 40 62 75 
5 11 72 4 15 44 53 40 17 71 74 8 81 64 2 90 60 56 12 28 22 73 94 52 7 32 49 10 13 7 
68 59 45 51 59 94 37 83 65 5 58 92 27 28 29 61 37 13 24 31 84 8 83 75 27 48 88 18 44 38 
14 21 90 45 60 59 11 83 29 24 29 39 60 36 95 43 32 98 46 21 68 14 22 6 41 89 32 22 92 76 
90 66 99 36 56 17 88 91 85 57 7 73 60 56 40 14 27 90 65 39 26 64 20 90 43 88 19 43 53 63 
61 95 68 11 73 39 71 17 58 24 69 30 99 57 11 43 84 86 50 28 42 26 3 70 32 3 59 83 70 5 
98 93 76 1 65 14 82 95 30 98 41 60 4 5 63 51 49 77 22 12 63 80 48 82 5 90 37 44 85 33 
69 43 70 24 45 97 66 76 21 86 68 13 49 66 84 83 43 25 24 83 96 85 2 14 24 10 65 4 99 88 
72 94 92 55 28 38 93 51 19 12 3 7 30 62 85 49 84 67 90 19 78 42 14 4 8 21 36 18 29 20 
86 8 17 11 30 82 60 48 24 26 27 78 22 58 32 46 71 89 44 39 9 65 74 64 48 95 23 94 92 29 
26 17 33 96 52 67 18 19 29 81 82 72 14 95 81 2 70 32 71 68 29 28 62 39 9 62 5 74 63 19 
75 89 34 12 89 8 51 73 86 48 35 33 18 39 73 21 10 37 49 50 77 96 19 18 6 43 40 11 75 95 
84 41 71 60 58 52 79 79 62 82 41 16 32 50 9 91 34 56 16 64 93 82 85 29 46 98 55 68 90 43 
32 17 18 92 46 59 58 33 64 70 18 20 83 3 24 55 67 7 79 71 1 5 26 37 95 2 6 64 80 40 
MACHINES
30 5 6 24 23 21 10 11 14 19 28 12 26 20 3 15 22 29 2 1 17 18 4 13 16 7 8 27 25 9 
3 24 25 27 30 26 13 28 1 8 11 19 21 6 23 17 14 12 5 16 4 10 18 15 20 9 7 29 2 22 
15 25 14 28 5 19 7 9 1 22 17 26 13 3 18 21 11 8 23 24 12 27 10 6 29 20 4 2 16 30 
4 12 6 5 1 2 15 7 10 27 11 29 28 18 9 26 21 14 20 19 30 25 13 16 17 24 8 22 23 3 
19 5 9 17 21 11 23 29 7 20 14 30 28 27 1 12 15 24 8 13 26 16 4 6 22 3 18 2 10 25 
4 17 2 21 9 26 20 25 18 14 1 13 23 30 27 8 6 16 7 15 19 12 29 3 22 28 24 11 5 10 
21 12 7 26 1 27 14 16 28 17 20 2 10 13 29 8 5 19 25 6 9 24 15 18 11 3 30 23 4 22 
5 8 4 18 27 19 24 12 9 10 21 15 26 17 22 7 20 3 28 14 30 6 11 25 2 16 13 23 29 1 
10 7 16 22 12 23 20 2 3 1 29 17 15 19 14 4 9 30 5 25 27 28 8 6 18 24 26 21 13 11 
11 23 5 17 19 26 21 30 8 9 12 10 6 3 28 15 29 20 27 2 25 24 7 1 18 22 14 4 16 13 
29 4 3 23 10 13 24 17 12 26 11 1 2 21 22 28 5 25 15 30 14 20 27 18 6 9 8 7 19 16 
3 28 8 17 22 12 13 24 23 27 9 5 6 15 26 21 20 19 2 16 25 4 14 29 18 11 1 7 10 30 
19 23 10 14 2 15 25 3 4 7 6 18 17 29 20 22 11 26 28 13 21 16 5 30 12 27 9 8 24 1 
12 15 7 14 4 18 23 28 6 13 24 30 3 11 20 9 27 26 19 2 10 29 16 21 5 17 8 22 1 25 
27 28 5 13 7 2 10 8 4 16 23 25 11 15 19 3 26 14 21 29 30 22 9 24 6 1 12 18 17 20 
29 26 20 1 6 17 12 5 11 22 25 8 23 19 7 2 9 30 10 27 18 14 15 3 28 4 21 13 24 16 
23 5 26 21 19 13 28 29 12 9 11 14 22 2 24 18 15 8 7 4 25 30 10 20 27 6 1 3 17 16 
15 16 22 27 13 8 25 30 17 26 23 24 4 19 3 2 6 29 9 12 21 10 7 20 5 18 28 11 14 1 
9 26 25 17 1 6 15 30 8 10 20 18 3 13 27 12 14 29 7 23 5 19 22 24 16 21 4 28 11 2 
14 3 21 11 24 6 15 25 28 5 19 27 10 7 20 22 30 9 8 23 13 1 12 2 18 17 16 29 4 26 
3 12 24 1 11 23 30 7 26 22 17 27 6 13 4 21 16 25 19 28 2 20 8 14 18 29 9 15 10 5 
24 10 8 13 28 25 6 16 2 4 3 7 19 9 30 26 5 11 1 20 14 12 21 15 22 17 23 27 29 18 
26 19 1 7 4 13 27 16 12 29 22 28 9 15 11 21 10 8 25 30 23 5 14 24 3 18 6 20 2 17 
17 14 1 27 2 11 4 20 22 12 28 7 3 26 5 18 25 6 15 24 9 29 30 13 8 23 21 16 19 10 
18 17 25 30 6 27 2 29 11 5 15 8 10 3 13 7 19 14 20 22 23 9 28 21 16 24 1 4 12 26 
