4329566811,4918734703
30,10,10
83 30 6 43 28 33 36 50 2 91 
22 60 91 80 57 15 36 67 5 31 
58 36 48 55 87 32 63 81 96 31 
79 36 84 73 96 78 33 96 20 5 
59 25 78 25 29 87 54 32 38 76 
61 26 42 49 29 98 44 4 80 67 
45 83 45 10 82 89 69 75 54 56 
19 36 65 9 19 85 72 75 24 53 
51 52 91 44 74 63 73 73 58 42 
12 90 78 36 80 81 54 22 11 7 
68 57 80 83 81 20 30 72 65 30 
90 4 10 85 48 37 58 18 74 21 
54 48 32 42 28 30 35 9 34 96 
14 7 59 39 9 94 1 22 54 22 
71 21 90 7 66 37 38 40 34 69 
56 75 34 67 91 27 2 96 67 87 
42 37 92 65 37 23 28 23 88 7 
37 74 33 53 89 41 99 60 92 91 
13 66 9 71 39 87 30 35 75 37 
64 32 59 90 66 8 54 45 74 21 
3 87 71 96 40 40 21 80 30 20 
16 34 40 80 51 92 69 15 71 27 
29 63 45 20 47 65 55 21 53 4 
97 74 6 84 51 98 5 22 97 39 
24 89 90 81 13 99 58 24 45 60 
11 52 34 21 16 98 92 31 16 29 
67 2 8 96 89 9 65 88 61 67 
25 11 4 9 80 6 74 42 88 63 
97 47 7 6 19 49 15 38 67 21 
65 27 11 15 39 88 79 74 9 84 
MACHINES
8 10 4 3 5 6 2 1 7 9 
7 1 2 6 9 10 5 3 8 4 
1 3 5 6 9 4 10 8 7 2 
1 2 9 5 3 4 10 6 7 8 
2 4 9 1 5 8 7 3 6 10 
1 4 7 10 9 5 8 2 6 3 
1 6 7 8 4 9 5 2 3 10 
7 9 6 4 10 1 5 2 3 8 
8 5 9 10 7 6 3 4 1 2 
2 5 3 1 7 4 9 10 8 6 
1 10 5 6 2 7 9 3 4 8 
9 4 5 8 1 10 7 3 6 2 
7 4 8 9 2 6 5 10 1 3 
5 7 6 10 2 1 8 9 4 3 
9 10 1 7 4 6 3 5 2 8 
2 7 3 8 4 10 5 6 9 1 
2 4 1 6 8 5 3 7 10 9 
9 1 3 7 5 10 2 6 4 8 
6 5 10 2 9 1 4 8 3 7 
10 1 5 6 3 4 8 9 2 7 
9 1 7 8 3 10 5 6 4 2 
2 6 3 5 7 1 9 8 10 4 
8 7 9 2 3 6 4 1 10 5 
2 5 8 9 4 1 3 7 10 6 
8 2 9 7 1 3 6 10 5 4 
2 10 4 6 7 1 3 5 8 9 
8 9 10 2 3 1 7 6 4 5 
7 6 9 4 1 2 5 3 10 8 
9 10 3 8 5 2 6 1 4 7 
2 7 3 5 6 4 8 10 1 9 
