4672467759,8582496862
30,10,10
79 97 65 98 27 57 4 25 46 35 
63 35 44 12 1 10 77 1 45 75 
71 74 11 29 52 13 34 93 76 48 
9 82 54 95 63 76 67 7 47 7 
46 19 94 72 36 32 4 78 98 54 
86 4 91 25 52 7 2 50 27 13 
18 94 84 40 31 76 8 59 20 58 
82 95 49 25 4 22 93 6 57 62 
74 68 39 11 73 55 79 32 15 35 
39 16 76 84 14 95 14 44 92 67 
25 82 8 40 93 15 7 23 52 46 
44 30 29 67 18 9 94 53 9 76 
80 59 79 23 51 36 87 17 79 93 
49 16 2 55 94 18 13 94 78 93 
84 93 41 28 12 34 40 40 87 63 
8 68 40 68 40 43 68 12 44 10 
91 79 87 70 18 57 11 48 94 7 
65 9 79 61 67 41 67 54 32 18 
18 27 81 9 20 50 18 7 37 42 
92 83 88 70 90 50 58 92 45 80 
75 35 25 46 46 36 59 90 78 59 
65 36 3 70 50 40 60 73 38 93 
32 52 45 83 26 75 6 53 47 25 
95 92 53 73 17 81 18 96 82 97 
89 75 71 93 40 95 9 96 1 86 
24 24 60 63 55 46 90 44 38 12 
74 32 90 6 24 19 10 42 99 30 
28 46 85 51 78 22 88 40 63 83 
9 1 85 54 38 92 56 32 50 29 
58 70 29 1 21 4 74 60 38 90 
MACHINES
5 3 6 4 10 9 8 7 2 1 
6 10 7 9 5 3 4 2 1 8 
5 4 7 6 8 1 3 9 10 2 
9 5 4 10 1 3 2 8 6 7 
2 10 5 4 1 9 3 6 8 7 
1 5 2 4 9 8 6 3 7 10 
1 5 2 8 3 7 6 4 9 10 
2 6 1 5 7 10 4 8 9 3 
8 7 2 6 10 5 1 4 9 3 
1 8 5 3 6 7 9 10 2 4 
7 3 9 5 2 10 1 4 6 8 
2 8 7 6 5 3 4 10 9 1 
4 6 9 7 2 1 3 5 10 8 
5 3 10 7 1 6 4 9 8 2 
7 4 10 8 1 3 9 5 6 2 
4 6 10 8 7 2 3 1 5 9 
1 3 2 10 5 6 9 7 8 4 
7 10 4 9 2 1 8 3 6 5 
2 3 9 6 1 4 10 5 8 7 
2 3 6 10 4 9 5 1 8 7 
1 5 4 8 3 7 2 10 6 9 
8 6 7 1 2 5 10 4 9 3 
8 7 2 6 9 4 5 10 1 3 
3 5 9 1 8 4 2 10 7 6 
8 5 10 9 1 4 2 6 7 3 
9 1 8 10 4 6 7 2 3 5 
3 1 4 8 7 10 2 5 6 9 
6 5 10 1 8 2 3 9 7 4 
2 9 1 10 8 5 3 7 6 4 
10 8 3 5 1 2 9 7 6 4 
