8354560110,3114307440
30,10,10
72 26 61 21 26 4 29 50 66 94 
19 98 78 4 77 8 19 59 76 61 
35 69 83 97 59 39 51 44 8 14 
18 74 82 18 61 50 80 10 9 36 
40 53 73 85 65 5 94 74 46 52 
46 8 84 7 98 7 60 77 46 88 
9 75 58 27 8 23 95 58 2 63 
57 60 13 37 50 13 10 11 39 28 
15 94 13 61 19 15 42 82 51 95 
87 62 50 65 95 75 60 29 67 82 
65 3 41 12 30 50 51 18 58 43 
63 3 70 30 91 3 15 55 87 4 
41 54 57 24 42 12 44 26 70 15 
33 3 52 73 24 8 55 85 22 35 
63 45 19 26 64 19 35 13 68 52 
78 43 93 17 63 64 4 60 76 93 
82 94 23 52 49 34 58 95 55 35 
59 44 52 27 58 57 9 93 12 41 
34 21 97 55 70 20 52 65 60 80 
98 31 46 93 67 21 92 87 88 64 
72 61 35 33 63 87 69 18 63 51 
22 23 70 26 17 52 66 12 53 29 
48 58 27 51 7 87 34 91 47 70 
38 67 33 85 57 58 46 16 77 91 
73 38 24 55 87 66 11 57 44 31 
23 6 55 85 40 50 36 56 54 77 
99 42 66 76 28 71 37 77 68 69 
5 68 43 1 96 75 38 36 33 43 
82 32 10 48 60 3 77 23 97 85 
59 42 14 31 85 23 42 43 27 92 
MACHINES
9 1 8 3 4 10 7 2 5 6 
7 1 6 2 8 5 4 9 3 10 
7 4 2 9 10 6 5 3 1 8 
8 4 7 10 1 3 5 2 6 9 
3 4 6 8 2 7 10 9 1 5 
8 3 9 10 5 2 4 1 7 6 
7 2 1 4 10 9 6 8 3 5 
10 5 1 8 9 7 2 6 4 3 
1 3 2 9 8 4 5 6 7 10 
3 10 4 5 1 2 9 7 6 8 
3 7 10 9 8 2 1 6 5 4 
9 10 4 6 3 1 2 8 5 7 
1 2 6 3 5 10 9 7 4 8 
10 3 9 8 4 6 5 2 7 1 
10 3 1 6 5 2 8 4 7 9 
6 10 9 7 8 3 2 1 4 5 
6 2 7 3 4 10 5 1 8 9 
9 10 2 7 4 1 5 3 8 6 
9 8 3 6 10 5 7 4 2 1 
5 10 4 9 6 7 2 1 3 8 
3 7 5 2 6 9 1 10 4 8 
10 6 5 8 7 2 3 9 1 4 
3 6 5 1 9 2 4 7 10 8 
8 9 4 2 6 5 7 10 3 1 
2 4 3 9 6 10 7 5 8 1 
2 9 10 6 1 8 4 7 5 3 
3 5 9 1 7 4 8 6 2 10 
2 8 9 1 3 4 5 6 10 7 
4 2 6 3 5 9 7 1 10 8 
9 10 4 2 3 7 5 6 8 1 
