5017887235,2363834634
30,10,10
25 29 24 73 65 8 15 53 86 58 
98 76 79 24 51 64 67 19 47 6 
63 17 1 97 92 11 88 91 45 19 
17 18 22 39 25 79 58 22 51 1 
72 20 97 46 69 52 68 47 47 35 
72 88 41 24 86 16 1 58 18 5 
42 24 91 70 75 35 82 36 92 22 
16 87 97 51 49 63 76 31 24 88 
96 74 83 91 91 82 33 84 58 45 
12 50 37 9 1 51 43 42 66 8 
43 51 6 75 76 55 2 39 63 75 
36 59 94 25 90 26 20 22 93 84 
15 79 63 42 5 51 43 41 42 15 
22 29 52 83 94 37 62 88 48 51 
22 59 1 70 28 62 53 13 90 91 
87 31 28 24 5 9 63 77 6 29 
3 83 87 52 50 46 27 47 5 22 
27 23 81 81 45 47 38 19 4 31 
69 4 83 7 20 36 48 98 16 17 
91 96 89 76 20 51 89 25 47 62 
57 53 19 21 95 10 58 77 42 98 
25 47 27 90 65 46 6 21 54 41 
72 32 84 75 22 11 76 23 49 3 
8 78 9 41 35 31 7 59 11 62 
16 49 36 74 75 20 23 76 46 94 
3 50 98 97 22 25 77 91 37 55 
88 35 92 52 12 17 67 86 54 29 
2 35 5 15 84 58 29 26 52 32 
20 83 56 32 18 42 53 46 1 32 
64 41 17 52 97 3 69 52 33 43 
MACHINES
9 2 10 6 3 4 7 8 5 1 
3 2 10 4 5 8 7 6 1 9 
1 8 10 3 2 4 5 9 6 7 
1 9 8 7 3 4 6 10 2 5 
7 10 5 9 8 1 6 3 4 2 
6 5 7 9 8 2 10 3 4 1 
2 4 10 1 7 3 8 5 6 9 
5 10 8 1 3 7 9 6 4 2 
9 10 8 1 6 3 5 7 2 4 
8 2 6 7 3 1 5 10 4 9 
4 5 8 2 9 6 10 3 7 1 
3 2 9 7 1 10 6 5 4 8 
9 7 5 2 8 6 3 10 4 1 
2 9 6 8 10 5 1 4 3 7 
6 1 8 7 9 2 10 4 3 5 
4 6 9 3 7 8 2 1 5 10 
3 10 7 2 1 9 6 8 5 4 
5 3 2 8 6 1 4 9 10 7 
1 8 4 7 9 6 2 10 3 5 
8 5 10 4 9 6 7 2 1 3 
1 2 6 5 7 8 4 9 3 10 
3 9 8 4 5 1 2 7 10 6 
10 3 8 9 1 5 2 4 6 7 
1 5 10 7 2 3 6 8 9 4 
6 9 2 7 4 1 3 8 10 5 
1 7 9 4 6 5 2 8 3 10 
3 8 5 10 2 9 6 4 1 7 
3 1 4 6 9 2 10 8 5 7 
1 2 4 10 9 7 3 5 6 8 
3 1 4 7 10 2 5 6 8 9 
