3780624978,2900203172
30,10,10
7 41 21 44 88 72 17 22 93 65 
60 86 62 61 54 92 59 7 51 28 
39 83 84 36 89 18 88 69 29 19 
13 39 72 22 53 78 32 69 10 69 
62 73 61 27 12 29 98 58 64 96 
12 23 77 25 57 80 45 63 40 86 
95 68 63 93 90 68 6 54 5 86 
55 19 10 86 55 74 88 43 71 58 
4 97 56 30 60 48 70 90 93 59 
13 20 77 35 7 9 87 81 24 72 
27 36 84 60 14 67 69 30 56 43 
44 75 82 87 77 17 68 20 41 60 
98 16 21 36 85 78 69 2 56 12 
89 38 63 38 52 59 60 18 8 74 
64 3 28 49 61 46 99 60 96 52 
12 83 46 22 89 53 2 98 68 99 
58 50 90 39 6 86 16 83 6 23 
10 24 95 3 98 24 50 54 19 63 
19 55 31 6 8 47 12 73 37 78 
10 2 59 9 50 27 36 69 20 31 
65 10 70 22 42 98 74 55 18 19 
20 61 65 33 86 29 18 58 19 14 
70 43 42 7 33 65 82 41 42 46 
35 76 24 50 37 80 20 87 68 47 
63 66 42 50 67 13 25 90 95 45 
10 42 24 22 53 7 34 19 93 66 
52 97 34 68 38 55 45 56 97 95 
25 83 84 73 32 9 30 95 30 11 
4 86 80 71 73 79 15 77 80 2 
23 65 80 49 62 82 79 64 77 93 
MACHINES
6 5 7 10 1 4 3 8 9 2 
3 4 5 8 9 1 2 7 6 10 
10 7 6 3 9 4 2 5 8 1 
8 2 6 4 9 10 3 7 1 5 
5 3 9 4 7 2 1 6 8 10 
8 7 3 4 2 10 1 9 5 6 
4 9 8 5 1 2 10 7 3 6 
3 10 1 7 8 9 4 2 5 6 
6 5 9 10 7 8 2 3 4 1 
2 10 6 5 1 3 7 4 9 8 
9 10 8 1 2 4 7 6 5 3 
2 9 3 10 7 8 6 5 4 1 
6 3 5 7 4 9 10 8 1 2 
6 4 5 1 9 2 10 3 8 7 
9 6 3 2 5 4 8 7 1 10 
2 5 1 7 4 9 10 8 6 3 
1 10 5 4 7 3 2 9 8 6 
9 7 8 4 6 1 5 2 3 10 
10 5 7 2 9 8 4 3 1 6 
5 1 3 6 2 9 7 4 8 10 
5 10 6 7 3 1 9 4 2 8 
8 10 9 2 4 6 3 5 7 1 
2 1 9 6 4 5 8 7 3 10 
7 2 3 10 8 5 1 4 6 9 
10 8 9 6 2 5 7 4 3 1 
5 3 10 9 1 8 2 6 4 7 
2 8 7 3 6 9 10 5 4 1 
1 5 9 4 2 7 6 8 10 3 
8 1 4 7 3 2 5 6 9 10 
4 8 3 10 5 9 2 7 1 6 
