6134929018,5597247566
30,10,10
13 52 51 55 85 73 60 14 16 76 
78 30 95 50 63 85 45 4 95 26 
37 65 66 43 33 80 95 9 59 6 
73 44 97 82 87 29 27 39 99 48 
14 98 29 69 74 42 49 5 69 6 
82 87 17 76 97 25 88 2 91 95 
16 60 84 39 1 68 26 3 23 73 
60 2 25 90 95 25 22 93 49 64 
94 44 33 89 90 49 75 65 51 9 
71 52 68 57 4 21 95 44 55 95 
45 92 27 78 57 55 42 25 50 2 
34 96 74 51 9 62 72 62 15 8 
37 77 15 62 30 47 16 11 34 2 
76 92 27 58 30 49 71 68 34 80 
19 38 65 66 29 96 53 54 28 18 
8 33 38 91 16 20 69 67 31 51 
42 9 82 15 92 51 7 34 69 54 
44 65 88 43 91 82 25 91 62 80 
25 44 84 46 90 26 30 96 70 28 
40 72 96 36 65 40 7 30 34 28 
92 53 96 9 27 68 61 95 93 68 
59 92 98 66 98 37 21 60 98 85 
36 12 33 57 78 54 66 12 29 83 
76 18 14 10 88 18 30 43 23 45 
67 36 45 55 6 35 98 45 48 79 
9 29 91 66 29 45 46 39 13 63 
4 11 32 49 35 18 84 26 39 4 
81 80 62 45 63 16 58 23 29 31 
31 91 20 25 91 13 83 86 55 51 
37 58 82 12 65 16 98 88 6 92 
MACHINES
3 5 2 7 8 10 4 6 1 9 
7 5 9 4 6 10 2 1 8 3 
4 9 1 10 8 6 3 5 7 2 
7 3 8 1 4 2 5 10 9 6 
9 6 10 3 5 8 4 1 7 2 
10 1 2 9 4 8 3 5 6 7 
4 3 7 2 1 10 8 6 9 5 
4 10 2 3 9 5 7 8 1 6 
10 7 1 3 2 8 9 6 5 4 
6 5 10 4 7 3 2 1 8 9 
2 1 4 7 5 3 10 6 9 8 
10 2 7 9 3 6 5 8 4 1 
7 8 10 3 1 4 6 5 9 2 
9 10 6 4 7 1 3 8 5 2 
5 1 10 8 4 7 6 9 3 2 
5 3 4 10 7 2 1 8 6 9 
9 8 10 5 2 1 4 7 6 3 
6 9 3 1 2 7 10 8 4 5 
9 3 10 1 5 2 8 6 4 7 
5 4 3 8 2 6 7 1 10 9 
7 2 8 9 3 10 4 5 6 1 
9 6 5 4 1 2 8 7 10 3 
10 6 9 3 5 8 1 2 4 7 
6 3 8 5 7 2 1 4 9 10 
3 5 7 2 4 8 1 6 10 9 
4 1 9 5 6 8 2 7 10 3 
5 2 4 3 6 7 1 9 10 8 
9 6 8 1 7 5 4 2 3 10 
8 3 1 2 9 7 6 5 10 4 
5 4 9 6 10 2 8 3 7 1 
