5043714915,3455686217
30,10,10
48 50 40 31 20 28 83 29 90 63 
37 84 37 84 36 25 11 98 69 90 
72 32 85 62 81 5 44 6 75 71 
97 37 81 81 15 19 39 69 72 96 
4 58 53 45 89 87 52 30 39 45 
31 75 22 99 24 51 80 5 24 94 
35 53 71 54 61 81 34 27 55 73 
23 29 24 12 88 82 91 21 88 49 
68 55 58 35 16 22 71 67 90 53 
28 69 59 39 82 11 9 22 69 66 
71 2 52 58 8 69 25 43 72 82 
46 4 56 32 80 14 60 49 56 19 
26 61 68 78 70 62 46 38 82 78 
78 77 29 90 94 48 4 9 50 84 
23 17 82 36 10 14 48 87 98 91 
15 16 37 58 86 66 85 40 26 11 
17 21 35 20 21 67 84 21 76 61 
2 23 58 58 53 42 37 85 7 22 
39 82 75 89 4 33 81 23 1 76 
35 19 60 10 29 91 61 43 42 95 
22 56 78 56 91 46 1 35 48 73 
40 33 6 89 88 53 60 23 56 75 
67 97 63 12 37 63 6 26 96 92 
96 3 11 37 61 73 92 8 66 13 
75 18 97 74 90 64 55 94 89 33 
11 98 1 22 8 77 68 27 15 42 
15 55 51 96 77 21 17 5 59 12 
12 4 73 38 59 29 48 55 22 54 
48 98 13 64 89 33 64 44 51 76 
85 63 15 53 68 99 22 70 72 59 
MACHINES
10 1 6 5 8 2 4 3 7 9 
2 10 3 7 5 9 6 4 8 1 
2 6 4 10 1 9 7 5 3 8 
2 10 8 9 1 5 4 6 3 7 
9 4 1 5 10 2 3 6 8 7 
5 6 7 8 4 2 3 1 9 10 
8 3 7 9 5 4 6 1 2 10 
1 6 9 8 3 4 10 5 2 7 
2 8 7 10 3 1 9 6 5 4 
5 4 10 7 8 1 9 2 3 6 
5 6 10 4 1 9 7 3 2 8 
3 1 2 4 7 9 8 6 5 10 
2 5 3 6 9 8 1 4 7 10 
2 9 4 8 3 1 7 5 6 10 
9 1 4 8 5 7 3 6 2 10 
5 3 4 9 10 1 8 2 7 6 
10 3 6 7 8 4 5 1 2 9 
9 10 4 2 6 1 3 8 7 5 
9 8 3 1 2 5 6 7 10 4 
4 9 5 6 8 3 7 1 2 10 
7 8 1 9 5 4 2 6 10 3 
1 8 5 2 9 3 10 6 7 4 
2 9 10 5 7 4 1 3 6 8 
6 2 9 1 8 10 4 3 7 5 
9 10 3 7 2 6 5 1 8 4 
7 3 5 1 9 8 10 6 2 4 
10 6 7 9 3 4 5 8 2 1 
5 9 2 8 4 6 10 3 1 7 
9 10 2 7 1 8 4 6 5 3 
9 6 10 5 4 3 2 7 8 1 
