2363095640,7854453883
30,10,10
85 84 93 62 63 28 50 44 53 93 
68 48 41 77 96 37 84 58 87 3 
18 34 48 90 82 18 31 59 74 26 
81 42 19 99 59 96 8 52 1 89 
26 79 96 37 32 56 23 36 38 70 
39 67 88 29 74 85 15 52 41 68 
86 68 59 52 87 48 20 51 27 17 
92 16 18 53 41 23 17 35 58 95 
40 17 88 72 42 18 18 96 54 85 
41 71 91 62 59 75 36 63 74 29 
25 93 53 59 88 71 21 43 5 62 
73 56 31 24 68 15 87 87 8 48 
5 49 38 63 69 42 3 17 45 80 
48 94 40 35 71 70 11 71 42 84 
47 76 89 62 96 99 51 7 77 86 
64 30 91 19 77 20 8 4 39 82 
87 59 99 55 59 29 97 18 99 34 
39 62 66 62 3 52 84 54 32 68 
63 65 81 23 97 68 38 4 72 97 
36 24 99 16 10 72 87 86 12 50 
30 92 88 50 17 96 87 7 69 31 
15 4 59 58 25 11 41 29 66 37 
25 95 80 38 64 46 40 60 94 27 
13 6 71 4 3 24 84 69 55 28 
21 16 81 23 40 11 90 7 84 56 
73 50 96 75 46 88 88 35 67 10 
28 25 47 26 76 2 74 29 52 85 
88 93 94 75 13 79 77 18 45 42 
32 53 80 23 50 78 96 65 27 81 
64 76 32 68 81 63 82 5 86 81 
MACHINES
5 7 6 4 10 8 3 9 1 2 
3 1 6 8 9 7 4 2 10 5 
1 4 9 10 3 2 8 6 5 7 
6 5 3 1 2 9 8 4 10 7 
5 1 2 4 7 6 8 3 9 10 
7 10 1 9 6 3 4 2 8 5 
3 9 5 1 4 8 2 6 10 7 
7 3 4 10 1 2 5 9 6 8 
10 6 8 3 7 2 1 5 9 4 
5 6 4 10 8 7 2 1 3 9 
1 5 9 8 4 6 10 7 3 2 
5 9 2 8 1 6 10 4 7 3 
9 1 10 5 8 6 3 7 2 4 
5 9 2 4 6 3 10 7 1 8 
5 3 1 8 9 4 2 7 10 6 
1 8 5 10 7 4 3 2 9 6 
5 7 3 9 2 6 1 10 8 4 
8 5 3 4 10 6 9 1 2 7 
5 10 8 1 9 6 2 3 7 4 
9 7 2 1 3 5 6 8 10 4 
9 2 7 6 1 4 3 5 8 10 
2 7 5 9 10 6 4 3 8 1 
1 9 4 10 7 6 3 8 5 2 
10 4 7 2 6 3 5 1 8 9 
10 1 4 6 5 2 7 3 9 8 
3 10 6 9 2 5 4 1 7 8 
9 3 10 2 5 7 6 8 1 4 
8 4 7 2 5 3 6 9 1 10 
4 3 10 2 8 9 7 6 5 1 
5 2 8 7 3 9 6 1 4 10 
