6506963280,3886490606
30,10,10
11 95 55 16 39 76 98 85 97 57 
55 64 58 79 38 39 44 39 85 20 
86 5 62 24 7 12 2 6 50 33 
15 15 39 64 69 42 9 93 8 78 
21 30 94 64 42 27 33 27 99 42 
76 87 84 37 14 25 73 11 93 8 
6 93 65 83 84 77 16 61 17 2 
26 65 91 86 15 67 98 21 32 66 
92 58 93 73 26 71 77 44 79 12 
40 97 5 7 58 22 66 8 61 22 
61 6 74 12 88 19 20 88 98 93 
92 30 45 73 97 91 54 85 51 5 
64 83 93 94 74 63 46 5 29 80 
4 57 77 22 64 44 20 44 92 17 
41 88 26 57 65 82 47 85 50 85 
52 5 76 80 56 12 3 61 96 42 
42 3 37 45 88 48 28 18 15 20 
17 63 91 68 28 51 26 71 43 56 
99 88 31 66 66 94 50 66 74 39 
85 84 24 22 34 80 79 47 72 81 
52 82 67 57 27 57 14 38 65 46 
5 30 83 45 36 31 82 52 67 12 
76 40 6 71 32 65 79 53 84 24 
15 49 14 84 75 90 78 89 78 31 
8 53 40 45 94 84 23 92 73 1 
2 2 79 21 91 1 42 87 2 70 
79 46 96 93 85 46 82 57 91 56 
25 43 51 82 80 83 14 21 85 40 
11 16 21 77 57 23 84 86 74 87 
65 13 6 20 31 49 25 46 36 17 
MACHINES
9 5 8 1 3 7 6 10 4 2 
1 2 3 9 5 8 4 10 7 6 
8 2 9 7 6 10 4 5 1 3 
1 4 6 9 5 2 10 7 8 3 
4 3 9 1 5 7 6 8 10 2 
10 7 9 5 4 1 8 3 2 6 
10 2 4 5 7 3 9 8 1 6 
9 6 3 8 7 4 10 5 1 2 
4 7 2 9 6 3 8 10 5 1 
1 9 8 4 2 6 3 5 7 10 
3 10 9 6 4 2 8 7 1 5 
3 1 4 6 2 10 9 5 8 7 
5 8 1 7 4 3 9 2 6 10 
3 10 5 2 4 7 1 8 9 6 
7 2 4 9 3 8 1 6 5 10 
8 6 3 5 2 4 9 1 7 10 
6 10 8 7 1 3 9 2 4 5 
1 10 6 2 9 7 8 5 4 3 
2 9 6 1 3 4 7 10 5 8 
1 10 6 7 3 2 8 9 5 4 
3 5 1 9 7 10 4 2 6 8 
4 9 1 2 10 5 7 8 3 6 
8 6 5 3 1 10 7 4 9 2 
3 8 7 10 1 4 2 9 5 6 
6 7 9 10 8 3 5 2 4 1 
6 5 1 7 9 10 8 2 3 4 
8 4 6 3 5 9 7 2 10 1 
4 1 8 3 10 2 7 5 6 9 
4 1 6 2 3 9 7 10 8 5 
4 5 8 7 6 10 2 9 3 1 
