8542811857,5375573418
30,10,10
23 41 49 33 42 65 38 42 16 41 
50 56 84 36 23 80 55 17 25 21 
68 77 17 20 81 97 15 26 59 45 
23 39 22 19 25 86 74 38 92 92 
64 42 65 83 78 25 51 9 16 53 
98 89 17 16 77 46 52 50 63 25 
67 76 68 97 44 90 38 85 61 32 
96 64 24 3 80 71 67 51 23 95 
21 61 17 57 72 70 80 94 72 69 
72 60 64 93 26 64 24 40 68 47 
45 92 53 94 61 40 53 40 31 33 
84 12 68 24 80 93 29 83 98 91 
2 6 17 45 44 98 40 85 87 80 
45 27 3 16 56 72 12 86 93 92 
82 78 22 34 67 42 53 79 91 66 
98 85 82 94 69 9 83 38 26 37 
80 7 95 38 77 85 41 5 97 97 
50 56 99 60 66 87 78 80 19 52 
26 78 73 55 84 10 23 45 74 60 
24 17 54 20 63 44 7 8 84 68 
3 95 35 69 81 85 29 63 7 42 
82 1 9 37 51 54 94 31 31 50 
34 31 97 34 69 28 74 61 75 1 
83 67 63 30 63 1 79 33 66 67 
17 90 14 43 16 68 94 31 45 62 
55 72 63 44 38 61 99 47 72 40 
60 90 89 51 40 77 61 40 18 5 
59 54 17 88 87 35 45 30 14 78 
3 98 46 48 69 73 70 44 98 50 
20 71 94 43 56 1 11 24 79 82 
MACHINES
3 1 8 5 9 6 7 4 2 10 
8 2 7 9 4 3 6 5 1 10 
8 3 2 6 4 10 7 9 1 5 
4 9 1 7 3 10 6 8 5 2 
1 3 5 8 7 9 2 10 4 6 
8 6 5 10 3 4 7 1 9 2 
7 5 8 1 2 3 10 6 9 4 
3 10 9 7 5 4 2 6 1 8 
1 3 7 4 10 5 8 9 2 6 
5 8 10 6 2 1 9 7 3 4 
3 8 2 1 10 6 5 7 4 9 
10 8 7 5 1 4 3 9 2 6 
9 7 2 10 1 3 4 6 8 5 
7 10 6 8 4 1 2 3 5 9 
8 9 3 2 7 6 5 4 1 10 
3 1 4 5 7 10 2 8 9 6 
5 4 3 1 10 7 6 8 9 2 
2 1 9 5 3 7 10 4 6 8 
8 9 2 3 6 7 4 5 10 1 
1 5 2 3 8 6 9 7 4 10 
8 10 4 5 7 3 1 9 2 6 
10 5 8 6 9 2 3 1 4 7 
1 8 6 2 10 3 7 5 9 4 
10 3 5 7 1 6 8 4 9 2 
6 7 8 10 4 1 9 2 5 3 
10 3 1 2 7 9 4 5 8 6 
8 2 4 1 9 5 3 6 10 7 
1 10 5 4 7 3 2 6 8 9 
10 6 1 3 7 9 2 4 5 8 
5 2 6 8 1 3 7 10 9 4 
