4249735735,6695244712
30,15,15
46 49 78 42 2 41 93 77 6 89 36 42 41 19 33 
37 70 52 22 29 82 77 58 18 15 73 53 41 16 56 
56 70 97 41 37 79 26 17 89 27 47 5 86 43 39 
45 29 27 88 94 35 40 73 83 90 10 90 74 64 75 
66 12 43 27 13 98 61 65 76 83 66 20 17 17 33 
51 96 11 1 81 4 6 5 75 60 62 28 61 19 69 
70 82 23 74 62 77 94 88 84 33 16 10 47 75 68 
34 60 22 75 7 18 4 34 88 66 97 51 72 90 37 
33 35 44 33 90 61 13 5 94 88 33 14 62 73 86 
9 13 26 75 62 83 9 60 8 54 94 82 72 8 12 
20 92 72 71 95 3 47 20 58 2 69 13 7 56 11 
2 37 27 12 55 58 52 50 61 61 79 22 71 80 32 
60 41 69 99 63 73 34 92 16 23 17 64 22 30 78 
45 39 3 45 36 18 76 42 35 60 99 78 19 72 56 
19 63 9 99 29 49 97 88 78 76 35 94 17 98 75 
6 71 97 4 9 16 28 74 69 69 18 53 98 22 8 
36 20 9 44 7 87 64 63 29 19 4 71 47 91 13 
40 66 29 73 57 58 24 54 57 96 60 38 75 67 56 
15 36 7 84 45 9 63 52 41 31 91 64 24 12 38 
39 36 97 54 39 67 72 88 30 91 4 45 8 20 5 
96 33 85 76 94 39 1 48 22 71 45 13 90 71 49 
40 74 68 29 50 38 29 54 67 13 80 70 65 67 11 
78 39 12 74 98 29 90 56 41 7 99 43 59 83 27 
80 41 49 77 88 3 98 45 60 34 43 61 22 37 37 
83 66 40 26 77 10 82 57 27 12 65 1 95 84 44 
2 80 22 43 11 39 30 52 48 89 35 39 65 2 54 
38 33 48 78 64 65 52 4 9 16 72 73 62 86 61 
86 6 13 44 58 26 96 39 15 71 95 36 48 80 26 
66 19 68 34 74 36 6 64 51 81 95 83 54 28 53 
47 97 46 54 49 61 33 32 81 38 53 28 69 5 3 
MACHINES
1 12 6 9 7 2 3 5 8 10 11 14 15 13 4 
7 2 3 8 9 11 6 5 14 12 15 4 1 13 10 
10 7 15 4 13 8 9 11 2 12 6 3 14 5 1 
3 15 7 4 13 8 11 5 9 2 14 6 10 1 12 
5 14 10 12 6 3 7 13 11 4 8 15 9 2 1 
4 11 7 12 2 15 1 9 5 13 14 10 8 6 3 
2 1 4 7 6 3 9 14 15 5 13 10 12 11 8 
11 2 5 9 3 10 14 15 4 12 13 8 1 6 7 
4 15 7 13 10 8 2 5 9 14 1 12 3 11 6 
9 2 6 11 12 4 1 8 15 5 3 14 7 13 10 
12 8 5 9 10 6 11 15 2 1 4 7 13 14 3 
14 3 6 13 12 7 11 8 4 10 2 15 1 9 5 
1 4 5 8 3 6 13 2 12 7 11 15 10 9 14 
15 2 5 12 10 7 11 8 9 14 6 1 13 3 4 
5 15 8 12 2 11 9 3 13 14 4 6 10 7 1 
10 15 3 12 14 2 4 8 1 7 5 13 9 6 11 
7 5 11 12 4 13 8 15 6 10 2 9 14 3 1 
2 14 9 5 1 11 10 3 12 8 7 4 6 15 13 
12 10 9 2 15 4 13 14 8 1 5 7 11 6 3 
13 7 5 14 6 1 4 10 2 11 15 3 8 12 9 
3 6 10 13 14 15 5 11 1 12 9 2 4 8 7 
15 14 2 12 4 1 11 10 5 6 8 3 13 7 9 
9 7 3 13 14 1 2 8 12 6 4 15 5 10 11 
15 4 7 13 10 6 14 9 8 11 1 3 5 2 12 
8 1 6 10 3 13 14 4 2 11 7 9 15 5 12 
9 14 5 2 11 7 10 8 13 3 1 15 12 6 4 
12 3 6 9 7 1 14 2 13 8 11 15 5 10 4 
1 3 2 9 8 6 7 15 4 14 11 10 5 12 13 
12 13 1 5 9 6 7 10 15 4 3 2 8 11 14 
8 2 14 11 6 13 5 12 15 3 1 9 7 4 10 
