8001487193,5099059027
30,15,15
12 3 98 42 22 59 98 66 19 52 10 76 22 27 77 
43 35 89 8 60 70 46 45 49 40 93 39 64 77 25 
18 62 51 9 21 72 42 51 80 87 64 40 3 91 85 
58 11 22 78 47 28 83 44 63 81 34 64 10 11 10 
78 77 78 54 70 69 5 68 23 69 57 52 97 57 84 
27 79 26 78 76 57 13 42 23 84 89 59 96 97 18 
92 3 10 74 97 75 92 42 17 32 86 74 53 50 77 
52 59 64 96 78 12 46 63 4 54 28 9 27 53 4 
49 60 33 6 25 54 84 78 81 24 68 81 58 79 72 
26 86 31 42 40 90 98 39 36 58 7 79 13 17 56 
95 32 25 61 54 52 40 65 17 98 94 19 41 85 77 
40 97 83 1 83 62 57 84 77 24 81 2 11 67 14 
25 92 89 14 76 24 58 88 42 34 46 48 60 64 65 
49 90 79 80 99 43 12 64 12 88 15 71 22 45 54 
38 6 19 95 42 17 37 92 56 8 55 62 29 27 18 
34 64 65 40 61 92 49 80 93 54 92 2 13 85 18 
57 73 34 83 50 1 81 18 49 63 74 59 86 61 97 
68 99 97 93 70 60 25 13 17 63 87 99 17 13 21 
77 83 34 45 10 9 87 19 92 94 39 42 87 63 26 
18 61 26 7 11 6 62 88 17 95 35 11 97 80 7 
25 50 30 35 22 86 31 23 85 78 32 33 97 31 54 
47 15 14 49 34 43 35 1 17 80 72 19 3 36 85 
50 72 9 16 22 77 25 79 68 33 71 97 22 80 57 
76 7 57 11 9 76 46 22 5 45 13 16 66 45 28 
8 77 24 70 70 1 36 2 50 92 20 95 93 75 56 
24 91 57 15 39 52 14 73 21 40 66 46 31 60 11 
67 41 39 66 47 41 46 80 73 65 96 72 38 68 60 
99 17 37 20 20 92 35 73 14 92 59 69 62 51 16 
83 58 33 11 30 41 72 44 23 89 68 80 42 75 25 
59 18 69 21 46 87 77 9 69 94 14 4 82 46 50 
MACHINES
9 5 1 11 2 7 8 14 12 4 13 15 3 10 6 
2 5 7 1 10 14 11 6 12 13 4 8 3 9 15 
11 3 10 2 4 12 13 15 9 8 6 14 5 1 7 
8 9 14 2 7 12 10 15 1 3 5 13 11 6 4 
7 14 15 2 9 11 1 10 5 4 13 8 12 3 6 
3 7 6 5 14 2 9 12 8 10 4 13 1 15 11 
4 8 11 15 7 13 5 10 14 6 12 2 3 9 1 
11 4 7 6 10 1 14 9 12 2 13 3 5 8 15 
7 12 11 9 2 5 10 15 13 8 4 1 6 14 3 
6 5 9 1 15 12 2 11 10 3 7 8 4 13 14 
4 2 9 8 5 7 1 10 14 13 15 3 11 12 6 
6 1 11 9 2 10 8 12 13 3 5 14 4 15 7 
9 11 3 5 1 6 12 10 14 8 13 2 4 7 15 
1 3 6 7 5 10 14 9 4 11 15 8 2 12 13 
10 3 5 9 14 4 11 13 1 2 7 15 8 6 12 
9 7 6 15 4 3 11 14 12 2 1 8 10 13 5 
9 3 5 10 12 11 2 1 8 15 4 6 7 13 14 
8 14 9 7 11 1 5 15 12 4 6 13 3 10 2 
9 12 3 8 7 10 15 2 14 11 5 6 1 13 4 
10 4 7 12 14 11 8 2 6 3 5 13 1 15 9 
1 7 2 10 6 12 11 13 14 5 3 8 9 15 4 
14 5 13 12 8 1 10 4 9 11 6 15 2 3 7 
10 8 14 6 3 12 9 15 5 2 1 13 7 4 11 
6 8 4 11 2 15 14 13 1 10 5 9 3 7 12 
15 12 3 10 5 13 6 7 11 14 4 9 1 2 8 
15 4 13 2 1 5 7 8 3 12 6 14 10 11 9 
9 15 11 2 7 14 8 4 3 5 1 6 10 12 13 
5 9 13 10 7 8 4 11 14 2 1 3 6 12 15 
3 1 4 13 14 2 5 12 11 9 6 8 7 10 15 
13 8 7 14 4 15 5 9 3 12 2 10 6 11 1 
