8936013839,3710639158
30,15,15
83 44 53 34 24 79 10 40 39 38 90 50 23 10 45 
39 43 20 48 94 74 13 14 37 13 59 80 66 24 96 
95 21 43 18 44 47 86 69 80 53 46 73 6 20 64 
50 54 65 45 80 19 25 38 43 31 95 45 31 73 38 
83 35 26 17 78 44 19 66 45 35 62 69 12 48 89 
83 57 16 64 85 99 75 69 14 91 10 87 12 56 69 
36 42 41 31 16 89 46 62 32 58 49 27 33 17 33 
94 23 32 54 21 92 12 70 85 31 78 36 90 79 19 
19 45 76 70 9 41 29 64 79 51 74 47 86 94 34 
48 1 18 99 6 86 32 48 84 50 85 31 88 83 98 
15 88 3 5 14 78 41 15 38 25 35 58 89 78 16 
6 63 4 90 76 94 15 62 44 45 28 45 66 70 37 
4 19 33 31 28 91 61 2 84 72 99 57 96 62 74 
85 7 87 71 18 30 85 15 93 45 32 33 44 63 18 
84 36 42 19 36 49 88 31 7 26 82 97 35 75 20 
10 38 23 62 41 1 93 71 72 97 74 64 47 84 46 
36 61 65 49 30 90 89 76 54 73 93 60 94 3 87 
69 42 57 18 69 84 14 98 93 10 44 75 64 31 16 
85 27 95 62 53 31 49 30 20 37 15 29 63 1 88 
70 41 34 5 93 18 78 96 68 96 41 55 63 2 77 
49 97 26 38 81 93 15 40 4 53 49 43 79 29 78 
34 76 39 81 76 94 15 95 14 69 82 71 69 28 71 
95 36 20 75 69 88 67 37 88 60 86 28 58 99 18 
91 11 48 94 95 44 39 45 76 2 96 69 76 79 36 
96 1 97 7 12 22 9 91 4 91 1 48 86 64 38 
89 2 68 45 55 27 71 29 59 69 85 44 73 77 17 
44 77 7 98 19 72 65 38 3 73 26 86 7 23 90 
96 49 11 88 39 7 25 92 75 95 29 59 42 33 12 
33 86 38 5 5 85 56 23 92 25 45 62 91 69 19 
14 61 16 78 8 57 21 50 43 45 39 3 53 35 74 
MACHINES
9 4 15 5 10 8 11 13 7 12 14 2 1 6 3 
3 4 9 6 10 1 15 11 5 14 2 8 7 13 12 
3 11 9 8 4 7 13 2 1 6 10 12 5 14 15 
14 4 8 2 9 12 10 15 11 3 6 1 13 7 5 
10 9 3 7 6 4 13 1 14 2 12 15 11 5 8 
4 10 2 9 12 8 1 7 15 3 13 11 5 14 6 
13 14 4 9 2 12 10 5 15 6 1 11 8 7 3 
12 15 10 1 7 8 6 14 11 5 13 3 2 4 9 
9 1 11 7 3 6 14 12 13 15 10 4 5 8 2 
4 5 6 12 14 13 7 8 3 9 11 10 1 15 2 
12 8 15 3 5 9 7 2 6 4 11 14 13 10 1 
3 5 8 6 2 13 15 14 11 12 4 7 10 1 9 
4 13 2 11 12 1 5 10 8 6 14 3 7 15 9 
4 11 7 3 15 9 1 6 13 2 5 12 10 14 8 
12 8 11 3 2 7 6 13 4 14 5 1 15 9 10 
6 13 9 8 5 11 7 2 15 12 3 1 14 10 4 
4 7 12 5 15 9 6 2 10 1 8 14 3 11 13 
12 1 11 2 10 6 9 8 14 4 13 3 7 5 15 
13 5 15 7 3 14 1 9 10 4 6 8 2 11 12 
8 12 6 15 10 3 11 9 14 1 5 4 13 2 7 
14 4 7 11 3 10 9 8 15 13 12 1 5 6 2 
2 8 5 7 9 13 11 15 1 14 10 3 6 12 4 
10 5 15 12 4 2 3 6 9 7 11 8 1 13 14 
6 12 8 5 2 3 15 7 9 13 10 14 11 4 1 
10 11 15 7 12 4 2 5 1 13 9 14 3 8 6 
9 2 10 14 15 8 5 12 13 6 4 1 11 7 3 
11 15 5 8 4 7 6 2 14 10 13 9 3 12 1 
10 13 12 3 14 9 11 7 6 2 1 4 15 8 5 
15 5 10 14 7 1 4 13 3 6 11 2 9 8 12 
5 8 9 7 12 14 15 1 6 11 4 3 10 13 2 
