9685495632,2269722018
30,15,15
68 94 70 98 23 25 25 12 8 98 23 20 27 47 18 
75 41 74 56 23 43 61 38 44 29 41 44 72 72 3 
41 75 41 83 49 11 97 61 61 97 94 41 18 6 26 
92 1 21 10 31 3 73 44 34 82 93 36 19 25 74 
33 78 60 3 53 29 2 27 1 81 61 41 90 50 45 
6 70 58 90 14 27 30 95 52 2 87 32 99 2 91 
7 63 12 24 41 80 12 74 64 13 70 88 42 4 59 
85 95 9 96 73 2 68 20 71 49 55 69 60 19 3 
53 88 34 62 1 73 5 96 22 67 63 57 78 26 89 
60 73 99 29 17 21 58 3 62 27 75 83 51 22 72 
91 38 43 64 8 60 88 47 68 81 80 50 91 81 94 
69 1 61 54 7 38 17 38 77 44 74 89 9 59 71 
8 89 55 99 25 84 95 62 17 1 36 97 54 86 11 
28 36 95 71 14 47 84 83 96 54 37 16 57 87 33 
58 56 89 69 29 22 40 43 8 34 43 24 28 82 31 
31 29 34 21 20 94 56 95 92 1 29 39 11 79 72 
52 47 35 84 45 78 23 36 4 66 3 52 66 36 43 
57 17 27 86 58 65 9 70 25 72 69 81 91 83 21 
78 80 25 51 49 23 53 45 92 81 90 13 41 24 56 
35 34 18 52 12 24 46 60 57 82 51 87 86 13 23 
16 54 63 92 66 14 10 80 94 66 82 29 59 93 29 
54 58 16 86 72 92 96 66 24 58 27 77 43 72 26 
3 85 65 87 15 40 26 10 70 5 36 67 94 47 20 
9 15 28 59 26 22 57 76 81 51 5 89 31 59 23 
73 18 5 61 41 99 5 78 77 25 35 87 74 54 5 
39 96 78 55 24 70 31 13 8 39 67 67 80 57 20 
57 60 73 88 77 78 54 18 81 48 8 77 48 56 52 
38 78 24 13 76 82 96 20 48 96 32 54 82 43 87 
71 41 47 51 49 98 47 8 54 55 67 7 52 92 99 
84 7 5 44 54 19 8 36 27 71 8 9 71 93 13 
MACHINES
4 9 11 8 14 13 5 15 12 1 2 10 6 3 7 
13 14 2 11 10 6 1 7 12 15 3 4 8 5 9 
7 3 12 6 15 10 5 13 14 8 4 11 2 9 1 
13 4 8 14 7 6 3 2 15 5 12 11 10 1 9 
5 6 12 1 8 13 4 7 10 15 2 14 3 9 11 
13 10 9 5 8 1 6 2 12 4 11 14 3 7 15 
8 3 10 5 11 7 1 13 15 14 6 2 12 4 9 
6 15 11 2 3 5 14 7 9 4 10 1 12 8 13 
4 13 15 1 7 8 11 2 14 10 3 9 5 12 6 
2 5 4 14 7 3 10 9 8 6 1 15 11 13 12 
7 13 8 14 5 15 1 6 11 4 2 10 9 3 12 
14 3 5 15 11 10 7 6 4 13 9 8 1 12 2 
14 10 7 12 2 5 13 4 15 3 1 9 8 6 11 
2 4 12 11 6 10 8 5 7 13 9 1 15 14 3 
1 4 3 10 6 2 5 14 7 15 9 11 8 13 12 
2 12 11 4 3 14 6 8 5 13 9 10 15 1 7 
12 9 2 8 13 5 1 4 3 10 7 11 6 14 15 
6 11 9 12 13 4 7 5 15 3 1 10 2 8 14 
4 3 7 13 11 12 6 1 15 2 5 10 14 8 9 
14 7 9 4 2 13 15 1 3 8 5 11 12 10 6 
15 14 9 13 7 12 11 10 1 6 8 4 5 3 2 
15 10 6 4 3 2 8 11 7 12 5 13 9 1 14 
11 5 6 10 12 14 2 9 15 3 13 1 4 8 7 
3 13 8 4 7 1 10 5 6 11 2 9 14 12 15 
11 12 4 1 9 8 10 2 3 5 15 6 13 7 14 
6 3 10 13 7 9 1 14 12 8 2 15 11 5 4 
12 15 10 1 14 6 5 8 13 7 2 9 3 11 4 
5 6 8 14 15 12 10 3 1 9 4 7 11 13 2 
3 12 5 15 10 1 4 14 8 2 11 7 13 6 9 
8 2 5 10 15 14 3 1 11 7 4 13 6 9 12 
