6408700520,8885665616
30,15,15
50 31 69 1 80 27 71 59 42 98 62 67 4 78 29 
70 30 52 55 61 40 23 6 8 39 8 68 94 45 32 
2 81 62 43 42 12 4 60 81 66 59 21 22 53 87 
88 50 61 81 62 62 97 70 49 65 55 81 41 56 84 
98 31 16 65 6 85 72 28 94 82 87 33 64 52 32 
27 8 98 59 38 20 40 61 95 83 15 46 3 99 20 
13 1 15 61 43 44 89 48 78 69 5 41 87 21 84 
87 52 76 93 5 65 89 55 5 28 23 68 20 47 24 
79 22 8 65 11 89 51 92 8 57 34 52 71 22 94 
53 27 73 70 3 87 41 29 77 20 52 80 56 39 86 
27 98 83 91 25 52 99 47 51 63 96 89 62 42 56 
77 40 82 49 80 27 24 34 52 17 56 27 38 68 19 
63 2 32 17 77 92 48 50 7 24 87 9 47 80 77 
92 11 20 33 1 70 11 44 32 13 17 95 66 86 94 
76 18 9 69 80 34 44 13 90 21 14 9 48 7 29 
15 33 32 49 24 84 7 99 14 31 10 64 49 96 47 
26 68 34 25 55 70 19 65 17 24 52 56 73 31 25 
94 91 9 83 90 5 55 80 32 70 34 29 57 96 86 
53 20 66 41 79 46 7 18 18 8 15 39 64 26 30 
34 11 95 99 24 6 91 78 96 50 26 72 90 71 74 
51 35 72 45 18 84 89 25 44 59 52 47 71 79 93 
45 84 40 9 27 30 39 86 96 26 62 25 54 79 49 
78 14 97 56 45 1 30 5 2 32 76 90 69 39 40 
57 42 1 1 30 45 91 18 22 7 50 84 10 11 52 
32 8 17 93 35 49 51 41 74 43 16 48 83 36 75 
75 60 54 60 56 4 85 7 96 54 15 52 47 22 61 
45 76 90 56 95 93 12 7 84 95 1 50 83 41 82 
40 16 92 64 1 21 64 76 23 62 59 96 95 12 92 
27 95 51 61 44 30 77 71 32 25 68 1 4 80 57 
37 52 25 30 50 12 12 53 89 68 49 63 96 24 30 
MACHINES
13 5 6 15 9 8 10 3 11 2 1 4 12 7 14 
8 12 15 1 4 2 14 10 13 11 3 6 5 9 7 
11 5 15 12 10 4 3 13 9 2 14 6 8 1 7 
13 6 15 1 8 11 14 7 2 5 3 4 10 9 12 
5 14 2 15 8 4 3 12 1 13 7 6 11 9 10 
14 7 9 4 8 12 1 11 2 3 10 5 6 15 13 
11 5 10 9 13 7 1 2 8 15 14 3 6 12 4 
8 14 2 3 6 7 5 13 9 12 1 15 10 11 4 
13 7 5 15 14 4 9 10 6 2 3 8 11 1 12 
10 12 3 7 1 15 14 13 11 5 6 2 9 8 4 
5 7 6 9 3 1 4 8 15 11 12 10 2 13 14 
13 12 7 3 8 14 2 9 1 6 15 5 11 4 10 
15 14 11 13 8 10 3 4 1 6 7 12 2 9 5 
6 2 9 12 15 7 5 14 10 11 4 1 8 13 3 
10 15 2 1 14 3 5 4 8 11 7 12 9 13 6 
8 1 3 7 6 9 14 13 10 12 11 15 4 2 5 
14 3 10 12 13 7 9 6 4 1 11 5 15 8 2 
11 6 9 5 15 4 13 8 10 7 3 2 14 12 1 
6 5 7 2 11 15 4 3 8 10 9 14 1 13 12 
4 7 13 14 6 11 9 10 3 15 1 2 12 5 8 
15 3 9 1 14 12 5 10 2 4 11 8 6 13 7 
6 5 12 4 11 14 15 10 2 1 13 9 3 7 8 
15 6 8 7 2 5 4 14 13 10 11 12 9 1 3 
8 14 2 10 3 5 12 4 9 13 15 11 6 7 1 
8 2 3 14 13 6 1 10 12 15 11 4 5 7 9 
8 6 9 5 14 13 2 1 15 10 12 7 4 3 11 
2 8 11 7 13 15 9 3 14 1 12 6 4 10 5 
13 14 9 15 1 8 4 10 6 12 5 11 7 2 3 
3 1 10 12 14 2 7 15 8 9 13 6 5 4 11 
8 10 5 14 4 15 3 2 7 1 9 13 11 12 6 
