9567567215,6874471531
30,15,15
16 84 11 60 24 86 85 51 4 37 78 52 10 59 12 
5 88 94 65 89 1 39 74 41 28 38 37 90 59 32 
28 80 17 22 7 4 36 42 2 8 11 36 71 31 7 
4 58 66 74 95 17 97 13 34 33 96 85 53 50 52 
69 65 74 47 35 89 4 78 45 98 51 43 84 44 57 
32 83 20 84 71 47 53 66 41 13 83 5 56 56 1 
96 20 55 67 68 73 62 94 85 90 53 61 19 86 20 
65 60 47 69 14 18 54 33 24 51 20 36 96 92 63 
92 61 38 5 2 31 64 43 26 92 19 23 14 27 93 
90 70 14 38 29 87 89 92 29 20 16 34 32 90 82 
77 76 19 13 47 23 62 66 62 49 65 65 30 51 60 
2 2 9 75 70 76 83 99 14 33 78 51 2 3 52 
22 97 77 11 21 91 60 14 73 22 23 70 10 22 71 
69 23 48 29 64 58 69 24 37 38 76 85 98 61 58 
1 9 24 42 90 69 9 45 73 57 3 63 99 45 88 
18 68 10 56 37 55 8 50 57 15 83 8 95 20 53 
51 3 5 15 64 76 36 89 30 60 60 8 29 52 93 
23 90 77 57 98 60 35 80 33 55 16 88 36 55 65 
67 65 11 68 81 24 64 30 69 13 7 97 43 49 70 
59 84 18 33 20 63 31 87 44 20 97 48 74 41 42 
40 44 77 98 37 20 84 93 77 6 20 41 42 25 61 
48 69 44 69 54 9 29 3 67 65 55 18 8 95 37 
83 11 5 15 33 93 52 43 29 84 55 72 76 15 90 
3 86 85 84 7 29 88 83 19 3 81 35 59 75 79 
50 55 54 68 45 10 26 34 7 78 58 10 46 18 44 
92 12 58 51 88 75 80 8 48 75 51 18 67 85 27 
28 68 17 74 38 7 49 29 16 27 8 12 53 61 1 
97 64 21 88 76 84 8 39 39 75 76 57 23 96 20 
69 10 10 65 25 36 32 69 82 67 36 62 57 10 30 
88 62 74 59 64 63 42 37 96 99 32 75 86 93 40 
MACHINES
5 7 4 8 14 11 13 12 1 6 2 10 3 9 15 
8 1 3 14 7 15 6 12 13 10 11 4 5 2 9 
14 13 11 6 10 2 7 3 4 12 1 9 5 8 15 
11 12 6 3 15 8 10 9 2 13 14 4 1 5 7 
3 15 12 8 14 4 13 11 1 10 7 6 9 5 2 
15 5 10 11 9 1 4 7 13 8 2 6 12 3 14 
10 8 3 14 1 6 9 2 11 7 5 12 13 15 4 
7 13 12 6 8 10 1 11 15 5 2 9 14 4 3 
13 5 12 8 1 4 3 10 7 11 6 9 2 15 14 
14 7 10 15 8 12 1 11 4 5 13 2 3 6 9 
12 5 15 10 8 4 13 9 14 7 1 11 2 3 6 
8 6 12 14 4 3 13 15 2 1 7 9 10 11 5 
12 11 1 9 13 8 3 2 5 15 7 4 10 14 6 
7 12 8 3 13 6 5 9 1 11 14 4 2 15 10 
10 9 2 13 11 4 6 14 12 15 8 7 1 5 3 
5 9 11 3 8 10 14 6 12 4 7 15 1 13 2 
7 15 11 3 13 2 8 6 12 10 1 9 5 14 4 
12 5 3 2 9 8 7 15 4 6 11 1 10 14 13 
13 15 4 9 11 3 7 6 5 1 8 14 10 2 12 
5 9 6 2 4 8 12 1 13 14 10 11 15 3 7 
5 14 3 11 7 13 9 12 10 6 4 8 1 15 2 
8 1 12 2 11 4 14 9 6 3 7 15 13 5 10 
1 10 8 7 3 4 11 15 2 9 5 6 12 13 14 
5 15 2 11 6 4 12 14 13 3 1 8 9 7 10 
10 13 8 3 11 2 1 6 9 15 14 5 12 7 4 
12 15 8 9 2 10 3 11 6 14 1 5 7 13 4 
12 3 8 7 5 9 13 4 10 15 1 2 14 6 11 
5 11 14 6 1 7 15 3 9 8 12 13 4 10 2 
5 15 9 14 11 8 7 1 12 4 6 10 3 2 13 
2 13 14 15 1 12 4 9 10 5 7 8 11 3 6 
