2528814355,5627100263
30,15,15
76 26 25 97 76 97 28 83 93 57 11 87 65 24 62 
23 65 65 20 32 67 35 92 19 13 93 96 73 35 41 
66 57 67 57 34 19 74 43 78 13 14 96 27 17 35 
6 35 88 70 52 18 50 29 37 54 25 90 15 88 47 
81 70 40 12 3 98 59 64 21 52 78 17 28 12 38 
73 66 92 3 60 97 1 1 40 45 39 10 24 73 15 
76 33 53 87 71 39 34 58 48 55 23 35 18 69 46 
40 46 95 66 96 63 74 33 65 65 4 17 13 26 60 
32 54 33 87 7 70 5 66 10 59 24 30 25 65 74 
50 34 72 68 75 71 59 82 35 41 21 20 69 49 99 
84 36 84 7 93 66 37 29 53 33 33 35 77 80 62 
27 11 18 45 27 92 13 33 65 99 16 5 94 87 20 
63 34 49 3 15 5 33 60 28 12 90 16 32 59 59 
71 30 98 28 48 37 84 47 99 74 63 43 17 65 54 
69 73 75 6 96 15 51 4 93 59 83 6 53 51 16 
53 49 82 68 77 72 15 13 23 45 11 25 64 28 30 
4 35 6 12 98 69 72 43 75 50 71 80 32 74 12 
97 97 8 84 87 23 50 10 58 75 45 11 17 81 34 
89 43 58 57 44 6 57 61 22 46 50 80 9 60 40 
82 75 82 19 55 74 70 76 8 58 1 50 29 24 33 
23 80 62 17 47 93 24 16 67 23 86 64 65 85 72 
41 14 84 6 87 64 20 82 59 23 40 2 13 3 55 
13 1 33 77 37 86 69 5 39 67 48 72 44 70 18 
17 94 57 53 88 54 37 21 84 24 35 81 35 56 44 
92 60 46 38 35 1 92 48 58 82 52 87 12 9 30 
15 69 14 53 2 60 55 92 59 46 65 98 88 76 55 
38 15 92 59 60 55 70 40 74 50 21 58 42 18 57 
44 46 92 24 79 84 73 50 91 13 54 19 14 45 24 
34 88 3 13 12 31 67 26 55 94 7 58 66 95 12 
65 22 57 55 94 45 56 5 26 8 49 33 34 13 5 
MACHINES
7 14 9 10 2 11 5 8 6 1 4 15 12 3 13 
12 13 2 10 3 8 1 9 4 7 15 11 6 14 5 
12 3 14 11 7 2 5 9 15 8 4 13 1 10 6 
4 5 12 3 8 9 2 6 7 15 14 1 13 11 10 
3 11 1 7 6 5 10 8 12 4 15 13 9 14 2 
4 2 15 13 6 8 10 14 12 9 7 1 3 11 5 
2 12 3 7 15 8 5 4 9 6 13 11 10 1 14 
12 15 10 7 1 2 3 11 8 13 14 4 6 9 5 
8 13 15 1 5 14 4 7 3 11 10 2 9 6 12 
5 12 10 2 14 6 8 1 9 15 7 3 4 11 13 
1 8 9 7 6 15 3 10 2 4 11 5 12 14 13 
12 8 1 3 2 11 10 4 13 9 7 14 6 5 15 
9 12 4 2 11 13 6 8 15 14 3 5 10 7 1 
4 7 8 6 9 5 11 10 13 12 1 2 14 3 15 
9 5 1 11 4 7 8 13 2 15 12 10 6 3 14 
2 11 12 15 9 8 5 6 3 14 13 1 7 10 4 
12 3 5 4 1 13 7 15 11 9 8 14 10 6 2 
6 13 4 5 15 10 7 8 12 14 11 9 2 1 3 
7 5 14 6 15 13 3 4 11 8 1 2 12 10 9 
10 3 9 14 6 13 1 15 5 4 12 8 7 2 11 
7 12 8 13 14 10 3 5 4 9 2 1 11 15 6 
3 6 10 13 1 2 8 7 15 4 12 14 5 11 9 
1 14 4 6 2 8 5 13 12 9 11 15 10 7 3 
14 4 6 13 3 7 1 10 9 8 12 5 2 11 15 
5 15 10 13 11 1 6 3 9 2 8 4 14 12 7 
5 8 4 13 15 9 12 14 2 10 6 7 3 11 1 
12 13 4 6 7 15 2 9 3 11 10 1 8 14 5 
8 1 4 15 14 6 3 7 9 13 12 10 11 2 5 
3 10 9 11 8 2 4 13 1 5 15 12 7 6 14 
10 12 15 5 11 8 13 1 14 7 2 4 3 9 6 
