8011966290,8346625405
30,15,15
77 24 39 12 73 27 86 37 48 14 84 87 54 4 26 
72 69 60 27 80 64 45 22 63 19 63 56 53 36 34 
47 68 54 94 5 61 91 65 40 51 57 60 30 28 86 
21 78 35 79 44 82 56 80 29 41 11 3 31 61 94 
21 67 14 73 81 36 39 48 66 76 84 81 55 78 44 
78 22 84 3 98 1 88 57 14 73 33 91 32 2 66 
65 54 78 85 18 77 39 83 52 46 68 36 54 5 96 
2 13 3 79 49 3 46 97 15 43 82 62 74 67 47 
53 11 54 58 64 78 35 10 22 79 66 85 48 39 65 
99 67 50 45 13 21 1 39 45 19 73 28 52 2 12 
19 52 55 3 67 66 16 22 4 48 28 24 44 13 80 
63 88 70 63 55 59 40 40 82 3 38 62 98 35 69 
91 35 44 83 72 51 27 68 6 64 86 38 3 54 71 
73 91 86 64 58 92 99 94 78 48 99 95 67 48 3 
54 8 31 10 13 21 43 99 91 82 75 31 8 5 3 
37 14 92 53 76 22 21 84 53 20 51 52 45 63 84 
4 60 24 68 69 29 19 57 19 10 70 24 78 80 80 
94 94 74 64 39 34 26 90 98 30 87 42 66 59 65 
3 16 57 7 15 22 62 97 90 3 65 11 83 33 60 
88 51 89 71 4 54 54 53 45 20 62 13 34 34 19 
26 28 60 93 49 94 71 38 12 23 67 39 99 88 38 
54 61 62 5 81 84 69 82 73 18 75 41 91 70 69 
14 31 93 61 62 4 59 73 21 16 90 17 16 32 55 
48 4 35 20 55 25 43 11 46 6 65 64 67 40 39 
66 32 94 57 88 37 68 86 96 54 88 13 53 95 75 
1 4 58 90 42 91 83 20 8 72 37 24 8 60 3 
23 75 26 54 3 58 97 26 78 51 42 10 69 64 79 
10 37 2 88 1 13 52 23 11 99 60 29 61 99 9 
10 90 55 23 93 60 67 93 62 46 36 18 72 28 3 
44 27 18 49 18 55 75 70 55 31 88 96 67 50 52 
MACHINES
10 8 15 14 11 13 9 2 12 4 3 6 7 1 5 
13 12 8 14 1 15 9 7 4 2 10 3 5 6 11 
15 5 1 13 3 2 4 14 9 11 8 7 12 10 6 
15 2 11 3 12 14 6 10 4 5 7 8 1 13 9 
15 5 9 1 13 7 8 3 12 2 14 11 6 10 4 
1 10 5 15 3 4 9 13 11 2 12 14 6 8 7 
1 10 9 14 13 11 2 15 12 7 4 8 6 5 3 
15 11 13 1 5 2 8 9 4 3 12 7 10 14 6 
15 10 12 3 1 6 8 11 4 13 14 9 7 2 5 
13 2 5 1 7 6 4 14 8 3 15 12 11 10 9 
2 5 9 3 8 12 1 11 4 6 14 7 15 13 10 
7 3 13 1 4 2 9 15 8 11 12 6 14 5 10 
15 1 14 10 11 13 2 7 9 3 5 8 12 4 6 
1 14 9 8 15 4 10 12 3 13 7 5 2 6 11 
4 6 3 2 15 14 10 11 9 5 8 7 12 1 13 
6 2 4 9 10 11 1 14 7 8 15 12 13 3 5 
12 15 3 7 9 8 2 10 14 11 1 4 5 6 13 
13 4 9 3 11 6 5 8 15 7 12 2 10 1 14 
2 6 10 13 1 7 9 8 3 5 15 14 4 12 11 
13 11 12 15 9 4 2 5 1 6 14 7 10 8 3 
15 2 3 1 8 14 11 5 13 12 6 10 9 4 7 
2 8 3 7 14 4 11 13 1 9 6 5 10 15 12 
15 8 9 13 11 12 2 4 10 5 6 14 3 7 1 
13 9 10 4 12 14 8 1 3 11 6 15 5 7 2 
13 4 8 11 9 6 12 3 15 1 2 5 7 14 10 
1 10 9 8 15 13 2 6 12 5 11 4 3 7 14 
12 4 11 5 2 3 9 13 8 1 10 14 6 15 7 
2 14 9 5 11 13 8 12 15 1 6 3 10 4 7 
10 14 15 1 9 2 6 12 5 3 11 7 13 4 8 
1 15 6 3 11 8 7 9 10 12 4 5 13 2 14 
