4172979922,6565835394
30,15,15
65 4 36 64 17 44 24 75 46 69 6 94 69 94 60 
61 63 49 34 91 59 45 90 95 93 99 74 47 10 94 
72 21 7 7 69 45 64 6 71 5 77 61 26 61 96 
90 19 13 8 57 89 51 44 12 95 84 18 89 29 43 
95 40 52 93 30 8 44 60 55 31 1 80 37 22 40 
6 88 93 69 70 77 30 64 75 42 26 98 63 69 53 
52 57 37 99 5 5 47 94 32 42 12 56 35 21 29 
14 71 40 31 82 78 42 76 90 2 99 38 29 42 36 
91 41 13 67 44 20 26 42 76 3 66 29 10 88 18 
63 93 91 31 22 6 44 10 46 54 89 92 72 75 45 
95 23 7 77 39 65 41 66 25 32 78 41 87 37 24 
46 2 36 9 45 20 82 91 62 11 23 38 50 34 20 
41 97 38 26 6 14 54 63 61 96 63 89 99 37 77 
92 47 39 29 96 10 25 52 70 39 47 13 88 63 92 
15 75 28 37 81 2 55 2 32 80 74 84 13 35 79 
27 24 55 31 80 48 94 32 80 10 84 72 53 3 66 
52 2 11 79 52 85 84 69 29 72 99 92 49 89 13 
20 53 11 80 35 80 35 38 25 93 64 94 6 16 52 
84 15 42 68 89 66 46 25 52 59 54 45 26 9 74 
67 89 50 39 52 66 33 42 93 65 28 47 10 57 61 
51 99 19 54 29 46 56 39 60 2 40 70 41 44 1 
5 18 53 32 90 13 44 37 56 40 92 99 17 99 16 
6 53 6 88 24 78 99 15 36 80 9 63 17 40 23 
30 8 31 82 58 16 20 22 57 46 77 60 42 86 74 
29 75 88 14 74 74 78 66 19 23 38 58 87 27 47 
1 95 26 91 64 86 66 50 60 48 2 29 11 83 43 
61 14 35 97 85 57 85 82 97 65 48 30 64 27 53 
47 95 24 86 80 85 17 16 95 25 35 90 87 2 57 
43 34 49 95 16 33 89 17 5 22 1 72 89 75 2 
38 2 82 17 54 65 38 76 96 14 2 47 22 3 34 
MACHINES
5 14 9 12 2 8 15 3 13 7 6 10 11 1 4 
8 7 9 1 6 2 12 3 10 14 11 4 13 15 5 
4 1 3 12 8 9 13 7 14 6 5 10 15 11 2 
3 11 8 14 10 9 2 13 6 7 12 5 4 1 15 
11 15 5 2 12 9 4 3 7 10 8 6 14 1 13 
6 1 8 3 9 2 5 14 7 10 15 13 11 12 4 
10 13 7 15 1 2 6 12 14 3 11 4 9 5 8 
15 3 7 8 4 11 2 14 12 10 13 1 9 5 6 
15 8 10 3 1 2 9 11 12 7 6 14 13 5 4 
1 12 11 15 10 5 7 8 6 3 2 4 14 13 9 
5 9 1 6 7 2 13 12 14 4 8 3 10 15 11 
7 1 9 12 6 14 13 8 15 4 3 2 10 5 11 
3 15 12 8 7 4 5 14 9 2 11 13 10 6 1 
12 14 13 3 5 6 9 4 10 11 2 1 8 15 7 
11 9 7 3 5 8 12 10 15 14 13 4 1 2 6 
15 8 7 14 1 13 9 12 5 4 10 3 6 2 11 
3 4 11 9 14 8 7 2 15 13 12 1 6 5 10 
11 4 2 12 15 13 14 5 7 9 3 8 6 10 1 
6 2 11 5 7 8 4 15 9 10 14 12 13 1 3 
2 11 9 8 12 15 6 5 4 3 10 7 14 13 1 
2 12 7 8 14 1 6 9 5 15 4 3 11 10 13 
2 10 6 7 5 15 9 14 11 8 3 13 4 12 1 
4 9 7 1 8 14 3 15 10 11 6 12 2 5 13 
14 7 12 3 2 13 5 15 10 1 9 4 11 6 8 
6 7 2 9 8 14 12 5 4 1 15 13 11 10 3 
6 12 3 10 7 5 11 8 14 2 1 13 4 15 9 
10 3 11 14 7 13 6 15 2 5 4 8 1 9 12 
13 7 12 3 8 9 2 10 1 14 6 5 15 11 4 
8 15 12 5 2 6 14 10 7 13 4 9 11 1 3 
3 7 5 8 11 12 14 10 4 2 1 6 13 15 9 
