4831617061,8390415585
30,15,15
49 65 45 95 96 45 8 52 37 29 85 31 61 97 87 
54 3 56 63 41 61 15 43 22 63 64 68 60 8 68 
49 4 37 55 26 45 67 98 90 66 84 50 33 90 53 
11 78 76 32 45 12 54 6 31 52 38 80 67 5 75 
95 5 16 65 49 31 27 28 77 5 65 62 46 6 17 
6 77 50 64 72 59 25 7 69 91 91 92 31 44 83 
35 66 67 66 36 57 50 21 35 45 49 15 99 31 43 
9 35 88 54 63 67 34 52 78 37 3 19 87 81 74 
75 52 61 16 26 52 91 42 62 26 42 8 80 73 97 
30 44 27 37 46 46 49 90 3 39 82 59 43 74 17 
56 72 23 74 36 29 40 79 92 53 48 65 1 86 10 
45 37 27 28 23 99 98 25 61 34 22 12 54 57 61 
13 18 51 53 77 99 38 65 84 81 6 23 90 4 4 
58 81 42 46 60 13 54 7 17 48 60 90 30 80 82 
1 69 41 38 67 86 68 59 58 62 86 29 1 47 86 
33 58 64 82 5 16 39 12 59 50 46 81 59 81 14 
7 15 11 75 87 51 31 38 1 55 72 80 77 94 83 
66 22 51 32 48 50 64 3 62 36 91 76 45 50 23 
29 97 27 9 34 61 79 30 37 4 21 71 21 90 99 
8 80 77 52 21 70 29 62 18 90 69 78 27 49 35 
32 49 3 56 27 13 70 14 22 76 84 38 53 24 87 
43 31 50 84 86 80 84 35 95 26 55 29 14 24 7 
8 56 54 67 92 90 45 71 27 57 83 67 40 71 14 
66 40 61 42 86 79 67 36 11 60 14 22 46 20 27 
90 42 50 72 93 20 1 94 81 85 14 62 92 16 51 
61 16 88 45 70 89 14 73 44 82 44 69 84 38 45 
20 1 18 30 79 4 27 76 43 18 33 35 64 41 61 
49 77 14 95 65 79 29 42 36 34 79 99 39 4 74 
81 97 27 64 85 71 23 67 57 33 92 9 20 99 65 
98 19 92 67 39 23 44 97 89 19 79 73 71 52 57 
MACHINES
1 7 4 9 14 3 6 2 15 5 13 12 10 11 8 
5 10 13 11 7 15 1 9 8 3 14 12 6 2 4 
9 7 14 6 3 15 2 8 1 13 12 11 4 5 10 
3 6 8 5 2 15 10 11 14 12 7 1 13 4 9 
4 14 15 10 1 2 6 3 8 5 7 12 11 13 9 
12 15 5 8 11 9 1 6 2 4 13 7 10 3 14 
3 5 1 12 8 7 11 4 6 13 2 15 10 9 14 
1 8 10 12 13 2 5 15 14 7 6 11 4 3 9 
15 9 5 6 7 3 8 11 4 2 10 1 12 13 14 
13 11 14 10 2 6 7 1 5 9 15 8 3 12 4 
2 6 12 9 1 7 11 13 10 4 15 3 14 5 8 
3 6 13 1 15 14 7 8 9 4 2 12 10 5 11 
13 8 4 14 12 7 1 15 3 5 2 9 11 10 6 
7 10 14 5 2 4 6 11 1 8 15 9 12 3 13 
6 13 3 11 9 8 15 2 1 10 14 7 4 12 5 
9 12 5 10 4 11 7 1 14 8 15 6 13 2 3 
15 12 10 5 1 7 2 9 8 3 13 6 11 4 14 
13 12 3 5 11 2 10 7 8 1 6 4 9 14 15 
3 10 15 2 4 9 8 5 14 11 7 13 6 1 12 
2 11 14 7 1 15 3 9 10 13 5 4 8 6 12 
13 4 9 1 3 11 15 5 6 7 12 10 14 2 8 
2 9 7 8 6 1 15 4 11 3 10 5 12 14 13 
8 11 9 15 2 7 3 12 10 5 13 6 14 4 1 
6 4 7 9 12 8 1 3 15 13 14 11 2 10 5 
15 5 2 8 10 11 12 13 9 3 4 14 6 1 7 
8 1 5 11 7 15 6 13 10 4 9 14 12 2 3 
11 6 9 10 14 13 1 15 8 5 12 2 7 4 3 
5 10 11 6 2 9 3 13 8 1 7 15 14 4 12 
8 10 3 4 6 9 14 2 12 13 15 7 11 5 1 
15 12 8 2 3 9 1 10 13 7 14 11 4 5 6 
