4645528896,3520325793
30,20,20
37 36 6 37 53 25 88 75 56 12 6 89 1 41 78 16 72 48 79 80 
10 25 33 14 84 81 98 51 79 43 48 48 5 85 7 39 18 79 13 73 
85 48 43 20 33 53 88 97 1 67 75 48 79 59 18 34 16 80 42 40 
67 53 33 59 40 29 44 12 81 68 53 86 33 11 79 3 16 68 90 82 
97 27 7 12 62 82 17 68 43 67 35 97 39 87 17 46 37 15 98 48 
87 32 44 75 22 28 23 10 84 37 90 71 37 44 6 66 52 20 83 9 
4 6 61 66 75 15 22 8 67 78 11 76 80 27 80 87 48 87 85 94 
57 61 42 52 65 89 38 8 1 25 77 55 24 25 42 13 8 13 12 6 
34 94 22 65 90 34 78 51 49 26 7 43 94 22 25 34 6 14 84 2 
90 98 86 10 74 61 31 51 36 55 45 43 29 70 73 39 23 72 6 38 
31 60 34 20 34 16 6 5 73 34 47 73 42 54 34 62 4 71 70 64 
41 27 72 42 68 15 73 17 21 28 56 11 4 8 94 22 86 27 94 25 
24 11 10 37 9 37 44 38 33 63 40 17 43 59 5 66 48 34 6 80 
85 20 7 40 56 76 25 63 17 36 36 7 21 16 93 65 80 89 71 35 
68 9 64 72 92 45 97 80 5 78 54 22 98 41 47 2 30 88 79 31 
10 34 93 35 39 86 75 31 77 21 36 24 66 60 8 80 95 41 53 97 
49 63 58 25 34 39 50 56 47 58 76 99 52 53 97 59 82 84 23 77 
41 25 19 54 94 7 43 44 15 13 82 35 8 74 9 81 21 21 70 18 
23 94 1 65 89 26 80 60 87 49 77 33 86 35 17 83 86 7 86 25 
33 29 94 57 76 37 74 49 32 32 62 71 4 58 26 43 67 30 74 94 
34 7 10 37 34 82 41 19 11 1 75 76 16 55 87 62 64 49 27 88 
31 42 57 45 31 13 88 84 58 23 86 46 65 23 82 69 11 1 80 79 
51 20 77 8 14 30 44 8 5 53 85 30 11 20 46 12 94 41 12 1 
68 45 60 86 82 8 61 57 32 78 86 54 57 41 15 63 17 73 48 97 
96 25 90 16 67 73 62 55 33 48 80 86 38 73 5 6 10 59 2 26 
41 57 55 1 56 15 3 64 40 73 85 46 21 38 67 19 68 55 21 22 
77 84 70 73 35 59 95 15 52 78 23 2 47 16 52 44 54 13 30 94 
86 4 50 50 53 26 62 83 73 30 37 94 48 73 47 35 77 21 8 51 
56 34 94 98 52 17 66 4 24 46 19 62 13 9 94 13 17 13 17 38 
98 86 76 74 10 3 48 19 39 46 71 53 31 33 2 50 98 39 91 40 
MACHINES
13 15 7 4 8 3 6 16 12 20 17 5 10 11 14 2 18 19 1 9 
1 6 11 2 16 12 13 8 20 3 17 19 9 7 18 5 14 10 15 4 
10 9 17 1 2 14 16 11 18 15 13 19 7 8 12 20 3 6 5 4 
7 6 18 20 11 2 3 4 1 8 13 19 12 16 10 9 17 5 15 14 
19 1 17 8 12 7 9 11 4 3 5 2 18 16 10 20 15 14 6 13 
9 7 4 13 11 10 8 1 15 5 2 16 6 12 18 3 19 20 17 14 
4 20 19 5 13 15 17 8 16 9 6 10 11 1 18 7 2 12 3 14 
14 16 8 20 6 4 10 1 5 7 2 13 15 19 12 18 11 9 17 3 
17 4 3 19 5 10 12 14 15 6 18 2 16 9 13 1 20 7 11 8 
3 19 9 1 5 11 8 10 20 6 2 13 7 15 17 18 16 14 4 12 
13 15 17 8 2 5 18 16 6 1 12 7 9 20 11 3 19 14 4 10 
18 1 20 13 15 9 17 8 2 19 7 4 3 10 14 12 16 11 5 6 
2 15 7 3 14 5 18 13 19 16 11 17 4 10 8 6 1 12 20 9 
2 6 20 10 4 13 19 5 9 11 17 7 8 15 16 18 3 14 12 1 
1 13 16 11 3 14 5 8 4 6 17 12 9 20 2 7 18 19 10 15 
11 9 17 3 6 1 14 13 15 5 20 18 19 16 7 12 8 2 4 10 
3 20 5 15 10 14 4 7 12 9 18 8 19 11 6 17 1 2 16 13 
9 10 20 7 16 8 19 14 12 13 11 15 2 4 6 1 3 18 17 5 
13 8 6 9 15 17 20 5 3 1 12 10 7 16 19 4 11 2 14 18 
7 3 9 5 12 2 17 6 10 20 1 8 14 13 19 18 11 4 16 15 
10 6 2 16 13 20 9 14 7 3 12 8 4 11 1 18 5 15 17 19 
12 19 15 17 8 20 6 16 11 18 14 7 9 4 5 10 3 13 1 2 
7 1 19 15 17 5 9 20 16 10 4 13 11 3 12 6 14 18 8 2 
3 11 2 4 17 6 12 7 14 5 18 20 1 8 13 15 9 19 16 10 
19 6 11 4 5 9 18 20 12 8 1 7 3 10 2 13 15 14 16 17 
10 5 6 4 19 20 9 17 2 7 3 14 1 8 12 13 16 18 11 15 
3 4 11 19 14 18 2 17 15 20 13 10 9 7 12 1 6 5 16 8 
3 9 20 2 4 13 18 15 12 16 19 1 17 8 7 10 6 5 14 11 
14 4 19 2 3 10 1 8 18 6 7 16 11 17 9 12 20 13 15 5 
8 13 1 14 6 10 2 7 17 16 3 20 4 19 5 15 9 12 18 11 
