9054532858,6161763194
30,20,20
24 60 49 81 46 31 66 11 30 90 90 77 17 19 11 15 48 46 82 94 
43 66 9 57 91 59 2 75 77 82 5 47 51 58 21 58 71 89 7 62 
78 84 26 98 13 28 5 33 84 78 71 21 91 36 38 6 88 35 40 35 
69 37 93 53 48 22 89 16 99 24 65 94 74 5 58 79 79 45 44 5 
7 17 68 60 75 39 79 51 72 30 96 37 86 92 30 89 93 54 62 24 
64 6 53 56 96 9 31 16 21 46 71 72 12 19 20 28 6 63 41 71 
41 45 76 33 49 70 12 72 91 90 43 52 83 33 6 67 51 69 67 23 
76 4 35 80 68 72 87 4 99 77 37 29 99 76 31 23 61 56 81 11 
25 60 83 48 27 5 4 47 38 49 67 8 48 87 2 11 76 81 51 23 
30 53 42 64 94 1 47 82 53 18 75 32 25 33 87 20 78 86 14 53 
77 83 70 26 70 77 48 58 77 86 71 25 12 72 87 40 44 55 76 19 
93 97 60 69 16 20 47 25 64 4 46 4 24 35 73 1 53 26 44 37 
90 52 63 13 76 41 39 70 5 51 86 49 95 33 89 30 60 8 31 38 
91 4 41 51 98 70 12 94 39 37 92 42 37 60 66 41 78 34 57 20 
6 79 25 14 32 63 87 47 94 85 72 54 13 39 80 38 27 89 75 87 
75 86 43 63 57 12 6 98 70 23 14 82 31 65 19 81 21 25 90 59 
35 76 78 22 30 50 82 67 19 92 55 76 28 38 18 1 51 39 90 91 
1 12 57 96 46 62 10 99 78 35 88 67 14 4 82 4 69 6 18 82 
57 53 90 13 99 66 60 3 30 21 87 87 11 95 29 2 35 35 92 60 
99 13 63 17 18 81 63 69 93 92 35 46 19 27 23 67 70 47 29 59 
97 25 61 37 32 64 69 99 4 49 20 8 94 58 8 79 25 65 7 14 
78 65 36 31 72 33 89 90 56 42 78 90 62 32 98 60 64 49 53 66 
64 67 63 80 12 13 80 75 35 47 16 21 83 1 14 10 75 96 27 33 
70 73 66 48 97 31 60 55 86 49 48 44 29 90 88 23 23 93 36 92 
3 21 65 52 33 60 97 28 59 17 48 8 5 91 97 97 15 12 67 61 
15 53 93 85 79 64 75 54 97 77 80 68 63 30 89 15 55 93 87 31 
39 5 27 48 15 25 18 70 33 51 63 96 86 78 47 87 80 77 43 86 
84 74 44 24 36 34 1 25 96 13 91 6 33 87 24 75 29 57 49 41 
41 39 99 91 75 15 27 57 47 44 91 49 92 74 30 8 70 38 48 78 
11 43 97 47 72 29 41 96 26 19 81 54 31 27 70 33 72 81 35 8 
MACHINES
3 17 11 18 4 8 1 6 20 14 5 19 10 12 15 7 9 2 13 16 
10 2 9 17 12 13 3 15 8 11 20 4 19 1 7 6 5 18 14 16 
18 5 20 14 16 13 11 6 1 10 9 2 17 12 3 8 7 15 19 4 
13 3 5 1 10 9 15 20 19 18 11 7 4 2 14 6 16 12 8 17 
12 13 2 19 10 18 16 14 15 1 11 4 20 8 5 17 7 6 3 9 
11 19 2 16 1 8 15 9 4 20 14 12 6 10 3 17 7 5 18 13 
20 9 10 3 8 18 17 19 12 13 2 15 7 11 1 14 4 6 5 16 
7 19 18 12 20 16 13 3 4 15 2 8 6 10 1 9 5 11 17 14 
3 11 16 18 7 1 10 4 19 15 8 12 13 2 17 9 14 20 6 5 
20 4 14 3 18 19 10 13 12 15 16 2 9 5 17 6 11 7 1 8 
6 5 10 15 8 12 16 19 9 3 1 17 2 13 14 4 7 18 20 11 
5 8 16 13 20 1 15 2 12 11 10 19 3 18 9 7 17 4 6 14 
13 15 17 4 6 16 20 14 1 5 18 19 12 8 10 9 2 11 3 7 
9 17 11 4 7 20 16 5 12 2 10 8 1 13 14 19 6 18 15 3 
7 9 3 15 18 20 2 6 12 1 16 13 4 5 8 10 14 19 11 17 
19 7 20 17 8 11 4 2 6 3 12 13 10 9 1 18 16 14 5 15 
5 6 4 14 9 19 3 16 12 2 7 11 10 13 8 17 15 18 1 20 
14 16 10 8 9 4 11 5 15 12 20 17 18 13 3 7 19 2 6 1 
15 9 11 5 18 3 16 1 8 13 2 19 14 20 6 17 10 4 12 7 
13 1 6 17 3 12 2 5 8 11 14 20 10 16 18 4 9 15 19 7 
5 6 3 14 2 18 15 20 13 12 7 19 10 17 8 1 11 4 9 16 
17 6 4 2 1 11 19 14 8 3 9 15 5 16 7 12 20 18 13 10 
20 9 2 6 17 16 12 14 15 10 4 7 1 5 11 19 13 3 8 18 
4 6 2 17 15 16 7 20 10 18 14 19 12 8 5 11 13 9 1 3 
3 1 10 16 11 9 17 4 8 13 20 15 2 12 14 5 6 18 19 7 
4 5 11 17 16 3 20 12 13 6 2 18 1 8 9 7 10 14 15 19 
16 1 9 18 7 2 3 12 17 10 19 5 15 4 14 8 6 20 11 13 
2 18 1 16 4 17 9 19 6 13 10 7 12 15 8 11 14 3 5 20 
11 15 4 6 8 18 20 17 10 7 13 1 9 14 2 5 19 16 3 12 
9 5 15 20 16 11 19 13 10 8 7 4 3 12 1 6 18 2 14 17 
