5777998824,2828848941
30,20,20
62 69 51 98 35 37 76 40 28 84 78 7 36 26 68 96 40 91 60 82 
73 7 42 78 13 46 83 99 9 53 30 40 19 34 70 98 80 15 56 79 
91 63 44 99 24 1 40 76 68 71 68 52 91 7 25 56 71 60 48 84 
23 51 60 75 73 20 41 59 81 32 85 62 32 2 65 7 88 29 14 44 
17 1 94 70 20 2 64 59 56 60 90 50 67 4 94 42 38 26 38 37 
28 36 94 42 38 25 9 7 14 86 9 9 81 86 11 14 97 46 27 63 
49 4 98 15 78 58 14 4 10 67 29 27 7 26 3 32 52 18 13 81 
57 92 24 70 57 38 27 65 11 52 58 15 22 87 91 77 37 8 80 94 
51 57 70 6 80 72 23 30 48 11 31 77 47 8 94 78 92 46 8 50 
62 79 38 68 93 55 34 57 95 20 5 63 9 18 51 24 54 33 3 46 
42 67 68 77 85 79 25 54 78 16 85 81 50 77 32 82 1 14 69 35 
69 83 2 40 26 51 57 96 90 74 37 30 9 39 36 46 36 26 18 65 
11 29 68 97 10 58 72 39 31 8 30 6 83 33 18 54 24 19 33 34 
49 34 18 41 58 32 77 89 11 81 33 61 4 84 8 45 99 22 88 87 
17 20 39 46 63 75 97 88 74 34 39 62 85 81 84 88 91 83 78 13 
26 84 7 56 68 33 1 14 12 91 14 11 98 80 64 30 75 38 93 97 
53 66 75 86 89 96 72 47 62 57 60 27 12 32 36 37 98 93 73 94 
99 70 37 90 66 5 29 76 33 64 47 44 67 87 55 64 68 2 46 33 
47 70 20 68 49 90 87 96 18 30 11 31 18 86 12 20 58 53 48 52 
28 10 87 84 5 79 83 63 38 50 76 60 25 61 78 89 69 54 49 46 
17 98 6 79 73 56 99 90 82 89 87 25 60 30 60 46 52 23 17 30 
62 18 77 85 53 17 93 79 33 37 43 84 6 82 52 81 88 18 49 60 
10 58 42 76 2 37 21 72 10 36 14 16 25 37 43 88 47 19 61 10 
78 28 42 99 91 8 59 39 71 19 87 38 83 25 86 99 75 14 51 92 
74 83 46 16 24 3 66 51 67 54 24 35 22 83 26 39 6 83 88 43 
65 56 61 43 46 62 98 21 45 47 56 95 68 20 50 7 67 32 25 63 
5 5 82 52 59 13 3 64 90 5 34 45 62 62 57 6 99 4 35 88 
66 22 27 2 70 42 18 63 39 63 92 32 22 2 57 38 48 16 16 84 
28 19 36 29 97 53 78 4 24 34 86 72 8 13 47 61 10 4 53 19 
34 10 15 75 45 24 42 30 66 10 34 69 9 30 9 90 64 74 71 71 
MACHINES
16 5 3 18 8 7 9 17 6 1 4 20 2 12 13 10 14 15 19 11 
10 9 17 2 4 5 16 1 3 11 8 20 18 7 13 15 14 6 19 12 
10 7 17 14 16 8 12 4 2 5 9 15 6 20 13 1 11 18 19 3 
13 11 16 18 20 19 17 6 7 8 10 3 14 1 2 9 15 5 12 4 
8 16 1 15 3 9 19 20 14 4 6 7 10 5 12 18 13 2 17 11 
20 19 16 14 17 5 1 7 3 9 10 8 12 2 18 13 15 4 11 6 
4 19 17 6 15 18 2 7 14 3 1 11 16 8 10 20 5 9 12 13 
17 14 18 19 2 6 15 1 5 7 4 12 13 20 16 9 10 8 3 11 
1 18 16 2 15 17 7 5 10 19 3 9 11 12 14 20 6 4 8 13 
3 2 13 10 7 1 16 9 14 5 12 17 4 20 8 15 19 18 11 6 
15 14 18 10 16 11 13 8 1 19 3 9 2 20 12 4 5 17 7 6 
9 3 10 5 16 4 15 14 19 6 7 13 20 11 18 1 17 12 2 8 
2 20 4 18 3 1 8 12 13 5 10 17 11 14 6 19 16 9 7 15 
6 19 11 8 16 14 20 7 15 1 17 18 12 2 3 13 9 4 5 10 
1 4 5 14 3 17 2 18 16 6 9 8 10 15 12 11 13 19 20 7 
14 1 3 13 8 4 17 15 16 18 5 20 10 19 7 9 11 2 12 6 
9 11 15 7 18 12 17 6 5 14 1 10 8 4 19 3 20 16 2 13 
6 2 11 9 5 16 3 14 13 10 19 4 1 18 7 20 17 8 12 15 
12 19 1 4 13 6 3 16 11 15 20 5 10 18 2 14 9 17 8 7 
9 12 15 7 2 14 8 18 13 1 17 20 16 11 4 3 6 5 10 19 
11 8 13 9 20 15 2 3 6 12 4 17 1 14 10 18 19 5 16 7 
1 17 8 11 16 12 10 2 7 13 18 19 5 6 14 3 4 9 15 20 
4 5 8 1 6 12 7 10 9 2 3 19 13 17 20 18 11 15 14 16 
3 4 14 19 16 17 11 12 9 8 2 7 18 6 5 1 20 15 13 10 
2 16 11 1 14 5 7 19 8 17 18 9 6 15 12 3 10 20 13 4 
14 8 17 2 9 4 1 6 3 20 19 11 7 18 10 12 5 16 13 15 
8 1 7 14 16 5 12 4 19 9 6 17 2 3 13 20 11 18 15 10 
3 12 8 15 20 1 18 4 19 2 14 16 6 9 7 10 11 5 13 17 
2 4 8 7 16 5 15 6 17 14 10 18 12 19 3 13 1 11 9 20 
2 16 6 7 13 5 9 8 10 11 17 15 20 4 12 1 18 3 14 19 
