2075415230,4083211693
30,20,20
72 62 88 66 45 90 2 88 33 7 10 96 72 95 34 21 81 95 44 82 
57 54 2 86 55 2 29 14 18 26 44 3 59 37 15 18 84 94 81 21 
31 63 51 40 64 18 65 28 9 51 65 98 89 81 39 70 17 55 1 42 
73 21 94 80 60 19 92 32 64 26 22 58 85 37 27 21 35 92 74 31 
7 54 38 93 80 19 50 30 16 86 37 56 20 70 8 31 77 79 16 53 
73 42 66 88 86 96 4 38 68 80 11 98 91 30 77 78 24 11 25 77 
58 74 69 4 88 51 69 35 11 60 26 7 11 2 54 22 32 22 71 4 
63 75 18 91 20 13 7 37 26 2 52 85 92 20 44 59 65 56 25 11 
52 21 2 23 41 32 97 98 44 56 67 89 59 14 6 38 89 51 8 41 
67 82 79 43 95 6 77 92 50 7 39 58 9 83 59 59 77 31 93 21 
67 7 42 67 76 53 15 10 41 71 33 37 23 37 76 30 92 2 32 55 
27 45 96 26 72 44 27 74 60 55 3 60 35 34 96 28 59 22 21 25 
53 20 64 99 49 6 45 11 51 90 42 84 5 6 99 47 66 10 21 65 
97 58 33 35 10 44 63 11 12 57 19 96 66 51 79 5 4 92 41 89 
21 59 2 70 29 40 58 49 43 25 3 25 69 72 49 95 91 12 89 64 
91 34 8 43 57 63 47 37 51 20 48 35 7 28 80 59 96 1 77 83 
21 22 92 19 34 87 70 86 65 83 31 46 12 77 15 20 69 29 95 68 
23 31 62 7 7 16 27 46 86 97 44 33 63 52 98 57 47 21 63 45 
20 32 24 57 89 63 96 29 50 55 53 54 41 79 70 25 26 70 38 48 
76 2 89 7 9 88 26 6 7 99 76 45 62 58 90 1 55 53 82 50 
85 75 98 59 95 61 86 81 7 4 92 64 48 68 90 46 48 86 22 59 
21 62 92 57 40 90 20 53 36 73 19 29 41 58 73 85 29 71 15 34 
32 55 94 2 78 19 4 47 29 46 54 56 75 55 81 66 3 8 37 80 
87 4 76 82 17 26 1 88 20 96 32 73 32 18 29 3 8 83 33 54 
54 78 92 88 8 36 89 2 49 63 37 83 32 1 32 98 96 1 19 10 
21 60 75 33 61 80 3 54 8 15 80 75 2 84 70 41 50 92 88 92 
53 59 24 27 25 95 96 7 2 21 71 46 83 47 69 98 66 51 28 77 
27 37 14 49 53 6 60 6 97 1 92 51 72 52 73 14 31 14 37 43 
90 48 46 16 5 81 90 7 57 78 30 84 34 50 58 43 45 72 75 58 
75 1 99 2 93 97 82 66 77 9 47 95 11 64 5 65 58 28 25 29 
MACHINES
20 17 12 4 14 6 1 5 13 16 8 11 7 19 18 15 10 9 2 3 
15 16 1 2 3 7 19 5 6 9 18 10 14 11 12 20 4 17 8 13 
12 6 18 13 15 4 17 7 2 19 3 20 1 5 11 10 14 16 8 9 
15 14 11 20 18 10 16 19 5 8 13 7 1 17 4 6 9 12 3 2 
13 17 18 8 15 12 16 5 3 11 1 7 9 19 20 6 2 10 4 14 
1 20 3 15 14 16 13 11 2 9 5 7 10 19 8 6 4 18 17 12 
10 18 12 9 4 14 11 5 7 3 8 2 6 20 15 19 13 17 1 16 
13 7 6 11 8 1 15 12 20 18 14 17 2 9 5 16 10 4 3 19 
17 4 2 6 14 10 15 8 16 3 13 19 9 5 1 18 11 20 7 12 
4 17 6 2 10 16 19 15 13 14 20 12 18 5 8 3 11 7 9 1 
5 9 11 17 13 2 14 20 15 16 18 7 10 8 4 19 1 12 6 3 
20 16 1 17 2 13 5 7 12 11 18 4 9 19 15 3 6 8 10 14 
12 16 14 10 15 3 11 1 6 19 13 4 2 18 17 7 5 9 8 20 
16 1 10 18 15 11 8 3 2 4 20 5 14 7 17 13 12 6 9 19 
6 10 15 12 17 1 3 14 20 19 2 5 7 8 9 16 4 13 11 18 
14 8 6 9 17 20 18 7 5 3 13 1 12 19 16 10 11 15 2 4 
10 13 6 1 12 3 18 19 9 17 2 15 16 20 7 11 4 8 14 5 
13 12 6 14 7 4 8 10 1 5 16 3 17 15 2 18 9 20 11 19 
2 5 14 12 16 18 7 8 6 4 11 19 1 9 17 13 20 3 10 15 
19 16 5 7 14 13 18 2 3 8 15 1 11 10 9 20 17 4 12 6 
13 8 16 12 14 6 1 3 4 2 20 9 17 11 19 10 15 7 5 18 
3 6 17 19 5 16 4 11 18 2 13 8 14 15 1 7 9 12 20 10 
16 7 17 18 15 2 1 12 8 20 14 13 3 9 10 4 6 11 19 5 
19 8 7 15 17 2 3 14 12 13 4 11 16 1 5 6 18 20 9 10 
4 20 10 14 7 5 12 1 17 8 18 13 15 16 3 9 11 19 2 6 
11 14 15 3 18 7 10 4 12 16 19 1 6 2 8 20 17 13 9 5 
7 9 20 8 11 5 14 1 13 18 3 16 2 19 4 12 6 17 15 10 
9 6 16 20 11 4 8 18 7 2 15 12 5 13 19 17 3 1 10 14 
4 2 3 14 5 16 1 15 9 20 6 18 7 8 17 11 12 13 10 19 
11 4 1 3 9 5 14 6 12 18 19 16 15 8 10 7 2 13 17 20 
