6235096566,3776057362
30,20,20
82 30 64 23 7 51 40 93 24 92 5 69 75 48 59 69 74 71 74 8 
38 53 31 79 39 85 79 74 3 32 75 6 90 42 33 4 75 17 66 22 
67 79 57 89 68 42 38 8 69 17 93 31 79 19 2 95 86 39 80 91 
37 99 26 20 74 98 85 69 50 40 49 10 85 32 96 56 15 42 99 2 
2 47 21 47 90 83 34 22 97 4 49 46 51 8 9 17 38 31 57 28 
57 13 83 28 15 98 76 56 28 33 2 40 2 12 72 92 73 90 26 41 
59 91 27 91 76 34 16 61 26 68 82 60 46 55 33 68 81 29 30 5 
30 83 4 95 93 80 5 2 53 43 92 86 1 27 43 82 27 27 90 32 
6 47 67 64 56 95 40 88 37 62 6 95 95 41 26 40 68 87 46 16 
83 93 35 29 85 62 75 33 98 8 14 23 3 49 13 22 2 23 24 7 
23 65 83 74 28 71 11 37 44 95 64 38 20 81 89 73 58 10 96 3 
21 16 50 83 11 43 67 68 77 59 9 48 3 56 44 57 81 98 22 84 
63 18 11 33 77 21 99 94 79 68 55 20 90 77 45 95 34 26 72 3 
98 99 89 55 45 25 13 74 10 6 27 42 36 53 3 30 29 4 73 64 
85 52 56 1 39 52 38 52 87 96 6 28 21 27 62 14 91 58 85 51 
79 51 20 23 60 89 59 80 21 91 54 27 22 96 82 10 77 91 15 80 
25 96 88 65 19 24 23 39 7 47 28 39 97 15 93 66 29 90 96 21 
54 15 3 56 47 82 56 26 52 61 33 19 43 46 99 11 55 96 13 1 
87 36 21 1 67 54 71 86 28 76 76 47 47 64 44 1 36 85 88 76 
47 42 50 52 77 88 38 79 54 27 35 54 98 96 57 95 30 18 98 97 
72 88 27 65 1 92 36 85 56 27 15 18 1 37 97 49 98 37 71 11 
18 17 56 92 24 41 90 19 25 22 43 42 93 38 86 32 5 93 18 8 
88 98 86 33 99 33 97 3 59 28 76 29 25 24 5 32 48 16 34 6 
11 19 66 81 34 4 18 33 69 9 15 71 44 59 66 42 5 46 42 33 
62 94 63 82 48 93 90 77 96 1 8 10 67 28 82 32 95 45 49 84 
66 75 96 52 9 37 72 54 97 6 56 6 74 61 52 41 5 58 52 13 
51 47 77 60 76 17 12 76 6 19 34 80 99 93 51 35 75 32 5 19 
58 75 52 88 1 77 4 55 74 85 1 57 86 97 17 18 79 2 8 77 
31 11 91 60 16 75 22 60 4 75 99 13 25 77 49 54 63 40 20 57 
81 64 99 70 35 7 61 44 67 3 33 7 56 61 21 13 58 83 62 61 
MACHINES
4 1 15 13 12 17 7 20 5 18 3 19 2 10 11 14 8 9 16 6 
14 10 8 6 9 15 1 11 13 4 12 19 17 16 20 7 5 3 18 2 
6 11 7 15 3 8 18 2 12 5 14 16 20 13 19 10 17 1 4 9 
9 11 13 18 3 1 7 2 12 16 14 20 10 17 5 8 6 15 19 4 
2 19 15 9 3 6 20 13 10 7 18 8 11 5 12 17 14 16 1 4 
20 11 6 10 8 1 3 13 2 15 18 12 19 4 5 9 17 14 16 7 
13 6 14 9 1 20 16 8 19 4 17 18 12 5 7 15 10 3 2 11 
20 19 3 11 7 16 1 9 15 5 18 4 10 2 17 8 12 14 6 13 
3 6 14 18 20 8 13 16 19 5 11 2 17 4 10 12 9 7 1 15 
9 3 16 4 13 18 12 15 6 1 8 10 17 7 19 5 20 14 2 11 
8 6 18 10 20 13 11 12 14 17 16 2 19 1 5 15 4 3 7 9 
10 14 3 7 2 17 6 8 1 15 5 20 19 12 13 4 9 18 11 16 
8 16 15 13 3 17 2 9 19 11 14 7 4 1 10 20 6 18 5 12 
16 12 20 4 6 11 2 18 9 15 5 3 1 17 7 8 14 10 13 19 
18 1 4 15 7 8 3 19 17 9 14 6 2 11 16 5 20 13 12 10 
18 6 16 14 15 9 17 19 2 7 3 8 13 11 5 20 1 10 4 12 
9 8 3 19 5 1 16 2 7 13 18 20 6 4 12 10 14 17 11 15 
2 17 16 6 7 18 12 4 14 19 10 9 13 11 3 15 20 1 8 5 
4 1 7 20 13 19 5 2 6 9 16 14 3 15 8 10 12 18 11 17 
15 5 7 10 8 11 16 12 3 17 9 13 18 19 2 14 1 6 20 4 
7 8 14 13 5 4 17 6 3 16 15 20 10 2 11 12 19 1 9 18 
14 9 16 11 19 5 10 8 18 15 20 12 13 2 1 7 6 4 3 17 
15 19 11 8 9 16 5 18 14 17 20 1 3 10 6 7 2 4 12 13 
19 11 20 2 10 15 4 3 17 5 9 7 13 18 6 8 12 1 16 14 
12 9 1 20 11 8 6 19 7 14 18 16 15 13 4 3 10 17 5 2 
2 7 14 11 8 4 19 6 13 12 17 1 18 3 16 5 15 9 20 10 
9 11 19 20 14 3 12 7 10 6 13 17 8 16 15 18 4 2 1 5 
15 13 11 17 9 2 5 20 1 8 3 14 18 7 4 16 6 19 12 10 
19 9 2 18 20 8 10 17 7 6 16 1 11 3 13 14 12 4 5 15 
7 16 5 19 2 14 13 3 8 18 17 6 4 10 9 1 20 12 11 15 
