4260076050,2581813613
30,20,20
23 6 89 21 12 95 56 40 85 71 28 22 52 59 13 96 17 95 56 75 
10 81 27 12 78 6 87 66 52 5 36 66 81 62 90 28 68 64 96 44 
78 41 30 20 42 7 64 8 59 97 81 25 69 60 25 69 42 42 87 33 
83 72 2 49 96 79 77 15 46 33 46 9 89 51 49 36 35 94 60 60 
87 32 16 56 22 29 27 62 60 35 62 49 74 64 20 24 7 42 70 26 
44 75 55 58 42 55 13 2 33 16 39 63 95 99 46 28 64 21 97 22 
82 88 58 96 47 63 16 68 92 11 14 90 31 85 15 49 65 31 8 43 
53 11 47 95 39 15 51 78 58 60 73 81 70 61 1 32 64 42 33 99 
46 82 10 95 56 16 90 5 98 78 41 92 56 58 82 96 12 35 16 23 
88 14 98 61 96 37 90 52 77 27 14 6 99 9 62 16 38 5 19 99 
57 87 36 24 12 66 96 6 45 2 57 91 95 20 71 92 39 51 62 11 
3 94 40 61 27 77 69 96 51 69 21 85 66 17 71 84 46 75 6 72 
97 68 72 11 90 57 38 39 78 35 78 2 87 49 1 35 70 29 43 97 
84 60 54 21 3 24 97 21 41 70 36 47 62 74 25 93 92 78 26 16 
89 40 79 64 72 36 60 66 65 47 14 91 87 56 57 89 17 96 97 75 
84 96 67 81 8 34 3 91 63 10 72 87 98 73 26 36 98 16 1 12 
41 48 6 43 62 24 6 27 75 91 9 78 47 63 64 5 19 60 60 86 
75 4 9 81 81 52 24 1 99 69 28 39 11 98 62 85 51 61 22 38 
47 4 91 68 21 59 66 22 67 24 19 90 66 75 12 18 19 93 85 14 
34 54 78 2 27 42 25 81 33 34 23 58 16 9 90 69 73 29 52 40 
74 72 48 84 46 48 80 51 53 47 78 4 8 80 73 28 5 97 55 93 
12 91 81 58 56 21 80 21 14 69 23 12 58 98 2 48 31 58 43 53 
64 96 84 57 38 80 91 47 2 14 98 30 54 5 47 52 5 28 99 9 
80 16 8 34 28 30 23 6 25 21 60 20 63 62 35 72 63 47 33 35 
48 30 38 26 81 70 47 81 18 21 1 73 46 20 32 70 87 39 41 35 
29 5 56 50 16 24 98 75 64 27 92 66 14 50 22 71 40 2 70 10 
86 16 13 50 66 15 47 21 95 8 73 68 77 41 57 81 70 62 32 40 
66 21 34 82 96 60 48 80 77 99 67 77 33 14 62 4 14 54 14 91 
90 96 25 68 31 6 69 92 40 56 55 13 31 50 44 5 2 75 38 26 
85 59 19 79 3 88 89 66 54 85 41 45 4 80 28 57 45 26 86 18 
MACHINES
19 1 9 3 10 15 18 14 13 11 6 17 5 8 4 12 16 20 7 2 
20 15 7 8 13 12 14 1 4 19 18 5 17 3 6 11 16 2 9 10 
20 6 14 16 12 7 1 17 9 11 8 15 3 4 2 19 18 13 10 5 
5 12 1 17 10 20 7 13 2 3 16 4 15 18 9 8 6 19 14 11 
12 3 5 2 1 20 18 6 4 10 16 14 15 9 19 8 7 11 13 17 
18 19 4 13 17 3 20 6 11 15 5 16 1 10 7 8 12 14 2 9 
20 19 6 15 17 11 13 4 5 16 14 3 2 12 8 7 10 1 9 18 
11 1 9 15 19 14 17 2 3 7 10 20 16 5 6 8 13 12 18 4 
15 1 8 20 14 4 16 5 2 18 6 17 7 19 3 11 13 10 12 9 
16 10 3 6 12 7 19 17 4 14 5 11 8 9 20 2 13 1 15 18 
17 11 12 16 9 1 2 15 8 7 10 6 19 18 13 5 4 3 20 14 
2 8 10 15 16 19 18 17 5 11 9 12 20 3 6 4 1 13 14 7 
15 3 12 19 5 2 7 16 20 10 13 17 11 8 9 1 6 14 18 4 
20 14 2 6 8 12 13 3 1 15 17 4 16 19 7 11 10 9 5 18 
12 16 15 18 2 4 13 1 17 19 3 20 7 6 14 11 10 8 9 5 
4 8 19 13 6 11 9 10 18 12 3 15 1 16 7 20 14 17 2 5 
12 18 3 2 15 1 6 10 8 16 7 4 20 9 19 17 14 11 5 13 
5 12 14 17 6 16 4 10 3 20 1 8 13 11 18 9 7 19 15 2 
19 3 8 17 14 10 5 9 16 15 20 1 13 6 18 12 11 7 4 2 
1 20 13 2 8 10 16 14 6 4 18 11 5 17 15 9 12 7 19 3 
12 20 11 6 13 17 4 1 14 19 9 7 5 3 18 8 15 10 16 2 
11 20 16 18 8 15 13 10 4 9 6 19 1 12 3 14 5 2 17 7 
13 15 11 9 17 7 18 10 20 5 3 2 1 4 6 8 16 19 12 14 
10 6 11 3 2 13 15 7 4 14 8 16 1 9 5 19 17 12 18 20 
5 4 17 2 7 15 19 12 20 18 16 8 9 13 6 10 3 1 14 11 
2 1 14 19 20 18 6 10 4 9 16 15 12 3 11 17 8 13 7 5 
2 4 7 12 10 20 3 5 11 9 13 18 6 1 14 15 17 16 8 19 
4 1 19 11 20 13 12 17 16 5 3 10 18 14 6 7 2 15 8 9 
3 10 1 13 5 6 15 20 8 9 4 14 16 17 18 11 7 2 12 19 
11 17 13 8 3 14 7 20 9 19 5 15 18 16 1 2 6 4 10 12 
