7381609301,4469008389
30,20,20
11 68 66 19 38 55 52 68 30 10 50 16 74 97 50 67 71 76 70 21 
15 87 85 37 18 44 29 24 58 86 14 43 40 93 21 14 10 25 76 30 
16 70 46 45 17 66 97 41 24 91 45 50 80 51 39 49 8 5 59 88 
78 6 69 42 55 16 47 38 86 80 6 8 92 24 47 94 54 37 5 69 
40 25 11 48 54 80 63 54 66 6 99 90 13 18 18 8 53 15 96 75 
26 19 63 86 14 24 36 60 57 75 78 35 22 61 87 20 57 61 39 47 
82 91 83 20 9 20 98 17 6 64 10 71 39 12 50 23 51 45 86 68 
66 33 94 11 81 95 32 95 87 9 32 70 49 71 82 4 87 30 55 57 
1 70 40 81 64 10 78 94 70 1 67 30 49 60 69 62 65 41 5 29 
87 72 72 81 98 47 80 18 28 49 69 53 66 72 98 36 81 19 6 25 
55 7 71 75 23 79 50 60 10 57 50 57 12 36 78 57 50 60 2 86 
84 89 1 4 88 84 62 63 69 89 86 57 96 4 95 79 18 58 82 55 
10 43 18 86 66 95 50 82 86 54 84 12 70 10 93 93 52 87 39 77 
40 40 27 8 28 76 14 83 95 9 29 12 94 49 9 84 28 19 27 27 
37 50 71 89 36 92 83 90 26 4 3 23 37 47 35 55 98 21 44 48 
38 94 66 55 72 44 45 35 30 80 46 18 16 33 22 2 71 92 98 1 
19 32 4 16 99 31 48 98 79 52 95 44 11 95 87 98 95 47 87 90 
36 27 98 44 65 83 21 90 19 64 38 83 85 24 11 19 39 41 95 91 
60 37 16 38 1 6 34 3 80 34 75 10 51 36 52 58 47 87 92 71 
72 43 79 86 19 49 67 12 49 10 46 38 59 70 71 42 53 61 54 60 
55 33 25 80 62 11 57 9 73 67 91 5 86 1 77 26 27 44 22 26 
94 59 99 55 79 87 97 60 76 1 49 87 14 2 59 52 3 86 85 56 
8 9 76 70 62 85 76 85 85 93 13 44 66 3 96 4 40 62 54 30 
6 8 73 68 21 82 58 7 41 20 96 51 24 61 46 45 53 32 10 18 
96 99 67 33 99 99 24 47 20 65 30 61 13 83 30 23 30 63 50 59 
11 28 21 26 56 13 61 78 56 59 52 31 99 75 47 89 23 93 25 64 
98 87 43 39 96 26 66 55 34 80 26 50 18 17 5 67 70 17 8 84 
82 42 13 46 58 30 96 30 3 48 6 75 99 48 21 77 39 41 56 78 
47 97 21 78 59 44 93 13 28 43 93 54 60 62 28 84 39 43 53 55 
66 7 70 6 60 1 19 58 17 35 41 44 79 7 68 62 20 28 52 93 
MACHINES
5 9 6 16 20 11 15 10 14 12 8 13 18 3 17 1 4 7 2 19 
2 6 20 12 7 14 3 10 17 9 13 5 11 19 18 15 4 1 8 16 
14 9 17 12 7 15 20 5 10 2 16 8 1 11 19 3 6 4 18 13 
12 9 18 17 3 11 19 4 16 15 20 5 14 10 8 13 2 1 6 7 
2 12 8 14 10 19 13 18 15 20 16 11 3 17 6 7 9 1 5 4 
11 9 17 20 14 15 6 3 12 1 16 19 10 7 2 18 13 4 5 8 
7 12 8 16 3 4 14 20 9 1 6 13 5 18 17 19 10 11 15 2 
9 12 11 6 10 15 20 14 8 7 13 3 2 19 4 5 18 16 1 17 
6 17 5 20 2 14 4 15 8 16 11 18 1 13 10 9 19 7 12 3 
11 5 15 18 1 12 6 9 17 8 10 20 4 2 3 19 13 7 16 14 
9 13 14 17 15 18 6 2 11 12 4 10 7 8 1 3 5 16 19 20 
20 15 6 17 2 5 19 4 1 10 3 16 9 13 7 11 14 8 18 12 
12 7 4 9 5 2 10 3 14 16 1 13 8 6 11 15 20 19 17 18 
7 3 4 10 8 9 2 6 16 14 5 1 12 18 17 13 15 11 20 19 
14 2 13 10 7 16 18 6 4 19 17 12 1 3 15 8 20 9 11 5 
9 1 5 8 7 4 15 11 10 3 16 18 13 17 12 6 20 19 14 2 
3 7 9 11 16 13 5 1 20 19 17 12 14 10 8 4 2 6 15 18 
3 20 12 19 4 5 15 8 6 18 16 17 7 14 9 10 2 13 1 11 
5 14 19 1 8 13 11 20 7 12 3 4 18 6 9 2 10 16 17 15 
16 15 3 13 19 17 9 12 6 11 8 14 1 4 2 10 20 5 7 18 
2 13 15 17 5 12 16 11 4 3 6 7 1 14 9 10 18 8 19 20 
12 3 14 4 11 9 5 1 13 19 15 20 16 6 17 2 18 10 8 7 
7 12 17 10 3 20 13 16 11 4 1 14 9 8 19 2 18 6 15 5 
5 11 7 3 18 20 14 4 6 16 13 10 15 19 8 1 2 9 17 12 
10 17 7 11 18 3 20 8 19 14 6 16 2 12 13 15 1 5 4 9 
10 7 3 8 11 20 5 9 19 14 4 13 2 15 1 6 12 17 16 18 
2 3 11 6 20 17 15 13 7 9 5 14 4 8 18 16 12 10 1 19 
5 1 16 6 4 14 3 8 10 7 15 13 12 2 11 18 20 19 9 17 
20 3 6 14 7 13 12 17 11 16 2 9 8 15 18 4 5 10 1 19 
1 19 13 10 16 14 15 7 20 8 9 6 12 17 2 4 5 11 18 3 
