6593358643,4460760925
30,20,20
56 51 96 73 77 54 74 37 65 9 92 33 96 73 59 40 33 25 92 26 
60 65 20 87 21 32 17 14 86 67 86 54 78 8 36 17 28 99 60 76 
84 59 82 32 18 46 38 22 60 55 37 96 72 24 41 35 47 14 51 77 
97 64 31 72 25 24 23 10 33 96 31 54 75 77 91 72 25 51 59 42 
2 82 81 17 58 13 46 20 79 71 62 63 51 79 18 61 22 44 46 61 
6 53 93 54 16 76 2 95 75 91 31 64 89 31 84 80 68 15 66 33 
30 5 73 42 84 65 77 44 56 75 54 17 39 75 62 47 34 31 33 86 
15 43 68 43 43 37 85 42 41 92 24 13 95 40 63 32 90 51 31 94 
3 55 79 99 35 37 72 59 60 2 97 24 79 88 49 14 16 75 48 85 
8 36 36 74 60 18 22 65 45 97 60 67 92 82 66 53 2 54 6 25 
28 1 73 20 28 82 5 22 50 56 77 36 12 64 40 18 43 71 84 95 
11 18 43 91 97 74 56 8 10 84 72 55 88 30 68 20 91 42 12 21 
61 68 64 71 70 96 86 41 55 9 26 59 79 95 27 62 90 42 42 92 
18 40 41 9 75 71 1 30 94 43 70 33 53 60 34 11 38 15 13 76 
62 33 52 6 74 48 64 15 3 56 31 1 52 24 41 93 58 97 25 7 
85 99 27 21 39 27 44 26 94 90 88 40 28 92 55 15 9 36 8 55 
50 26 11 2 42 50 87 70 7 87 63 56 57 19 90 96 59 48 97 4 
75 60 26 19 1 93 49 42 92 38 98 18 43 58 84 99 95 47 84 12 
22 9 26 17 5 4 57 10 7 87 56 21 69 84 66 31 54 98 72 77 
73 66 76 1 14 41 37 49 35 11 6 99 54 84 33 29 49 87 75 33 
4 74 63 90 3 31 41 34 20 52 56 68 45 92 95 42 71 6 90 11 
86 68 71 23 9 90 44 21 35 28 8 35 90 9 62 4 22 60 48 77 
32 58 91 82 33 66 15 99 16 82 42 6 5 36 7 93 33 40 73 45 
85 73 68 93 89 7 8 28 90 62 97 23 85 25 14 44 81 7 87 68 
18 23 67 19 23 90 54 87 21 16 70 88 42 85 50 60 98 41 36 79 
79 90 44 4 91 74 78 91 89 94 84 89 6 22 30 11 78 61 7 8 
97 87 82 92 61 68 63 19 81 62 21 59 80 73 10 6 60 87 69 72 
19 26 1 47 14 80 52 16 23 82 54 83 77 4 96 11 1 24 78 61 
5 23 60 30 36 46 1 21 51 91 98 38 10 6 18 95 35 40 12 30 
49 86 41 70 45 1 30 2 55 47 33 42 50 18 74 24 75 84 67 8 
MACHINES
2 8 17 11 12 15 19 13 6 10 1 5 7 4 3 20 9 14 16 18 
1 17 15 8 20 5 11 19 6 12 2 7 14 18 4 3 13 10 16 9 
11 17 10 18 19 14 4 2 13 9 16 5 1 8 6 20 7 12 15 3 
6 14 17 4 18 11 20 16 7 15 1 19 5 10 12 8 13 9 2 3 
10 16 9 11 4 13 15 2 18 19 6 17 8 20 12 5 7 14 3 1 
5 17 20 4 12 18 11 9 13 1 19 15 8 16 6 3 7 10 14 2 
13 9 18 2 4 14 5 11 19 3 16 7 15 8 17 12 20 6 1 10 
6 10 16 17 14 11 18 4 3 2 7 12 15 20 1 8 19 9 13 5 
5 12 15 19 11 16 14 3 6 13 4 9 18 1 2 17 8 10 7 20 
10 4 15 16 2 6 13 8 5 9 11 3 12 18 14 7 19 1 17 20 
7 15 19 16 11 5 2 6 13 20 3 14 8 17 1 4 18 10 12 9 
17 19 4 13 20 14 12 11 7 18 10 8 3 16 2 1 6 15 5 9 
18 5 16 9 3 17 11 8 20 13 15 19 6 4 10 2 7 1 14 12 
6 14 2 18 17 1 16 4 5 13 15 19 8 3 11 12 20 7 10 9 
12 16 11 17 13 6 8 5 3 20 19 9 2 10 4 7 18 15 14 1 
16 10 12 13 1 19 15 3 2 9 4 17 7 18 11 6 14 5 20 8 
17 8 3 7 15 13 9 10 5 12 18 16 2 1 11 20 14 6 4 19 
12 17 19 2 11 13 15 20 1 8 16 6 7 10 9 4 3 14 18 5 
15 20 14 5 11 6 1 17 2 3 16 10 7 8 19 18 4 12 13 9 
9 5 17 15 3 18 1 13 8 19 2 14 20 7 6 11 10 16 12 4 
13 18 12 4 10 5 8 9 20 17 11 2 19 6 3 14 16 7 1 15 
5 12 6 13 20 7 2 9 4 19 8 16 11 1 10 14 15 18 3 17 
11 10 3 17 2 4 9 19 12 20 13 7 16 5 1 18 6 8 14 15 
18 4 13 19 14 17 6 9 16 10 11 7 2 20 15 1 8 5 12 3 
1 16 17 19 3 2 10 11 12 20 9 6 13 5 14 7 18 4 15 8 
15 5 17 20 1 9 8 10 6 2 18 4 13 12 16 3 11 14 7 19 
8 15 20 6 4 13 3 5 14 1 11 7 10 9 12 16 19 2 18 17 
7 6 16 14 4 15 11 3 5 1 8 13 19 20 17 9 12 10 18 2 
1 8 7 2 3 15 11 12 4 9 5 16 10 13 19 14 17 20 18 6 
12 4 18 17 11 3 13 16 19 1 10 7 6 20 14 2 8 9 15 5 
