2210388108,4312867055
30,20,20
9 97 68 74 22 11 39 19 31 45 53 92 10 52 49 86 57 69 51 8 
17 41 15 88 11 19 56 14 7 6 30 74 86 45 81 20 17 91 34 89 
1 30 46 40 77 93 49 16 23 86 33 42 53 74 27 10 87 98 72 98 
14 24 75 40 99 60 8 14 56 82 33 64 1 81 74 27 28 34 29 31 
82 26 6 35 15 72 84 40 17 26 59 57 5 60 85 73 31 33 80 34 
74 7 80 28 85 49 74 31 42 99 27 61 34 3 97 81 47 27 61 81 
28 22 14 40 19 7 50 7 53 81 86 64 63 39 98 86 5 50 22 21 
9 65 96 55 23 12 2 37 42 68 56 32 31 13 86 50 36 33 49 69 
24 41 59 42 96 14 76 53 91 27 36 18 94 32 83 30 33 40 55 57 
65 93 77 10 64 63 95 51 36 32 5 24 42 15 58 65 98 50 74 13 
68 19 52 65 61 89 33 57 59 89 2 87 83 7 16 75 48 13 30 47 
24 9 21 74 4 69 69 24 28 65 83 65 69 22 48 29 96 74 72 29 
5 48 15 73 1 78 32 47 34 24 12 88 26 49 54 68 64 85 60 94 
50 28 98 68 28 40 86 67 90 3 50 15 1 54 30 28 54 78 77 91 
41 75 84 79 69 16 78 90 29 32 46 42 20 48 72 77 12 47 41 70 
93 44 48 93 37 81 96 87 22 8 67 91 70 2 56 46 96 35 65 36 
89 42 68 82 32 67 43 72 39 51 50 85 18 57 66 13 81 72 57 15 
76 27 24 57 71 73 25 15 76 65 59 33 96 95 4 67 22 13 55 12 
67 61 68 39 62 80 72 62 34 39 74 67 55 95 9 17 61 89 79 1 
31 56 40 98 91 22 79 14 91 30 81 28 30 74 13 85 84 53 12 88 
65 71 10 72 34 73 76 50 28 86 41 58 72 45 40 15 31 85 80 78 
35 9 68 63 71 52 37 96 20 24 14 55 62 63 74 35 26 8 1 46 
30 61 99 99 36 11 36 76 55 3 5 34 22 6 79 4 97 14 88 74 
8 25 90 77 84 3 43 79 85 19 31 85 28 17 39 4 34 6 41 55 
45 41 64 95 69 19 23 58 17 80 93 84 58 55 31 69 63 1 20 39 
30 9 67 96 53 25 83 62 60 63 9 10 57 48 80 62 42 75 14 77 
7 98 82 57 19 17 57 61 5 13 35 18 80 13 77 92 42 45 55 35 
44 47 5 23 21 6 61 5 33 99 28 49 9 15 93 37 74 6 98 7 
41 9 15 46 57 37 14 69 44 87 40 54 39 42 44 69 31 66 79 41 
33 23 8 27 57 60 7 77 76 39 60 81 28 47 28 96 14 3 27 61 
MACHINES
7 14 12 9 19 2 10 4 3 5 15 20 6 8 17 16 18 11 13 1 
4 7 2 3 1 17 19 5 12 14 9 8 13 18 16 15 6 20 10 11 
19 5 20 16 17 10 13 8 14 12 1 7 2 18 3 11 4 15 9 6 
4 16 15 7 9 1 17 19 12 8 20 18 3 5 2 6 11 14 10 13 
2 9 6 14 18 11 10 17 3 1 12 5 20 7 16 15 13 4 8 19 
20 18 10 5 9 17 6 15 11 12 7 19 13 8 1 14 16 3 2 4 
2 10 8 11 14 19 3 6 16 5 9 13 20 4 12 17 18 1 7 15 
1 6 4 2 7 14 10 8 17 3 13 19 20 11 18 16 9 12 15 5 
5 16 3 2 12 1 19 14 11 13 7 15 17 10 4 9 8 20 18 6 
19 8 7 20 18 14 15 11 17 4 5 9 12 16 10 13 1 3 6 2 
20 16 13 4 15 18 5 3 14 2 9 12 6 17 1 11 19 8 7 10 
18 16 1 11 13 19 17 4 3 8 2 14 5 10 6 15 7 9 12 20 
10 11 15 8 20 6 3 5 18 7 19 12 9 17 1 16 4 14 13 2 
19 2 12 8 13 6 20 3 18 4 9 15 11 10 5 7 16 14 1 17 
7 4 2 19 18 1 11 6 3 12 20 9 17 5 16 14 15 10 13 8 
17 18 5 2 12 7 3 1 6 11 13 10 4 9 8 16 20 14 15 19 
7 16 9 8 6 19 5 12 18 11 4 14 17 15 13 1 2 20 3 10 
20 2 11 10 8 7 17 12 4 15 9 5 3 14 19 18 13 16 6 1 
19 10 2 8 12 6 3 5 15 17 7 11 1 9 18 13 20 14 16 4 
20 3 12 16 8 17 1 15 19 10 13 14 7 18 2 9 4 6 5 11 
6 13 12 14 1 15 8 3 5 19 10 4 9 20 16 18 2 11 17 7 
19 2 14 11 7 20 16 12 17 5 10 8 6 9 1 13 3 15 4 18 
12 10 17 5 8 7 6 14 11 18 19 1 13 16 3 20 15 2 4 9 
18 4 10 19 14 6 15 9 1 2 8 5 17 20 16 3 11 12 7 13 
8 7 4 9 18 15 13 6 5 12 17 10 19 11 1 3 14 16 20 2 
13 12 3 16 14 9 2 19 4 10 15 18 1 5 11 17 8 7 6 20 
19 2 17 3 11 9 6 18 20 14 10 1 5 7 12 15 8 16 4 13 
8 12 10 17 19 7 18 15 1 2 5 13 20 3 9 4 14 11 16 6 
20 16 19 8 10 7 18 6 17 3 13 12 15 2 4 9 1 5 14 11 
4 14 20 18 19 3 9 8 17 6 16 12 5 2 10 15 13 7 1 11 
