8119202782,5806540458
30,20,20
13 61 60 8 73 7 38 1 46 9 67 96 40 50 83 21 1 69 34 46 
34 77 56 24 95 54 90 84 6 41 99 44 4 17 25 72 73 53 49 44 
93 92 50 11 45 7 33 55 32 25 58 57 4 40 48 76 98 25 93 22 
11 32 4 29 99 66 86 99 4 96 51 11 55 10 1 13 7 72 72 66 
76 45 42 89 9 6 51 69 43 44 23 43 9 10 23 50 17 81 33 38 
38 20 12 66 13 14 58 9 38 73 69 93 20 99 34 30 57 44 23 90 
7 33 31 83 93 85 34 26 25 94 62 7 65 12 41 60 65 61 84 97 
77 71 38 55 77 42 64 12 5 98 40 83 26 87 67 79 86 66 35 31 
77 99 30 50 70 75 8 87 4 38 59 54 46 45 97 72 71 34 20 5 
32 91 93 10 35 8 29 93 65 94 4 6 81 51 39 93 12 69 66 40 
76 83 44 24 3 54 25 97 86 29 1 27 59 12 60 25 13 31 26 26 
29 46 31 77 49 38 15 86 41 74 70 57 40 98 24 97 15 30 97 73 
2 6 8 55 52 65 95 20 83 30 25 72 89 18 77 2 11 17 64 22 
89 99 80 19 63 51 53 53 13 97 44 9 3 38 6 47 10 42 29 57 
65 75 88 89 4 89 44 33 12 38 72 34 79 83 33 91 50 42 71 50 
17 33 18 13 97 81 8 16 10 78 90 1 55 13 74 55 51 87 20 43 
74 59 44 96 39 66 70 7 91 39 3 13 78 64 55 38 74 41 34 37 
65 75 29 55 38 96 15 18 79 67 21 66 10 40 91 18 47 15 88 47 
24 58 38 6 47 69 25 46 31 58 45 43 43 55 26 21 15 67 31 68 
32 29 57 81 80 50 35 26 18 8 98 90 39 72 89 81 80 4 15 67 
50 14 50 76 36 47 39 60 30 58 95 70 87 40 9 52 18 49 42 57 
74 76 81 51 78 18 19 8 20 33 62 16 53 91 56 72 81 61 79 2 
95 71 29 86 26 31 54 5 1 8 28 26 94 59 98 72 34 96 81 89 
87 67 4 34 33 18 94 39 13 82 20 45 78 41 25 37 42 53 41 17 
73 86 14 98 85 62 94 11 92 56 85 23 15 38 12 86 39 19 87 60 
82 73 24 46 31 19 6 78 23 47 86 80 76 86 50 69 3 45 76 77 
50 29 69 28 45 50 14 35 91 5 6 92 98 97 64 92 61 56 70 1 
2 72 73 41 76 33 15 9 48 38 49 99 89 24 94 41 55 41 88 56 
11 70 84 59 58 1 34 21 42 77 69 74 46 95 10 19 53 60 53 43 
69 12 96 68 84 62 11 1 11 34 29 42 53 13 70 96 85 58 8 49 
MACHINES
18 10 4 5 7 17 1 3 9 2 15 12 20 13 14 6 8 11 19 16 
6 17 1 11 12 19 3 7 14 4 15 9 10 8 13 20 18 16 2 5 
5 7 10 8 15 6 12 1 18 19 20 16 2 9 17 11 3 14 4 13 
1 13 12 11 16 20 2 14 6 5 9 4 18 15 7 10 3 17 19 8 
5 8 2 16 14 20 17 19 4 11 18 1 15 13 3 7 12 6 9 10 
5 3 14 18 2 13 20 1 9 6 11 12 17 19 4 15 8 16 10 7 
10 7 1 20 6 2 12 15 3 8 18 13 4 9 19 5 17 16 14 11 
6 14 16 13 17 7 19 18 12 20 4 5 11 1 9 8 2 3 15 10 
11 19 17 18 14 12 5 8 2 4 3 10 6 13 7 16 1 15 9 20 
3 11 13 19 14 2 1 7 8 17 20 9 5 18 15 16 6 12 10 4 
10 2 4 7 14 9 6 5 12 8 16 3 1 17 19 13 18 11 20 15 
1 11 13 2 3 14 18 9 15 19 8 17 5 10 20 6 4 12 16 7 
3 16 6 15 18 8 7 19 10 12 2 5 1 9 14 13 4 17 11 20 
11 4 3 10 13 5 2 12 6 7 18 19 17 16 14 15 8 9 1 20 
4 1 13 6 15 14 5 3 7 17 20 11 10 9 12 18 19 8 16 2 
15 13 3 5 20 11 9 16 7 14 19 6 12 4 18 1 8 10 17 2 
5 10 14 4 16 2 13 15 7 17 9 6 12 19 8 20 1 3 11 18 
1 16 8 5 10 11 20 14 9 12 17 6 19 2 7 15 13 4 3 18 
16 1 7 17 15 14 19 3 8 6 10 5 2 20 9 11 4 18 13 12 
17 7 11 19 1 20 14 2 3 15 6 5 8 4 9 13 10 12 16 18 
2 20 14 3 12 1 7 15 8 9 13 19 5 18 11 16 10 17 6 4 
7 16 20 2 10 12 9 1 15 3 19 13 11 4 17 18 5 8 6 14 
9 14 5 1 17 19 3 4 12 20 16 15 2 11 18 6 8 13 10 7 
13 10 2 14 12 1 16 7 11 5 19 4 6 18 20 8 9 3 15 17 
13 20 11 16 10 2 4 6 5 8 3 19 12 14 1 7 18 15 9 17 
12 7 8 20 2 5 4 3 15 19 14 18 13 1 17 10 16 11 6 9 
15 11 9 5 10 4 2 6 13 14 18 12 1 19 7 20 3 17 16 8 
2 4 6 5 17 9 12 16 3 20 19 8 1 18 7 11 13 14 15 10 
6 10 12 18 16 20 17 5 11 9 15 4 1 8 3 14 2 13 19 7 
3 19 10 16 7 4 17 9 8 2 14 15 18 20 11 13 1 5 12 6 
