6487370481,3683945547
30,25,25
91 89 98 13 85 45 41 72 38 81 63 91 52 63 36 48 84 81 25 26 54 50 74 52 31 
77 78 26 23 1 82 23 31 91 94 72 3 43 35 17 54 60 43 59 25 82 8 71 68 51 
75 35 15 18 71 51 68 58 35 77 10 45 41 94 6 96 24 6 25 23 21 62 33 16 4 
65 72 77 16 30 1 19 45 14 72 98 9 42 72 68 98 62 92 76 13 21 67 96 81 30 
18 5 1 80 6 80 88 26 38 81 43 18 19 2 39 91 26 72 93 59 54 25 58 49 83 
31 62 94 77 64 5 55 27 16 72 16 28 58 69 34 18 76 80 67 74 74 49 25 62 63 
72 6 71 7 53 70 34 11 51 9 86 36 89 42 10 43 59 84 37 20 32 5 60 39 29 
36 62 74 66 83 48 42 20 29 97 28 32 78 53 14 71 26 7 42 52 20 42 16 4 93 
82 72 18 79 7 14 64 57 59 90 21 4 62 48 29 39 95 20 42 6 85 39 52 87 29 
59 14 34 82 77 86 52 21 56 69 4 75 62 63 10 31 50 16 39 9 14 59 54 93 83 
11 92 7 73 50 31 87 71 39 79 82 43 2 97 73 74 92 45 91 89 6 98 99 2 6 
52 44 50 16 92 87 33 73 10 75 24 37 53 2 18 59 4 98 62 97 78 13 21 76 55 
71 49 68 85 72 75 33 66 72 66 28 34 80 95 45 44 23 58 37 67 36 38 94 18 18 
96 30 63 54 35 8 17 17 12 3 20 69 73 56 99 5 95 98 76 37 56 57 87 98 25 
49 3 19 10 46 98 65 59 27 63 50 34 4 80 15 26 80 59 43 72 25 62 76 93 47 
90 8 76 72 74 21 5 55 69 96 28 68 50 51 75 36 8 82 38 14 40 99 71 35 33 
8 30 84 17 98 48 65 60 74 40 95 91 50 7 46 75 83 75 84 46 36 28 56 67 97 
25 74 63 78 56 18 20 39 9 46 71 88 40 15 98 68 40 4 90 18 4 15 65 47 1 
68 90 85 95 53 17 53 81 78 46 17 8 91 36 33 15 69 19 11 73 92 75 62 27 86 
59 91 26 45 46 69 55 10 62 87 42 79 63 65 28 11 89 29 3 27 92 16 52 72 28 
97 63 84 46 58 83 74 96 83 21 82 47 49 77 8 12 21 2 9 30 79 42 89 17 23 
70 39 84 65 26 68 1 13 45 67 29 5 99 26 56 25 39 70 21 91 60 72 21 88 9 
12 99 18 56 97 19 97 4 47 11 48 44 64 63 87 76 76 53 57 26 96 41 46 28 9 
38 35 78 85 70 16 96 2 42 15 43 47 65 51 64 81 80 35 21 74 55 76 61 84 82 
26 12 24 59 37 79 27 79 39 44 21 22 56 90 35 34 5 95 83 3 31 75 7 58 23 
17 95 4 89 71 48 71 14 33 35 90 9 76 81 26 96 2 38 6 59 65 14 21 7 1 
74 76 95 38 47 9 23 18 71 67 50 70 81 74 6 87 6 78 23 77 99 89 46 76 64 
18 53 84 80 25 38 84 46 36 22 61 91 38 36 27 55 77 5 39 61 40 72 92 86 65 
89 81 2 47 11 94 53 84 42 21 1 8 48 49 79 56 99 87 12 49 5 13 81 6 1 
37 20 39 54 72 94 24 56 31 66 32 35 53 93 98 8 53 8 22 13 23 21 31 5 69 
MACHINES
14 24 1 2 9 4 16 22 10 6 5 19 3 17 15 7 8 25 23 12 18 20 21 11 13 
8 16 25 20 3 5 13 21 11 4 17 18 14 19 15 9 24 2 22 12 23 6 1 10 7 
21 5 7 1 17 22 3 16 20 4 6 8 19 25 23 9 24 14 13 15 11 2 12 10 18 
21 18 14 11 24 12 7 23 16 22 10 19 9 13 3 4 8 1 17 2 6 5 25 20 15 
11 24 17 13 18 8 9 15 7 20 2 21 3 25 23 16 22 19 14 6 12 10 5 4 1 
15 8 25 4 24 16 11 20 17 10 22 6 21 14 7 19 3 23 12 18 9 13 1 5 2 
23 16 22 15 4 6 1 2 17 18 3 10 12 20 8 24 11 21 13 5 7 19 9 14 25 
3 10 18 5 20 21 17 6 7 2 9 19 25 8 24 16 1 22 15 12 13 11 4 14 23 
18 17 20 12 24 21 8 1 16 10 13 5 15 11 2 3 23 6 25 19 22 9 14 7 4 
21 13 19 2 24 9 3 1 14 20 16 18 15 22 11 8 17 6 10 7 12 5 4 23 25 
1 8 21 7 14 9 25 12 13 6 22 4 11 23 3 18 20 16 24 2 10 5 17 19 15 
6 10 2 18 17 19 20 5 21 4 11 12 3 7 23 24 8 22 16 9 13 15 1 25 14 
22 25 8 4 17 3 15 21 11 9 10 20 24 12 14 16 19 1 23 5 13 18 2 6 7 
2 23 12 13 18 5 7 25 6 17 8 15 10 24 3 16 20 21 22 11 19 14 4 9 1 
20 18 9 23 3 12 24 2 19 25 15 21 13 4 7 5 14 16 6 22 10 1 8 17 11 
16 22 9 18 17 20 1 24 2 21 15 13 3 25 12 8 7 11 5 6 4 14 23 10 19 
12 11 1 8 2 15 17 4 22 10 16 6 21 19 18 24 25 23 5 3 9 13 20 7 14 
24 12 25 3 4 15 19 21 1 22 16 20 8 2 17 7 18 5 23 13 10 9 11 14 6 
16 7 5 2 22 8 21 14 25 6 20 18 11 9 23 19 1 12 24 3 17 13 4 10 15 
10 21 17 11 25 5 20 7 16 14 12 1 22 9 13 8 6 3 2 19 24 15 18 4 23 
20 12 9 17 4 18 6 13 10 3 11 7 21 2 25 8 15 24 19 22 23 1 16 14 5 
11 20 21 14 7 8 25 18 23 15 2 4 5 22 10 16 3 9 24 17 12 19 6 13 1 
22 12 13 15 5 24 1 17 23 19 11 2 6 8 21 10 3 4 7 18 20 14 16 25 9 
3 18 13 11 12 9 17 19 2 22 8 5 14 6 20 4 25 7 15 10 24 21 1 16 23 
4 3 8 19 9 17 5 13 2 6 16 18 14 21 10 20 25 24 22 1 23 11 7 12 15 
25 11 22 18 10 5 7 3 8 12 23 19 1 9 24 15 20 17 16 21 13 14 6 4 2 
20 25 17 21 7 23 22 8 15 10 9 4 11 6 16 13 1 3 24 12 2 5 18 14 19 
17 13 18 19 21 6 8 12 16 2 10 11 14 22 23 1 25 20 15 5 24 4 7 9 3 
2 7 14 21 24 18 9 4 12 19 5 8 6 25 23 1 16 3 15 22 20 11 10 17 13 
10 24 8 7 25 15 14 12 20 18 19 6 23 11 4 13 5 21 17 1 22 3 9 16 2 
