6429443516,5267771541
30,25,25
53 94 49 23 22 38 45 71 57 81 71 71 80 94 62 71 20 24 42 54 2 31 55 63 75 
70 31 72 10 23 4 7 87 52 46 19 66 21 58 48 9 32 2 77 52 63 32 3 86 85 
22 92 91 77 67 72 43 90 68 6 29 71 92 10 84 7 94 48 52 58 32 5 9 54 42 
2 43 7 41 14 43 81 19 87 22 60 27 91 38 21 12 24 5 42 54 56 70 95 23 22 
36 32 78 74 55 80 5 64 28 85 70 80 89 83 36 20 47 20 95 28 93 33 55 5 84 
54 10 79 37 74 19 1 42 43 33 62 80 20 80 68 4 99 59 86 54 59 97 70 6 31 
2 70 37 90 62 88 28 64 46 5 7 43 71 79 95 22 74 21 65 58 57 78 67 25 95 
83 1 30 62 68 41 56 86 45 96 26 41 18 22 46 66 15 60 77 15 4 20 57 66 43 
38 18 60 74 73 12 62 4 48 80 55 19 66 69 96 59 74 2 34 53 82 60 57 46 43 
95 28 31 45 54 85 44 16 15 69 50 57 75 94 13 57 88 55 28 85 6 30 10 54 32 
85 87 71 30 28 96 72 20 77 39 11 20 43 77 16 12 48 58 6 18 14 34 87 38 70 
23 69 15 83 72 37 49 73 93 79 22 25 26 28 76 86 48 92 62 9 89 69 88 93 23 
41 47 98 34 30 50 73 82 65 37 92 2 66 8 70 46 61 1 96 5 40 11 74 63 13 
77 45 63 79 2 85 46 6 74 52 69 57 43 32 79 80 3 61 56 52 65 19 14 31 94 
43 95 88 7 17 29 93 36 89 93 7 82 62 1 59 15 2 61 75 15 64 75 81 33 48 
74 61 10 96 98 17 85 57 37 79 78 8 83 48 68 79 47 41 16 22 55 60 33 88 50 
84 46 57 23 90 87 11 56 79 55 81 16 68 96 2 34 32 50 7 6 75 17 14 88 22 
10 53 26 75 70 14 11 91 82 2 43 47 50 15 27 65 42 21 47 61 9 42 84 93 86 
3 61 20 25 25 17 29 17 36 18 73 48 60 72 45 42 58 58 18 22 92 9 11 84 39 
68 33 96 93 97 59 17 94 17 70 19 70 9 48 4 51 73 82 15 35 18 74 70 73 52 
24 79 64 2 87 11 8 59 90 31 26 30 95 48 52 16 75 5 76 78 75 91 15 73 57 
59 58 89 44 92 42 5 51 23 65 54 51 94 47 7 74 35 24 28 17 95 7 48 38 93 
66 55 54 27 13 29 10 62 3 53 49 71 48 32 10 46 23 79 14 5 81 19 59 23 20 
78 28 42 77 69 13 22 28 59 15 38 14 44 57 69 42 65 48 63 90 19 50 81 50 73 
47 79 79 72 61 91 52 2 14 74 22 62 24 20 31 71 45 60 95 85 29 37 45 53 40 
4 26 23 98 4 62 79 2 19 50 48 68 89 3 77 38 65 7 71 43 7 18 36 18 78 
81 14 4 2 50 7 54 70 10 33 9 24 64 31 99 42 30 5 44 18 38 17 38 29 79 
78 49 17 6 75 57 97 56 66 66 55 30 56 72 72 91 90 63 15 55 19 96 17 82 28 
4 45 16 31 76 53 7 16 37 18 77 15 77 78 8 25 73 56 56 19 26 65 97 95 59 
86 37 93 34 97 78 32 16 94 47 64 55 57 31 30 36 55 40 76 10 52 5 39 86 13 
MACHINES
5 4 13 21 7 22 19 9 25 14 18 11 20 24 23 3 15 2 17 1 16 12 10 6 8 
12 15 6 16 24 7 10 14 5 11 9 2 17 20 22 18 3 4 1 8 25 21 13 19 23 
17 23 2 3 20 7 18 11 22 10 9 16 13 25 8 19 12 4 6 15 21 14 1 24 5 
20 21 10 11 7 17 12 9 14 18 8 23 5 2 4 6 13 15 24 22 1 16 19 25 3 
21 24 17 20 2 5 4 1 22 13 19 18 15 14 9 6 25 23 12 8 7 11 3 16 10 
23 7 2 4 11 15 17 25 12 9 22 10 19 14 6 21 20 24 1 18 8 16 5 13 3 
18 2 20 8 22 1 4 5 9 13 24 12 14 3 25 21 11 6 17 15 16 7 19 23 10 
25 9 3 23 18 24 15 1 10 22 2 7 11 12 17 13 8 21 5 14 19 16 20 4 6 
12 18 24 20 2 9 25 19 3 5 8 14 1 23 16 15 4 6 11 7 10 21 13 17 22 
14 17 8 2 12 3 21 11 4 9 18 24 22 10 13 6 23 7 1 25 16 15 19 5 20 
1 13 17 18 14 7 15 8 3 12 6 4 19 16 5 21 24 10 9 25 23 2 20 22 11 
14 4 6 17 15 18 7 22 10 21 5 20 23 11 24 2 9 8 25 12 13 16 1 3 19 
22 3 13 25 11 4 8 19 9 23 18 6 1 17 16 12 21 20 5 24 2 10 14 7 15 
2 14 17 3 18 10 16 25 22 19 5 20 15 12 8 7 13 6 21 23 1 4 9 24 11 
2 25 17 1 15 21 12 24 19 8 6 20 9 18 16 22 13 7 3 10 5 23 4 11 14 
14 13 5 4 12 1 18 25 23 24 17 19 6 7 21 11 8 9 16 22 3 10 20 15 2 
1 19 8 10 2 23 17 5 16 22 6 20 25 11 12 18 9 7 4 21 14 3 13 15 24 
1 22 6 19 3 11 18 20 7 2 15 10 23 4 17 8 13 16 9 5 24 14 25 12 21 
11 9 6 23 7 21 22 13 19 24 25 10 8 3 17 16 20 4 1 15 5 2 18 12 14 
11 10 16 15 23 8 12 2 14 1 25 21 13 5 7 4 24 6 22 17 18 20 3 19 9 
3 5 10 11 17 6 8 20 16 1 2 7 25 19 12 9 15 24 13 21 4 14 18 23 22 
19 9 12 1 21 3 2 7 14 5 10 6 17 8 18 15 13 23 16 22 11 25 4 24 20 
11 19 9 4 3 13 14 25 1 18 23 16 12 2 5 7 22 17 10 15 21 8 20 24 6 
7 6 15 18 23 2 5 19 11 20 24 3 12 13 21 17 4 14 9 22 16 8 1 25 10 
1 19 7 11 2 13 22 21 4 5 24 25 10 20 15 16 6 12 18 23 8 17 3 9 14 
20 17 22 2 16 4 21 14 13 6 8 15 3 24 11 10 9 18 19 25 12 7 23 5 1 
15 16 4 21 2 18 17 10 19 12 9 13 23 3 14 22 24 20 6 25 5 1 11 8 7 
13 1 4 16 20 12 17 25 24 2 10 8 19 5 22 15 7 6 9 23 3 21 11 18 14 
16 17 9 6 25 14 19 10 3 23 18 21 11 15 20 4 8 13 12 7 22 5 24 2 1 
3 10 13 14 7 9 1 18 21 8 20 5 23 24 12 4 11 6 22 25 15 19 16 17 2 
