4378514759,1108563282
30,25,25
3 13 87 53 25 22 15 56 11 39 67 15 32 31 60 80 92 57 17 20 4 1 23 29 26 
7 13 1 34 68 52 41 3 10 79 98 14 84 69 86 80 2 65 94 51 95 13 7 79 15 
60 33 57 13 57 57 86 13 18 72 12 5 68 32 85 14 41 73 50 86 32 37 91 63 39 
2 91 36 78 16 27 23 1 20 96 50 87 80 56 46 78 43 39 92 9 78 45 31 22 37 
59 73 18 74 30 27 23 44 96 78 55 98 95 74 17 42 16 54 48 49 23 29 48 67 15 
50 39 14 38 79 53 97 4 90 20 24 13 35 13 24 48 30 68 97 63 46 29 47 70 11 
79 56 98 53 27 32 68 14 93 99 1 26 70 10 20 33 96 48 59 34 1 1 73 15 98 
83 48 76 7 20 99 8 37 96 56 18 43 21 49 6 61 51 15 75 69 37 20 88 3 83 
28 18 6 92 43 66 65 87 73 15 4 31 42 57 18 36 63 20 85 84 28 15 86 74 23 
43 86 62 34 65 43 52 40 88 7 72 47 74 60 45 10 93 3 61 74 60 11 2 62 18 
25 6 14 67 64 54 9 38 54 14 14 6 73 78 80 7 72 2 69 74 87 55 46 96 39 
75 97 62 1 46 31 52 79 3 82 65 96 50 52 91 90 23 76 18 11 24 19 98 97 6 
68 34 25 21 19 78 95 23 91 37 25 35 44 54 46 63 9 35 46 36 77 59 25 91 13 
58 3 10 63 51 84 40 68 87 60 69 29 6 47 68 95 89 56 89 24 22 25 8 83 94 
72 98 34 81 82 58 15 36 66 59 72 61 33 10 48 75 20 37 48 78 77 84 12 15 54 
88 16 65 75 80 84 23 6 34 96 32 24 98 21 67 22 93 8 90 24 87 37 81 16 35 
80 20 68 10 73 61 55 71 59 32 34 34 92 67 71 61 23 14 71 8 14 21 99 99 26 
82 92 36 84 37 67 47 27 4 53 64 27 13 75 95 85 16 97 54 69 70 10 35 55 80 
50 38 15 17 80 95 29 94 31 6 6 85 94 53 49 35 2 45 82 64 11 8 54 33 81 
34 55 59 73 49 19 42 59 1 25 27 35 43 13 22 81 4 89 68 32 4 32 79 87 60 
93 8 99 31 26 32 99 57 62 58 12 72 41 88 63 85 49 70 5 51 89 49 24 56 32 
53 40 94 85 63 37 48 61 13 26 74 54 93 76 69 85 48 77 77 12 29 39 68 2 49 
25 34 56 63 12 96 15 41 52 57 71 49 22 91 65 33 12 95 60 78 52 86 19 9 33 
70 92 46 84 85 22 56 76 58 85 91 27 87 84 3 71 21 78 83 50 94 78 90 60 12 
38 59 27 14 19 38 34 98 72 83 75 43 86 34 51 27 16 23 61 32 57 26 48 66 42 
87 75 48 43 47 72 85 52 7 47 84 91 14 61 46 45 49 14 40 58 90 23 4 35 64 
68 46 80 43 97 1 51 13 5 17 63 97 2 96 47 90 4 35 68 80 95 21 14 86 95 
33 20 50 63 52 80 42 86 62 82 7 26 16 65 7 1 97 26 70 73 3 9 20 72 76 
32 79 47 55 99 82 17 62 27 70 66 25 39 68 55 96 74 96 91 65 93 34 87 55 76 
2 11 15 78 86 49 31 42 86 41 16 60 50 57 75 83 52 59 87 84 53 69 27 80 89 
MACHINES
22 20 7 1 3 25 15 11 2 10 16 14 5 8 13 19 23 6 17 4 18 9 24 12 21 
16 13 17 19 18 20 7 2 22 3 5 6 12 10 23 9 1 14 8 21 11 24 25 4 15 
16 23 7 17 10 15 3 11 9 5 19 24 22 8 18 2 25 20 13 21 1 12 6 4 14 
8 20 23 7 13 24 5 11 12 3 21 10 2 15 25 14 1 19 9 22 6 16 4 17 18 
3 25 15 17 13 12 14 7 1 8 20 6 21 11 18 16 5 23 19 10 2 24 9 4 22 
15 21 16 17 11 12 5 10 25 4 7 8 18 24 23 20 2 13 22 6 3 1 9 14 19 
9 17 11 2 25 22 19 3 1 10 20 4 5 16 8 14 23 7 12 13 6 18 21 15 24 
19 7 8 25 13 10 17 18 14 4 23 1 3 2 15 6 11 24 21 20 22 16 5 12 9 
19 11 5 18 22 13 12 7 17 6 15 3 1 23 8 25 21 24 10 16 4 20 2 14 9 
13 9 24 2 11 25 16 10 14 20 23 22 21 12 15 1 17 19 3 7 18 8 6 5 4 
8 7 14 17 12 16 25 4 21 20 24 10 23 3 13 2 19 11 1 6 15 5 22 18 9 
8 3 16 22 25 18 1 14 15 20 12 7 13 5 19 23 6 11 10 4 9 21 2 17 24 
25 21 12 24 10 15 19 22 6 13 2 3 23 9 14 18 4 7 16 11 17 8 5 20 1 
23 14 20 11 22 10 5 16 3 4 13 2 21 19 25 24 6 18 8 17 1 12 7 9 15 
9 7 16 25 13 10 19 3 15 12 23 5 6 4 20 17 8 21 24 11 14 2 18 22 1 
8 4 16 23 19 12 18 7 3 1 10 2 14 6 15 5 25 17 9 20 11 24 22 13 21 
6 11 3 5 9 1 8 17 13 18 22 25 14 21 2 24 20 23 12 15 10 4 16 19 7 
15 13 25 10 21 2 3 11 7 20 24 8 9 16 4 19 1 18 14 5 22 23 12 17 6 
21 17 14 11 6 13 25 10 4 20 3 16 22 5 19 24 8 23 1 9 15 2 7 12 18 
4 7 24 9 1 5 22 17 13 20 18 15 23 6 14 21 11 3 25 19 2 12 8 10 16 
5 12 3 10 18 6 24 21 17 8 22 20 16 4 14 9 13 19 15 1 23 25 11 7 2 
4 25 9 24 18 22 10 11 12 7 2 17 14 3 19 21 6 5 13 1 8 16 23 20 15 
6 17 19 25 4 7 5 21 12 14 8 3 13 20 23 18 2 16 1 24 11 10 15 22 9 
23 25 14 8 3 6 1 18 22 12 4 9 2 24 16 13 15 17 11 10 21 5 19 7 20 
23 17 22 2 11 5 4 21 15 16 7 19 13 8 25 20 24 12 14 9 18 6 3 1 10 
22 10 14 19 8 3 21 6 7 12 16 5 4 20 2 13 15 24 18 9 1 25 17 23 11 
4 18 2 16 12 7 24 11 1 17 23 3 22 15 5 10 8 6 14 21 13 9 25 19 20 
3 11 6 7 20 22 13 8 15 16 1 17 23 14 18 2 25 5 10 4 19 24 9 12 21 
21 4 25 24 5 14 23 13 7 16 10 12 3 8 19 1 22 9 15 17 20 6 2 11 18 
22 10 19 2 20 3 18 16 17 13 11 8 7 6 14 4 12 9 21 5 25 24 23 1 15 
