5879816511,3332355787
30,25,25
25 53 11 33 71 68 9 84 8 85 25 32 91 58 92 63 97 37 62 2 97 39 23 64 36 
33 91 25 19 19 51 39 25 93 80 93 78 21 81 61 5 29 56 38 91 68 14 71 92 14 
76 74 7 17 85 88 75 24 10 39 47 97 82 72 68 84 82 33 7 57 91 99 66 6 3 
52 59 96 48 55 9 86 17 2 6 78 79 98 92 34 65 54 11 98 51 53 46 20 70 11 
36 75 25 18 21 6 90 68 99 40 13 63 9 72 2 64 35 68 91 89 91 27 60 47 21 
2 23 67 60 20 2 65 75 38 63 93 61 35 77 16 60 77 40 49 65 4 9 67 85 48 
52 18 86 29 30 2 81 42 54 21 54 7 40 3 88 32 50 25 75 50 3 79 17 42 48 
90 90 36 2 9 33 46 98 48 85 56 90 29 93 3 72 54 67 85 45 85 87 49 7 62 
93 62 82 21 67 72 23 76 66 87 22 28 98 68 31 66 37 37 96 38 98 52 59 73 79 
55 83 5 20 43 7 56 51 29 63 22 88 8 45 91 72 45 34 60 31 68 98 43 47 70 
26 54 32 15 88 27 54 16 21 97 37 49 93 43 67 92 17 43 58 99 79 12 37 49 74 
6 64 6 25 85 65 86 76 90 69 72 45 86 49 84 39 42 6 62 75 48 96 95 56 83 
55 40 84 1 70 14 95 24 84 78 18 75 67 4 8 83 54 77 37 81 57 25 55 1 95 
30 2 67 50 51 8 71 20 63 95 9 85 11 83 1 39 10 21 6 47 24 1 11 9 87 
34 66 45 97 8 52 83 62 2 16 48 44 89 60 78 2 25 63 5 36 15 79 62 9 38 
31 84 10 5 55 24 87 95 61 52 36 18 19 32 42 17 94 4 4 67 21 69 74 7 70 
69 50 67 55 56 25 32 18 78 79 5 57 85 50 32 1 55 89 47 9 33 2 21 56 94 
29 86 98 39 80 16 11 58 89 33 18 29 27 96 24 54 76 27 28 58 82 57 40 68 88 
68 85 87 17 25 93 47 16 5 7 25 88 16 59 38 68 7 11 19 88 61 22 33 3 22 
15 38 19 94 7 2 61 88 90 27 96 6 56 25 57 20 18 58 91 31 51 53 63 66 4 
54 97 50 67 56 14 85 10 98 44 75 72 62 23 51 67 81 85 46 19 55 49 89 71 21 
20 50 42 75 23 16 98 62 48 28 74 97 41 29 98 31 36 57 79 24 45 35 90 88 2 
54 21 21 22 23 97 78 95 90 73 58 86 50 91 9 31 34 73 81 98 78 22 8 82 99 
59 32 95 54 43 26 22 7 45 92 75 66 93 22 96 32 57 79 18 99 77 29 23 79 6 
66 97 28 55 30 74 70 47 52 33 12 47 7 19 65 54 7 29 63 23 34 79 21 48 77 
94 18 49 36 70 6 36 46 90 87 22 42 7 64 9 68 6 91 77 28 11 68 59 29 48 
99 13 39 79 93 46 56 4 47 15 83 98 40 26 85 10 59 64 13 21 71 50 86 26 15 
80 78 85 83 91 64 94 10 53 4 52 57 49 9 57 22 23 57 86 98 7 77 82 75 99 
21 59 69 60 93 34 38 56 85 79 94 1 77 66 98 90 76 31 77 91 17 40 17 50 47 
58 88 58 57 79 13 26 2 53 54 65 78 14 83 57 86 53 35 27 48 17 15 49 40 15 
MACHINES
16 15 8 14 6 5 10 25 24 4 7 19 11 17 12 22 9 21 3 13 20 23 1 18 2 
15 4 11 25 17 14 6 5 1 16 9 2 18 19 8 20 23 10 13 7 24 3 12 21 22 
14 18 3 17 8 10 16 23 25 11 6 21 4 9 22 20 24 12 15 7 2 13 5 19 1 
1 2 11 7 22 8 13 24 9 6 10 12 5 25 15 20 18 17 19 4 21 3 23 16 14 
25 4 2 24 11 12 10 21 13 15 16 3 8 6 5 9 17 23 18 1 20 7 19 22 14 
25 15 5 13 22 4 23 16 2 11 1 12 7 10 6 21 8 20 18 17 3 24 14 9 19 
1 9 2 25 19 23 20 14 12 21 5 3 13 6 4 24 18 22 17 7 11 16 8 10 15 
20 13 16 10 1 7 8 14 23 2 12 5 15 25 24 19 22 3 18 11 9 6 21 17 4 
17 12 2 9 3 25 13 23 8 15 5 16 22 4 18 24 19 1 14 21 7 10 11 20 6 
7 19 10 17 18 1 16 14 3 23 25 13 20 11 2 21 9 4 5 8 12 6 15 22 24 
16 10 8 14 18 9 19 2 6 20 13 23 25 21 12 15 17 7 4 3 24 1 22 5 11 
23 7 15 10 9 3 4 18 14 25 19 21 11 12 22 24 6 16 2 5 13 8 1 20 17 
9 24 8 15 25 21 2 3 19 7 1 13 6 10 20 5 22 18 17 4 11 16 23 14 12 
14 9 3 10 5 18 13 17 11 8 15 25 6 4 12 23 19 1 16 22 2 24 21 20 7 
23 4 11 13 24 21 14 22 5 12 6 15 16 25 7 1 17 18 3 8 20 9 10 2 19 
8 18 22 24 11 13 20 23 15 10 14 4 5 16 7 12 3 9 6 19 21 25 1 17 2 
24 5 8 13 16 15 7 17 9 12 3 10 19 4 22 11 23 2 25 6 21 20 18 1 14 
2 16 11 7 22 8 21 17 10 4 20 3 6 13 1 19 5 9 15 23 25 14 12 18 24 
10 3 16 8 2 23 9 19 15 25 1 24 11 4 17 12 18 5 20 22 6 7 21 14 13 
15 2 3 12 11 16 22 14 20 8 7 17 10 25 13 18 19 5 9 24 23 6 21 4 1 
6 13 15 5 21 8 24 14 25 11 9 3 2 7 1 18 16 23 12 19 17 22 4 10 20 
4 23 21 14 19 5 13 11 16 25 20 7 24 9 18 8 3 17 15 12 6 1 22 2 10 
18 23 19 13 17 4 20 10 12 7 14 15 24 1 9 25 8 11 16 3 6 5 2 22 21 
7 20 19 14 2 10 6 18 8 15 24 9 17 4 5 25 3 12 22 1 16 13 21 23 11 
22 2 5 19 9 8 20 1 12 7 24 23 18 15 14 4 21 13 11 6 16 3 17 10 25 
11 2 22 6 5 21 9 17 14 18 3 12 4 23 25 10 1 8 20 13 16 24 15 7 19 
16 12 19 20 14 9 8 23 1 10 7 22 5 6 25 11 13 3 15 17 18 4 21 24 2 
25 12 5 19 16 4 9 2 18 8 13 1 21 6 22 15 7 11 17 24 23 3 20 14 10 
25 7 20 10 14 5 9 6 12 3 13 17 24 1 21 18 8 4 19 16 15 11 22 23 2 
15 5 6 18 7 9 4 11 12 19 17 16 10 3 23 2 20 1 13 8 14 25 22 21 24 
