7726170699,6624333521
30,25,25
48 28 46 31 68 72 18 18 87 42 29 84 5 66 12 79 54 96 77 61 15 79 36 19 16 
54 60 97 30 39 28 92 62 21 26 89 93 72 56 1 87 4 16 92 30 92 15 9 35 40 
75 96 46 38 34 20 83 35 29 15 44 76 38 44 87 92 63 2 2 8 23 96 71 99 71 
91 73 18 71 10 34 95 45 40 40 7 13 84 63 73 14 95 93 21 46 78 71 20 32 40 
32 21 14 87 3 86 83 13 98 13 85 94 15 22 22 19 20 42 87 89 19 75 16 60 12 
88 59 15 61 16 7 12 50 24 71 65 32 28 96 53 47 31 55 36 98 85 92 48 31 60 
75 82 17 79 35 68 37 74 44 42 43 54 62 26 20 31 84 73 8 51 57 71 62 12 57 
14 18 49 86 53 22 72 57 65 75 45 17 51 38 97 18 94 16 82 70 43 41 22 18 44 
5 96 34 89 56 46 39 32 69 71 38 51 66 85 35 21 92 92 10 66 56 76 27 81 31 
30 99 58 25 84 82 69 46 53 62 99 98 59 80 97 42 83 63 10 11 68 76 5 17 68 
86 77 94 51 21 19 80 47 34 71 73 37 29 32 87 87 77 86 98 67 5 51 98 85 75 
33 96 42 59 42 40 53 46 66 7 79 19 68 99 79 11 90 54 62 91 52 27 49 28 5 
94 89 73 66 34 23 10 32 56 77 34 96 66 57 26 94 97 67 7 89 8 76 85 96 54 
62 63 26 47 3 56 23 75 54 97 66 21 25 28 67 70 93 34 98 70 92 47 91 81 30 
63 4 55 88 1 61 94 64 12 75 49 3 66 67 96 18 69 13 7 54 92 42 35 37 69 
2 79 72 37 13 13 7 93 29 19 57 81 18 14 78 54 71 98 97 77 19 97 55 55 10 
77 36 5 74 4 50 41 32 40 75 37 89 43 96 5 7 54 97 65 68 43 97 15 46 11 
50 90 55 99 81 43 32 61 17 34 12 61 42 68 5 71 86 2 53 5 82 43 69 51 98 
33 73 85 17 82 47 48 53 43 70 83 10 91 78 40 46 79 43 52 87 3 48 53 12 49 
77 33 72 32 37 58 65 37 81 81 66 18 29 66 99 52 91 13 82 29 37 28 57 2 58 
52 35 41 63 22 41 75 38 94 78 18 84 84 79 69 57 60 54 56 40 42 79 91 58 74 
20 53 6 70 36 5 1 34 82 65 91 18 47 36 56 19 75 5 95 39 27 49 55 13 29 
42 19 93 47 53 10 21 74 75 17 84 64 47 17 55 19 15 85 4 12 39 48 49 69 84 
70 33 1 95 98 5 57 34 48 89 92 39 91 36 44 56 15 22 41 34 12 98 31 96 17 
48 28 88 22 65 71 95 7 62 19 38 18 86 45 78 78 69 18 18 38 74 73 48 27 45 
8 86 26 1 30 52 82 2 30 6 24 86 70 49 38 58 47 74 41 13 55 69 8 83 35 
51 39 64 45 54 37 39 23 56 1 80 57 81 21 40 90 69 94 88 1 59 72 43 6 92 
31 90 87 2 42 66 84 31 55 29 7 96 42 34 98 36 74 98 84 11 62 1 3 15 21 
54 31 19 38 32 27 15 51 78 78 59 78 95 67 88 17 54 78 89 8 52 68 39 63 43 
90 18 69 57 31 1 71 52 85 81 21 81 82 85 25 92 32 33 72 93 18 4 62 25 81 
MACHINES
22 15 11 3 6 19 13 8 21 12 10 18 7 4 17 16 25 23 9 2 5 1 24 20 14 
22 9 3 19 2 10 8 17 5 21 16 15 25 1 13 20 14 24 11 4 6 23 12 7 18 
20 1 13 15 11 6 10 24 12 8 22 16 21 14 17 3 2 7 23 25 19 9 18 5 4 
1 16 13 12 4 3 18 19 8 23 5 2 14 20 15 25 24 6 17 7 9 22 21 11 10 
13 3 2 24 21 14 20 18 5 22 19 10 11 6 15 12 7 1 4 17 25 8 23 9 16 
25 6 8 10 5 9 17 13 19 11 1 16 12 23 4 3 21 7 22 18 20 24 15 14 2 
24 14 22 17 7 10 23 16 13 1 25 11 3 19 12 15 6 8 2 4 18 20 21 5 9 
17 14 16 9 1 15 22 5 20 12 4 21 11 6 8 19 7 2 3 10 25 18 13 23 24 
2 6 5 24 18 10 3 1 8 13 15 20 16 21 17 23 12 7 9 11 19 22 14 25 4 
5 2 23 17 4 13 7 25 15 8 20 24 1 18 19 6 10 11 22 12 14 3 21 9 16 
20 16 25 12 9 17 1 10 11 21 4 19 3 5 8 18 15 13 6 2 7 23 14 24 22 
23 16 6 24 5 12 4 11 2 20 18 3 17 14 25 9 7 10 1 19 21 13 15 8 22 
2 19 14 13 20 1 16 3 4 11 6 18 23 5 12 22 9 17 25 24 21 10 15 7 8 
15 19 25 4 1 7 10 6 2 11 14 17 23 20 22 21 3 16 8 13 9 24 18 5 12 
4 5 25 2 10 1 17 14 23 8 7 19 9 24 6 13 3 16 15 21 22 12 11 20 18 
1 17 20 6 19 5 25 24 15 23 4 16 8 12 10 14 2 22 11 18 3 7 9 21 13 
7 20 14 21 24 19 13 22 9 18 15 5 8 12 2 23 6 10 11 17 1 3 25 16 4 
9 16 6 11 20 7 18 12 3 8 23 15 19 10 4 13 14 25 2 5 17 22 24 1 21 
23 1 19 13 7 18 11 9 25 6 17 5 3 12 10 20 22 21 15 2 24 8 4 16 14 
3 9 25 16 17 24 12 6 19 14 7 5 11 8 15 23 22 21 4 10 18 13 1 2 20 
15 6 7 17 16 23 13 8 1 12 2 24 14 9 4 11 19 22 21 25 5 18 10 3 20 
1 23 12 2 6 14 11 3 7 10 13 4 21 5 17 20 15 24 22 16 25 18 9 19 8 
16 20 24 21 23 3 22 6 8 11 17 15 13 7 9 5 2 1 4 25 10 19 12 14 18 
5 19 4 6 20 8 24 17 15 22 1 10 11 3 12 13 2 7 25 23 14 21 9 16 18 
12 18 20 10 8 19 4 6 23 11 22 3 7 16 25 13 24 21 5 1 2 9 17 14 15 
4 13 25 20 5 23 21 14 3 1 2 10 9 16 12 17 6 22 18 7 24 15 11 19 8 
9 24 1 16 13 2 6 21 8 14 22 12 23 18 5 4 20 10 17 11 15 7 3 25 19 
4 18 5 2 16 3 6 12 19 24 25 17 15 22 10 8 11 21 14 9 20 1 23 13 7 
20 4 5 23 7 16 21 9 25 13 24 11 12 19 3 10 14 2 15 18 1 8 17 6 22 
1 3 11 25 8 22 21 2 24 5 15 10 12 17 23 6 13 9 16 20 14 19 7 4 18 
