3755609502,1256654794
30,25,25
5 7 51 5 98 19 50 93 94 60 19 5 84 43 97 34 99 61 61 22 23 38 80 61 48 
45 85 86 9 2 71 55 69 69 5 82 21 40 56 1 89 52 7 62 35 27 56 41 11 7 
20 74 97 77 56 64 72 86 67 56 39 36 22 95 3 31 89 33 30 91 6 89 66 31 89 
48 4 24 28 4 92 25 87 70 50 13 37 47 4 11 92 55 21 56 29 15 82 27 28 7 
73 32 53 5 14 55 57 90 3 31 1 9 57 16 49 80 14 6 24 90 76 28 92 45 69 
25 55 95 4 88 82 69 32 89 2 65 24 88 98 16 78 98 25 81 22 18 67 22 46 35 
40 13 61 22 19 15 87 41 74 21 72 34 74 47 71 12 73 85 46 17 98 38 95 95 79 
1 8 40 95 33 7 2 39 60 16 84 68 49 91 77 40 7 66 90 20 27 39 66 46 79 
44 53 68 94 73 62 27 41 53 23 23 99 81 93 44 76 55 86 61 79 11 80 12 95 39 
18 16 2 56 20 10 49 62 74 83 22 59 39 98 69 88 37 44 51 1 81 7 64 79 74 
98 49 51 8 26 24 87 57 73 81 30 67 97 97 72 22 3 46 76 94 82 44 42 17 10 
83 13 67 17 16 64 66 91 98 25 28 6 66 11 14 44 12 94 27 80 21 41 31 9 31 
42 54 44 82 26 96 69 52 32 67 46 88 16 76 37 55 95 65 52 28 84 56 44 42 57 
73 51 12 38 50 18 37 85 96 92 27 11 91 44 28 71 4 99 13 52 26 63 6 77 80 
75 46 85 29 98 5 47 48 63 36 67 94 27 50 43 25 3 72 6 24 81 4 80 70 84 
4 29 83 56 7 84 75 68 30 33 27 19 27 31 74 57 81 36 39 95 43 34 89 10 5 
43 36 83 67 52 4 66 52 1 38 96 14 24 68 92 31 5 20 92 44 86 1 42 16 72 
8 22 21 17 21 32 35 9 3 9 90 84 53 4 2 85 42 46 21 28 76 84 78 50 59 
42 71 75 56 43 93 82 29 57 35 28 89 24 62 36 18 10 36 22 38 85 66 65 32 13 
96 78 58 24 16 85 33 79 37 29 13 31 90 67 81 75 66 9 77 10 71 36 97 82 51 
55 13 92 63 16 7 18 69 31 61 24 84 29 32 85 93 41 71 44 9 96 14 83 6 70 
90 78 83 10 28 29 64 17 95 71 18 91 8 37 23 29 21 51 38 60 93 8 92 85 52 
38 79 89 53 64 63 20 2 56 26 57 28 78 77 75 42 54 59 67 90 40 72 77 34 16 
40 26 28 21 89 70 63 71 42 97 9 1 26 9 42 71 76 96 41 94 53 7 76 56 54 
62 1 81 23 58 81 57 68 81 88 33 66 85 5 6 22 90 85 11 17 10 32 35 4 38 
39 46 62 60 73 59 45 63 41 9 26 1 62 2 44 20 70 99 98 18 93 85 97 60 75 
45 87 20 90 52 98 94 17 5 2 50 45 82 60 84 64 95 89 26 25 79 44 39 65 45 
47 4 27 40 66 10 89 56 2 57 83 64 13 5 52 53 28 69 23 95 75 70 27 21 86 
82 55 63 17 46 21 9 62 61 88 46 3 73 16 22 95 17 9 15 9 29 86 72 27 39 
21 69 80 27 80 71 62 30 58 2 13 84 6 87 9 59 61 30 54 28 94 82 63 21 70 
MACHINES
20 2 21 15 8 1 19 12 16 17 14 18 22 23 3 7 10 6 5 13 24 11 4 25 9 
25 15 10 13 9 23 11 6 20 1 19 24 18 3 17 2 16 12 5 7 4 22 21 8 14 
1 3 13 17 5 6 4 2 23 10 19 18 11 7 25 24 8 14 16 9 15 22 21 12 20 
9 20 5 25 10 21 22 2 23 11 13 19 15 16 1 18 6 24 8 17 14 3 12 4 7 
3 8 13 11 17 14 22 2 21 20 25 12 6 23 24 15 16 1 4 10 19 9 7 5 18 
17 13 4 3 19 24 23 11 18 14 15 10 12 5 9 16 25 7 22 1 6 2 20 21 8 
17 25 19 4 21 10 5 24 15 12 18 7 13 1 8 20 14 23 6 16 22 3 9 11 2 
3 5 12 6 16 7 14 20 18 9 22 4 24 13 11 2 19 25 1 15 23 17 10 8 21 
25 11 22 13 10 15 21 14 1 17 18 6 16 2 3 20 4 23 19 7 9 12 8 5 24 
5 16 20 9 1 15 4 11 21 8 7 12 18 14 13 24 3 23 2 25 10 19 6 17 22 
6 14 1 20 22 23 5 9 18 16 19 3 15 8 10 4 12 17 13 25 24 21 11 7 2 
16 19 5 15 17 8 24 18 10 4 12 7 13 3 25 23 6 1 14 20 22 11 2 9 21 
7 10 22 1 3 23 16 14 18 24 13 8 20 25 5 4 19 11 12 21 17 9 15 6 2 
7 11 24 13 1 22 4 8 3 19 14 5 23 15 25 18 10 16 9 2 6 20 17 21 12 
7 15 12 16 2 24 3 19 4 11 6 5 25 23 13 10 9 20 22 14 21 17 1 8 18 
10 8 25 13 5 22 16 17 19 1 14 21 9 3 7 4 24 2 11 18 20 12 15 23 6 
10 1 3 20 12 11 19 7 15 13 9 23 18 14 25 21 17 5 4 2 8 16 22 24 6 
6 2 17 5 16 21 12 19 7 1 10 15 9 18 11 24 20 8 22 23 3 14 25 4 13 
14 17 15 6 4 12 9 11 5 2 1 19 24 13 20 7 16 8 3 22 25 21 18 10 23 
9 22 8 2 19 24 7 13 3 18 12 5 23 14 11 20 25 4 6 21 10 1 16 17 15 
24 6 16 14 12 5 19 3 17 8 9 20 18 13 21 7 15 11 2 1 25 10 4 23 22 
3 7 17 16 14 6 9 25 4 13 18 15 8 20 2 24 10 21 12 1 23 22 19 11 5 
16 3 21 17 25 23 20 1 7 19 15 24 12 9 6 8 18 5 10 11 13 4 2 14 22 
20 6 15 16 24 4 3 5 17 19 9 10 18 12 13 23 11 8 22 7 21 2 1 14 25 
8 15 12 13 9 7 25 1 4 20 22 14 3 6 5 19 11 16 18 2 10 17 23 21 24 
3 8 2 21 6 17 15 14 11 9 4 19 16 25 24 10 1 13 5 22 23 7 18 12 20 
18 3 8 24 22 1 21 23 7 13 9 5 17 20 2 10 11 16 4 15 12 14 25 6 19 
9 20 21 13 19 7 16 3 14 2 8 10 6 11 12 5 1 4 24 25 22 18 23 17 15 
14 24 4 20 9 13 25 15 5 21 10 11 19 6 2 1 3 18 17 22 8 23 16 12 7 
8 18 4 14 5 19 23 9 3 24 1 20 17 21 22 2 15 7 13 16 6 10 12 11 25 
