6061528725,6407261184
30,25,25
59 20 33 31 38 44 39 58 55 13 9 9 40 83 6 91 27 70 42 90 1 14 6 84 74 
36 84 62 72 37 19 20 92 30 35 34 53 80 23 95 64 19 11 24 67 44 75 13 54 68 
3 28 46 10 68 8 52 41 84 4 51 93 26 33 83 49 46 48 35 96 1 16 78 28 94 
28 9 78 17 16 37 89 45 25 42 11 25 5 11 72 89 20 72 15 67 47 82 9 63 42 
66 51 44 43 36 12 45 42 96 74 1 45 15 48 28 65 70 89 91 35 17 80 77 74 85 
2 94 8 92 87 14 29 78 31 33 60 50 46 42 2 41 56 53 53 58 38 70 69 3 72 
46 54 56 69 55 30 92 9 68 42 75 62 97 12 26 68 67 39 45 98 46 4 36 37 41 
35 87 16 30 31 28 95 56 25 67 67 72 72 13 56 18 70 24 9 77 50 60 90 77 36 
9 67 74 50 23 12 75 11 21 29 59 36 51 46 30 14 27 35 79 94 29 77 57 45 89 
4 94 22 94 95 29 93 26 81 15 6 92 99 13 75 27 30 23 43 59 29 73 69 99 41 
60 21 48 44 24 94 81 17 32 68 96 55 59 38 86 7 84 2 24 74 65 53 6 65 81 
7 51 1 67 95 76 73 77 20 36 96 88 27 36 81 79 12 2 49 17 37 70 54 8 42 
63 83 30 51 79 93 44 85 11 78 60 74 34 3 90 42 6 81 1 80 19 13 90 56 22 
89 82 1 47 89 26 32 3 7 53 65 50 72 60 62 94 7 94 73 56 73 62 26 57 34 
93 78 71 99 72 58 12 65 79 61 40 12 14 25 73 80 2 66 57 85 84 3 69 95 87 
2 47 7 43 49 52 68 69 15 10 47 48 25 28 85 50 26 50 46 52 30 96 94 35 30 
39 70 46 96 13 90 36 50 21 43 98 78 76 77 28 79 6 72 19 13 99 18 96 52 30 
66 92 27 94 10 97 79 18 44 88 93 77 79 1 55 51 94 99 71 42 20 48 46 78 19 
12 75 55 7 76 97 4 52 95 68 8 19 32 26 43 3 54 13 24 38 82 41 44 61 56 
49 91 19 13 39 85 64 28 58 69 60 63 76 43 23 39 71 7 83 36 33 40 96 64 22 
87 65 56 96 55 32 4 41 15 20 86 62 16 94 84 70 53 55 5 42 98 68 88 82 67 
96 17 68 34 18 24 77 91 42 97 30 11 75 30 42 86 11 53 84 16 79 49 63 83 73 
52 15 14 30 37 19 59 11 85 7 94 73 46 53 37 97 62 52 37 39 60 2 65 33 46 
86 52 86 24 98 50 54 50 65 54 18 78 33 94 61 2 63 19 80 65 45 31 45 44 91 
21 82 51 47 74 3 68 97 56 80 11 44 32 52 85 53 76 74 30 9 39 83 27 65 73 
60 98 96 54 63 26 59 86 63 31 29 45 18 17 58 99 54 15 31 40 1 38 68 59 60 
85 34 92 77 4 59 57 14 35 64 39 58 58 64 49 27 48 61 21 24 36 6 73 89 99 
80 96 89 94 5 80 70 34 76 33 10 95 60 96 3 83 99 34 27 79 60 98 54 52 48 
91 53 61 92 92 18 38 35 4 74 48 56 54 45 89 61 3 58 32 75 83 56 31 51 66 
99 85 90 90 94 45 53 77 85 67 83 84 53 62 64 9 91 25 25 73 46 65 46 81 77 
MACHINES
20 8 2 12 11 16 17 1 22 9 23 19 25 14 3 21 15 24 5 18 4 7 6 13 10 
10 2 21 6 24 25 20 9 13 15 14 23 19 4 11 18 22 12 1 5 17 16 3 7 8 
17 12 21 8 24 10 13 6 4 2 16 5 14 7 18 3 11 22 23 25 20 9 15 1 19 
4 20 24 2 10 16 13 9 8 18 7 19 11 25 5 17 12 3 14 21 23 15 22 6 1 
25 4 1 22 19 5 13 6 11 16 14 9 20 2 18 24 8 12 21 15 7 23 10 17 3 
19 10 16 3 6 14 5 25 15 11 4 18 12 17 9 21 22 2 23 7 20 1 8 13 24 
19 6 4 25 21 15 1 18 14 22 9 23 10 2 11 13 7 12 17 5 3 20 24 8 16 
14 9 3 1 12 11 6 13 23 20 18 17 16 19 21 10 24 2 8 5 15 4 7 25 22 
20 8 19 10 15 21 3 25 24 6 7 9 22 11 13 2 5 4 23 18 17 1 12 14 16 
7 23 2 15 10 24 12 17 18 19 13 22 6 1 25 14 5 11 8 16 21 20 3 9 4 
3 11 9 22 4 14 18 8 21 23 24 19 17 1 13 25 5 16 6 10 12 20 15 7 2 
8 17 25 5 22 14 4 21 9 2 24 20 13 3 15 1 16 10 11 19 12 18 7 23 6 
5 11 12 10 20 4 18 15 3 16 22 19 21 8 23 1 13 2 14 24 9 25 17 6 7 
14 16 20 24 10 9 18 2 4 6 21 13 8 15 5 7 3 19 22 1 11 12 25 23 17 
15 17 8 24 13 5 6 19 9 14 12 10 25 4 11 7 16 20 22 21 3 23 2 18 1 
2 24 7 15 17 25 20 5 10 12 11 23 4 6 19 8 22 3 21 1 16 14 13 18 9 
18 17 3 8 5 11 13 4 9 20 15 2 7 23 10 21 16 12 24 14 19 1 22 6 25 
15 17 21 8 10 11 9 13 25 3 16 12 20 6 2 24 1 5 7 14 4 19 23 22 18 
10 5 15 11 3 12 1 25 7 13 6 8 21 4 22 18 17 16 19 20 9 2 14 23 24 
22 2 18 17 15 5 14 24 9 20 3 19 11 16 6 12 7 4 21 10 25 8 23 1 13 
8 18 14 17 5 1 2 16 24 20 22 25 12 21 23 15 6 9 4 19 13 11 10 3 7 
2 7 23 3 13 17 9 22 25 8 6 19 10 12 16 1 20 5 24 4 15 21 11 14 18 
8 13 3 15 6 21 19 1 14 25 12 9 24 16 7 4 2 11 23 17 18 10 20 22 5 
1 13 18 9 3 5 2 22 16 8 12 7 6 11 25 21 23 17 4 15 19 20 10 14 24 
21 17 9 6 24 10 3 2 13 18 22 12 25 4 14 20 15 5 19 1 23 7 16 11 8 
8 18 16 14 10 7 22 6 5 9 2 17 11 13 1 25 12 19 4 21 15 23 20 3 24 
20 15 17 7 13 19 9 8 5 3 12 2 18 1 16 10 6 14 4 21 23 11 25 24 22 
23 1 14 11 15 2 20 19 21 17 18 16 8 22 4 7 3 10 24 12 25 6 9 13 5 
15 24 13 3 10 2 8 14 17 7 11 16 12 22 20 21 5 18 23 6 19 1 25 4 9 
3 20 8 15 23 5 1 18 24 13 4 19 22 10 7 11 17 16 12 9 2 25 21 6 14 
