5866040122,5642371844
30,25,25
29 24 13 61 78 92 94 34 3 84 15 7 25 3 31 63 83 13 37 96 55 45 43 48 33 
45 25 14 22 37 96 67 82 73 46 75 87 44 49 23 49 25 11 82 4 41 11 46 5 64 
26 84 81 45 77 45 52 83 6 51 78 95 94 52 95 94 98 40 72 50 74 10 43 20 61 
76 25 54 76 73 93 50 89 30 85 69 40 33 68 68 24 98 32 79 66 31 21 47 2 8 
41 34 17 67 55 15 51 5 70 48 86 57 48 25 22 18 82 12 42 10 61 68 97 1 52 
11 63 95 62 34 98 34 29 55 24 39 99 93 76 93 16 86 62 93 85 88 33 65 34 50 
65 65 51 32 20 55 37 55 90 63 81 22 65 75 50 15 89 87 56 3 21 96 38 97 98 
72 8 61 92 27 92 2 28 10 66 18 22 79 55 83 72 29 92 99 32 35 38 30 85 43 
19 56 92 49 43 47 17 84 26 6 57 11 78 86 55 3 84 75 35 78 80 74 20 2 91 
59 42 21 17 56 5 50 75 92 80 66 38 53 39 89 59 89 52 67 87 58 64 68 44 4 
94 52 28 95 51 53 92 54 27 81 76 11 80 11 75 74 95 41 35 91 39 59 20 31 8 
13 89 55 54 92 47 48 36 73 59 26 39 44 73 43 90 19 69 4 57 46 94 8 17 89 
72 31 34 30 62 75 5 38 2 89 41 87 63 18 68 16 41 78 78 26 84 95 39 25 12 
9 77 93 49 51 27 56 50 22 10 73 10 97 41 36 56 64 38 35 33 43 66 81 49 65 
16 41 96 63 68 81 81 5 28 77 1 42 61 52 68 79 85 70 80 3 15 32 29 11 31 
59 38 59 79 59 62 8 15 59 34 78 40 6 31 74 25 22 99 23 70 78 32 32 56 10 
35 77 74 67 9 43 62 83 91 85 28 37 39 20 24 8 34 28 89 45 95 23 95 42 84 
7 98 51 45 86 38 74 92 46 3 2 16 17 14 59 50 62 75 65 55 44 85 42 77 66 
82 17 29 75 8 21 62 3 70 45 85 84 12 44 92 4 25 54 16 51 12 62 2 32 19 
23 14 69 76 36 39 76 32 92 54 53 80 80 80 81 7 96 29 1 2 26 64 93 41 52 
45 98 56 8 35 51 30 85 86 24 62 40 19 37 34 73 4 52 88 98 2 39 24 40 67 
27 18 92 72 23 96 67 14 99 22 12 91 6 95 14 85 61 11 67 85 87 89 51 94 82 
65 60 60 70 43 35 81 55 72 81 75 94 69 73 86 71 28 50 35 2 12 68 10 35 27 
54 98 72 28 96 36 90 33 37 59 49 78 51 72 28 92 86 50 24 34 90 51 6 12 48 
57 72 70 30 26 94 28 49 86 36 90 89 65 79 36 13 1 67 44 93 78 81 55 94 1 
3 51 50 99 82 1 96 8 56 36 30 90 1 77 82 93 97 14 84 79 10 90 9 23 36 
87 53 30 98 82 81 91 95 60 61 93 32 67 30 15 67 21 67 85 41 28 5 24 23 82 
67 27 92 98 63 39 51 48 74 34 9 15 27 92 39 7 84 36 63 63 17 57 66 64 81 
7 12 39 35 54 86 98 68 47 97 39 2 80 90 7 82 44 87 52 67 9 65 4 10 53 
28 45 41 33 62 52 18 91 62 76 44 70 34 11 20 48 16 74 2 23 55 44 56 94 92 
MACHINES
20 21 12 22 3 7 11 18 15 9 17 1 16 19 13 23 24 14 6 5 10 2 25 8 4 
19 25 11 4 8 16 20 2 22 10 24 5 6 12 21 9 3 13 7 17 1 14 15 18 23 
9 3 24 4 5 10 22 20 17 15 13 12 18 6 16 8 7 2 1 14 23 25 11 19 21 
17 5 24 13 4 25 10 2 6 21 3 22 11 18 7 1 15 16 9 8 14 20 23 19 12 
10 11 19 6 7 12 20 14 8 15 24 1 23 2 17 3 21 18 5 16 13 25 9 22 4 
4 14 15 1 19 25 21 11 24 20 9 2 22 7 12 23 8 17 18 16 13 10 6 3 5 
24 20 22 6 5 9 21 16 4 7 12 14 2 15 13 25 1 3 19 11 10 18 17 8 23 
5 21 11 17 14 15 7 9 23 20 10 8 22 19 25 18 13 4 1 12 6 2 16 24 3 
15 13 25 9 10 14 12 21 23 24 1 7 3 5 2 4 8 16 11 19 17 6 18 22 20 
2 6 10 21 16 17 25 24 20 5 15 4 1 19 9 7 14 3 23 22 13 11 12 8 18 
2 24 3 19 5 21 18 17 7 10 11 6 23 4 22 9 14 20 12 25 1 16 8 13 15 
19 13 16 14 25 8 15 21 17 6 11 9 4 10 24 3 2 12 22 7 20 1 5 18 23 
14 23 12 20 1 19 11 24 7 25 4 5 6 8 15 13 9 16 18 21 22 3 17 2 10 
1 21 7 9 10 8 4 5 6 25 19 15 13 20 23 3 14 24 2 22 12 16 17 18 11 
22 14 24 10 13 7 9 2 3 1 21 17 12 4 8 11 19 23 15 5 20 18 16 6 25 
19 7 1 5 18 4 8 14 24 6 10 23 13 16 25 3 2 21 20 9 17 12 11 22 15 
4 3 7 10 6 1 8 25 9 13 16 15 2 17 14 5 19 24 20 21 12 22 23 11 18 
23 3 25 20 2 15 4 1 11 21 17 5 8 14 24 10 13 6 22 9 19 16 12 18 7 
11 15 18 2 9 19 25 14 4 23 5 13 12 10 24 21 17 20 3 8 22 6 16 7 1 
2 21 17 25 14 24 6 8 5 10 13 15 22 7 20 16 11 18 12 3 4 19 23 1 9 
3 22 2 5 25 23 18 11 10 4 14 8 21 13 15 12 19 17 9 20 16 6 24 1 7 
13 25 24 7 16 3 6 2 21 23 14 4 8 18 19 20 15 22 1 10 9 17 11 12 5 
13 1 18 10 4 16 15 22 17 11 12 8 25 24 3 7 21 2 23 5 14 19 20 6 9 
13 17 20 25 21 9 11 18 12 10 8 16 6 4 14 3 15 19 22 2 1 7 23 5 24 
14 24 1 18 19 6 21 8 23 11 7 5 12 4 13 20 16 15 10 9 2 22 17 3 25 
3 5 18 7 10 19 4 23 13 8 15 24 11 20 9 25 12 1 22 16 2 14 17 6 21 
4 10 20 8 25 12 19 14 1 9 21 11 13 2 3 24 6 22 17 7 15 16 18 5 23 
6 14 7 10 18 22 9 3 25 4 17 11 19 24 16 1 21 23 2 20 15 12 8 5 13 
8 14 2 25 19 23 15 13 22 21 7 12 24 20 5 6 16 10 18 11 17 9 3 1 4 
1 18 22 12 19 3 14 21 13 15 6 24 7 4 23 8 9 2 17 11 25 20 16 10 5 
