7484642176,9039434854
30,25,25
95 76 32 30 93 50 50 81 12 36 84 41 12 87 18 80 67 75 1 54 57 88 63 87 37 
69 85 50 56 72 45 58 46 54 91 95 55 64 41 67 79 2 38 22 65 72 80 63 60 92 
54 45 19 84 76 87 8 58 54 34 64 39 99 91 80 30 79 38 46 92 30 72 93 25 38 
85 55 1 42 64 66 68 94 2 68 80 2 26 46 40 88 56 36 69 58 30 97 28 51 20 
94 61 39 35 59 53 73 39 76 11 73 63 31 81 67 80 88 51 60 90 53 46 43 6 86 
80 55 56 14 14 57 79 27 33 94 18 4 23 31 85 18 63 24 59 70 52 98 24 80 86 
7 43 84 25 34 20 11 6 98 27 29 21 84 51 58 64 61 71 68 62 79 41 18 27 43 
63 24 99 67 32 3 39 6 76 12 93 99 20 8 24 4 47 12 5 76 17 2 94 94 76 
71 40 73 64 37 26 68 27 17 32 2 84 43 43 40 83 96 62 31 60 88 38 27 23 90 
19 42 73 88 87 7 24 67 6 43 77 29 94 47 10 90 39 10 34 23 60 75 43 98 30 
75 71 95 49 76 44 95 75 73 48 19 84 25 27 84 87 66 22 3 87 18 33 47 15 31 
66 50 7 43 58 64 95 95 67 85 12 94 89 29 72 70 23 55 22 41 41 48 93 59 24 
17 90 66 52 86 18 27 99 4 63 35 82 28 94 27 63 50 21 51 98 25 36 32 55 92 
3 87 78 20 18 38 46 42 4 13 97 51 95 78 5 86 1 4 27 87 28 7 58 4 23 
89 68 83 98 9 27 28 12 98 23 43 65 82 28 28 84 72 10 51 78 40 37 99 11 33 
2 52 21 92 76 90 98 78 4 96 71 58 92 86 29 89 25 59 43 17 90 75 5 94 93 
77 76 21 71 81 53 54 3 16 31 49 97 61 16 63 12 23 41 48 45 65 75 92 91 39 
26 58 30 19 88 52 54 69 98 81 98 20 2 34 76 32 55 11 34 50 13 2 79 75 51 
23 92 11 53 46 81 27 28 11 60 4 51 43 87 63 2 47 13 97 26 61 56 50 91 87 
94 59 48 55 71 54 20 65 61 8 57 94 34 33 19 37 52 71 59 93 40 54 10 26 66 
47 85 14 64 1 74 36 96 53 43 74 34 2 14 47 46 9 29 63 12 95 60 49 69 89 
4 24 1 81 93 98 64 40 69 49 25 91 67 26 99 45 76 39 7 65 81 62 63 10 74 
78 73 70 81 1 27 91 25 99 7 11 57 75 87 69 86 21 19 77 22 97 26 2 55 47 
19 98 48 38 83 32 57 74 21 59 87 98 66 77 33 51 31 32 2 99 26 44 25 17 57 
8 27 3 93 72 68 62 73 85 79 91 55 60 98 98 44 39 43 69 90 60 79 94 29 58 
33 91 63 88 1 5 67 88 84 38 3 45 58 78 17 14 70 70 50 96 71 72 3 19 3 
43 23 81 16 47 90 36 81 34 78 80 57 39 2 37 49 59 95 81 33 82 50 4 62 5 
50 75 63 35 42 23 46 60 77 83 60 97 77 7 38 74 19 70 31 21 76 19 70 62 95 
67 30 85 22 29 86 40 12 86 14 37 2 10 94 62 42 31 92 11 14 89 44 2 44 92 
16 96 8 11 3 57 29 64 59 71 19 93 70 11 44 8 65 67 1 23 76 96 60 31 48 
MACHINES
15 22 23 13 7 2 19 20 11 5 6 1 16 8 10 9 21 12 3 14 4 18 25 17 24 
12 3 23 14 17 5 1 18 11 15 8 6 19 2 13 9 10 22 7 20 21 25 16 24 4 
5 6 18 12 14 22 11 23 1 15 19 2 10 25 17 7 8 24 20 3 13 16 4 21 9 
23 6 22 12 21 16 18 11 19 7 13 1 20 2 4 9 5 24 15 14 25 3 10 17 8 
22 5 6 25 20 11 18 9 4 24 15 8 1 23 21 13 16 7 12 2 17 19 3 14 10 
3 20 24 17 2 18 11 15 25 6 9 23 1 7 13 16 12 10 22 4 19 8 14 5 21 
19 18 12 10 24 11 13 6 8 15 7 4 17 9 2 20 22 5 14 21 3 16 23 1 25 
16 8 12 7 20 6 25 11 23 4 15 24 14 9 21 17 5 13 18 2 10 22 19 3 1 
19 13 15 7 25 6 8 4 12 2 9 14 23 16 20 22 21 17 18 5 11 10 24 3 1 
2 15 11 10 18 4 23 22 7 9 16 20 24 14 6 5 3 1 21 13 17 12 19 25 8 
2 1 20 15 3 14 22 4 8 18 11 24 6 17 23 21 25 12 9 19 10 7 13 16 5 
24 5 15 6 21 7 14 8 16 1 23 17 22 18 11 13 25 3 19 9 4 10 2 20 12 
2 22 19 18 23 7 21 6 4 3 17 9 20 5 10 15 13 16 12 11 24 25 8 14 1 
3 11 5 13 17 9 18 22 7 2 23 25 8 20 15 4 6 16 21 10 14 12 19 24 1 
10 22 2 24 8 11 18 6 23 17 15 3 13 1 7 4 19 5 12 25 9 21 14 20 16 
13 17 24 4 8 22 6 2 20 10 21 23 7 1 15 3 11 14 25 16 9 5 19 12 18 
22 1 4 23 11 6 16 17 20 25 13 5 2 14 12 8 19 18 21 3 15 24 9 10 7 
17 12 15 18 21 20 5 23 24 25 19 4 8 6 16 10 13 14 7 2 1 9 11 22 3 
16 13 4 3 2 17 15 22 8 1 7 24 23 5 20 18 21 12 25 9 11 10 14 19 6 
13 16 22 19 14 17 2 18 6 20 7 24 25 12 5 11 3 8 9 23 15 10 4 21 1 
16 4 14 8 21 7 10 9 2 12 17 24 25 5 18 19 15 22 1 13 20 3 11 6 23 
23 20 21 2 22 13 8 10 17 3 11 5 9 24 4 6 7 18 19 1 15 14 16 25 12 
13 11 22 5 7 16 6 12 15 25 23 18 9 20 2 3 4 1 24 17 21 10 14 19 8 
14 18 15 3 6 25 10 9 23 2 21 13 5 22 19 1 24 7 12 16 17 20 4 11 8 
6 8 15 21 7 24 22 19 25 2 18 10 20 3 4 12 17 11 5 14 23 13 16 1 9 
13 19 17 7 8 3 1 4 12 16 25 9 14 2 18 24 6 21 22 11 10 5 15 20 23 
2 5 12 9 10 8 15 23 3 13 19 22 16 25 24 1 11 17 20 14 7 6 4 18 21 
10 16 8 25 1 23 20 7 13 5 9 3 17 11 21 22 4 24 19 12 6 14 15 18 2 
5 9 6 22 2 12 18 21 20 4 24 7 11 3 16 8 15 1 23 19 17 14 10 13 25 
12 22 10 16 24 2 25 1 9 20 15 4 11 17 18 8 19 3 21 23 7 13 5 6 14 
