7718285783,4246226298
30,25,25
53 20 2 75 22 18 55 55 60 30 77 68 39 90 66 99 55 73 30 77 79 97 80 53 97 
56 63 47 2 5 5 40 68 33 80 89 10 53 75 31 66 43 30 26 75 67 73 39 60 42 
10 95 28 79 8 21 18 53 55 35 25 60 47 69 76 37 64 34 48 62 50 10 8 71 40 
90 83 75 39 27 28 73 44 91 3 78 89 68 52 29 36 85 20 53 24 17 81 29 91 70 
8 41 95 10 21 16 67 9 43 51 3 89 87 98 19 61 82 27 32 35 37 19 46 71 81 
7 48 42 23 72 68 20 46 92 7 89 34 48 15 17 60 21 28 30 20 22 9 66 82 31 
86 59 98 15 92 56 18 98 43 32 85 39 61 25 40 59 30 44 64 97 31 29 47 3 6 
85 6 82 53 49 7 26 12 78 24 37 13 3 42 18 73 71 20 4 42 31 90 56 60 96 
7 54 15 5 50 11 10 99 33 36 56 80 47 23 63 82 74 28 40 22 86 97 47 70 52 
43 35 58 87 96 29 10 74 12 41 36 52 94 74 44 27 11 31 61 45 35 17 67 76 30 
4 67 48 16 45 4 36 7 52 98 34 3 16 50 49 65 87 30 99 12 42 93 93 34 55 
40 10 30 71 12 18 83 11 91 93 75 41 96 74 66 5 20 61 57 66 96 61 81 74 73 
88 35 7 46 89 32 55 61 35 81 49 48 31 72 88 88 55 3 56 81 15 35 24 59 2 
98 18 23 95 49 19 57 55 88 7 12 65 28 29 10 35 92 34 66 56 43 88 13 93 81 
14 38 96 62 25 5 54 74 82 34 49 39 51 69 13 99 19 30 74 92 28 21 26 46 96 
27 11 8 67 37 42 23 26 89 52 53 24 44 92 62 67 68 85 70 40 28 80 14 85 6 
61 45 27 20 26 71 57 46 98 2 48 97 36 1 10 68 5 53 89 52 15 68 85 27 34 
15 31 41 29 49 50 82 4 19 69 88 95 67 24 30 1 62 2 55 96 1 54 14 52 50 
89 6 53 91 9 35 78 30 36 82 17 75 97 53 2 2 56 75 14 49 65 67 44 38 31 
13 8 16 78 45 25 61 35 76 64 78 46 88 25 82 20 1 52 92 82 3 68 18 82 60 
59 54 83 62 32 61 80 66 7 91 48 27 97 8 80 23 46 49 66 89 2 2 20 42 99 
43 19 78 14 19 9 41 52 88 9 58 88 42 43 23 64 22 43 20 2 96 72 10 26 13 
34 67 2 82 46 43 79 36 15 70 59 68 90 91 42 54 22 33 93 3 81 13 31 64 31 
69 40 54 66 1 19 32 28 89 71 73 55 21 47 20 86 98 43 35 63 61 4 67 63 80 
33 56 80 11 6 4 81 29 55 95 28 87 58 25 48 79 79 43 93 78 62 73 31 23 70 
77 19 87 49 59 54 78 90 86 78 49 24 55 79 68 6 48 67 15 54 3 95 60 96 24 
65 71 93 79 47 37 95 11 27 58 11 72 39 75 38 51 96 4 80 82 10 40 99 92 17 
40 18 69 3 73 53 72 64 10 21 66 46 14 14 18 28 91 97 81 68 31 36 18 85 94 
82 24 80 40 33 32 16 46 17 28 9 78 16 68 56 79 15 14 15 44 18 54 47 90 23 
4 49 78 76 35 92 39 25 28 4 84 31 3 53 45 30 18 27 96 14 5 39 81 62 58 
MACHINES
4 5 22 17 8 23 16 3 19 13 1 25 10 7 2 20 14 9 11 6 15 12 18 24 21 
18 22 24 19 10 3 17 20 14 6 11 16 23 12 7 21 1 4 13 25 8 9 5 15 2 
21 24 3 7 4 20 16 17 6 14 12 1 2 10 5 13 19 22 8 15 11 9 25 23 18 
18 19 13 12 9 15 10 7 16 4 8 24 1 6 23 11 25 22 5 21 20 17 3 2 14 
20 23 16 25 19 11 24 3 5 7 14 12 18 2 10 4 8 1 15 13 9 22 21 6 17 
3 20 19 9 14 11 18 25 8 7 5 15 4 21 24 10 16 13 17 6 1 12 23 22 2 
6 3 14 23 10 21 5 15 12 4 19 2 8 1 13 17 22 18 9 25 16 24 11 20 7 
3 12 16 11 23 24 25 15 14 22 13 6 2 5 9 20 17 21 18 10 19 7 8 4 1 
11 20 2 16 22 1 21 8 12 4 6 19 18 9 5 10 24 14 13 3 23 7 17 25 15 
12 18 22 8 11 5 16 1 17 14 9 7 10 23 13 6 15 21 4 20 19 2 25 24 3 
24 20 9 6 2 3 7 4 16 14 5 25 11 17 13 18 10 15 1 21 12 22 8 23 19 
12 23 2 20 17 7 15 13 22 16 1 10 9 3 11 8 14 18 21 5 25 6 4 19 24 
25 21 14 22 23 2 20 18 17 6 8 7 9 11 12 3 1 5 16 4 15 24 13 10 19 
23 22 5 13 2 19 9 14 12 15 20 8 4 24 7 25 3 11 17 16 10 21 18 1 6 
20 17 9 23 16 7 25 21 1 5 24 3 14 18 22 8 19 4 13 10 12 11 15 2 6 
1 19 8 15 20 6 12 13 25 16 21 23 9 7 14 24 4 10 11 17 5 22 18 2 3 
17 14 10 12 23 6 21 3 13 18 24 4 1 7 22 9 19 5 16 11 2 20 15 8 25 
13 23 15 2 16 3 4 17 10 21 14 8 1 25 5 11 19 7 18 20 6 9 24 22 12 
14 6 7 23 18 5 1 24 25 22 13 12 10 4 8 20 17 11 2 19 15 3 16 21 9 
14 6 13 9 7 18 11 10 1 25 8 20 3 4 2 5 22 16 12 17 19 21 15 24 23 
5 25 17 21 2 9 1 8 7 24 4 18 23 19 6 22 16 20 14 12 13 15 3 10 11 
5 15 18 11 13 14 17 4 1 10 23 20 19 3 25 21 16 7 2 6 12 22 24 8 9 
25 19 2 11 18 1 21 13 22 12 3 10 23 4 6 17 8 16 14 9 7 15 24 5 20 
10 5 15 7 6 24 13 3 25 22 14 1 20 12 19 18 11 8 23 9 21 4 16 17 2 
19 2 25 5 13 14 9 11 16 17 12 23 1 21 10 7 22 3 18 24 8 6 4 20 15 
24 15 19 6 11 17 14 7 9 10 23 4 8 3 21 16 13 5 12 20 25 18 1 22 2 
4 15 7 25 14 20 11 23 21 3 22 5 10 17 12 19 8 9 1 6 2 16 24 13 18 
24 17 16 25 21 15 5 6 9 10 2 22 4 14 3 18 20 19 13 12 1 8 11 7 23 
15 19 12 4 3 23 5 8 21 10 17 16 11 7 25 20 22 1 24 14 9 18 2 6 13 
3 6 22 14 7 13 20 18 8 25 19 2 11 4 24 10 9 1 5 16 15 21 12 17 23 
