4974025120,4983414427
30,30,30
5 13 74 37 16 8 16 3 6 45 74 19 16 38 37 45 28 23 51 78 19 84 18 24 81 23 38 81 55 43 
86 20 4 38 10 93 29 43 76 44 53 57 5 72 88 72 78 22 76 3 29 96 17 5 99 75 49 89 87 66 
78 42 16 67 32 54 96 35 64 39 88 47 2 2 40 62 42 99 54 4 1 41 45 31 59 15 12 57 35 95 
49 40 15 75 17 63 5 12 94 16 53 82 72 51 51 59 26 44 86 81 18 17 34 30 19 11 84 44 20 50 
40 9 68 34 35 65 81 72 80 55 35 90 75 45 64 73 6 15 26 49 73 41 65 22 95 29 6 16 73 91 
8 20 10 20 70 63 47 22 89 60 94 89 97 20 27 28 24 39 31 95 37 95 28 11 67 96 43 26 73 39 
34 77 70 78 38 94 7 3 14 95 97 67 88 97 71 75 65 93 62 57 32 11 18 46 59 56 82 3 21 22 
25 11 44 36 16 62 44 62 26 67 41 12 3 90 27 25 22 3 49 41 2 30 42 95 40 40 16 36 29 7 
35 92 49 81 68 78 1 58 72 14 29 98 30 62 47 64 50 58 91 27 13 63 58 99 95 70 47 94 62 39 
79 18 36 30 35 85 67 38 30 43 58 89 92 9 51 97 88 41 56 63 13 44 63 83 72 43 78 56 46 97 
76 62 46 18 37 23 15 76 95 38 22 44 95 62 92 13 26 70 69 86 38 2 76 95 86 70 34 41 17 27 
34 15 51 97 79 62 39 38 11 66 21 70 2 4 32 44 66 61 11 33 35 59 61 75 64 94 66 61 65 39 
49 23 38 63 96 68 49 61 59 98 97 74 26 8 3 93 48 73 7 37 58 85 4 44 66 39 23 15 17 6 
10 11 62 44 58 61 97 80 59 68 19 28 64 75 27 59 23 43 14 38 52 90 93 87 29 95 31 32 38 6 
5 42 71 60 82 25 87 45 40 95 51 56 67 26 48 37 18 96 67 13 25 32 68 69 39 46 16 60 87 42 
72 10 92 57 65 76 66 99 56 45 89 35 66 21 21 74 74 71 9 70 66 11 95 61 99 91 78 86 94 15 
72 93 83 74 11 66 9 86 50 46 40 66 44 14 81 1 2 9 2 79 43 18 49 99 46 72 33 50 37 93 
32 7 77 42 30 27 46 3 4 67 4 84 2 9 46 3 4 98 43 52 43 33 63 63 78 86 62 11 20 7 
81 31 31 76 80 30 92 41 13 7 9 24 11 47 34 33 73 57 49 59 91 31 9 73 54 41 73 76 28 27 
36 57 48 38 51 52 56 18 16 89 38 39 7 51 38 85 6 66 47 71 33 73 37 81 34 52 83 33 98 50 
21 35 39 40 56 15 84 47 64 86 74 61 92 98 4 38 10 2 84 10 35 73 80 61 93 51 8 76 91 56 
54 62 32 10 77 18 63 9 13 42 4 21 93 20 8 4 91 87 13 23 64 85 76 93 27 5 71 59 2 48 
8 6 98 7 65 56 74 99 17 82 23 5 86 66 98 29 9 81 21 90 10 75 36 56 24 41 28 22 74 13 
59 78 63 11 15 10 70 90 32 1 70 10 52 56 81 13 57 89 35 31 77 15 2 41 91 43 10 47 12 83 
67 38 15 3 54 47 87 16 24 59 44 80 36 2 17 64 72 83 22 77 99 2 59 66 88 4 62 43 38 79 
3 95 8 10 48 49 58 1 45 88 97 66 52 17 58 51 90 13 97 50 93 89 24 92 75 94 39 53 58 49 
90 79 31 12 29 20 3 12 22 51 26 89 71 15 38 28 33 24 86 74 23 57 78 30 77 44 46 42 68 81 
86 7 95 80 25 28 88 80 98 16 21 15 94 17 42 34 95 39 33 3 82 28 53 82 84 35 72 50 4 91 
56 67 2 53 73 91 48 51 12 66 30 84 30 58 8 62 54 86 63 87 48 24 2 99 2 11 82 54 64 1 
75 92 64 24 69 87 64 13 43 26 47 31 83 90 69 72 65 45 49 27 16 9 16 87 23 86 54 94 73 16 
MACHINES
17 15 14 16 5 7 26 6 21 28 11 19 20 1 25 8 4 2 22 18 23 12 10 3 13 24 30 27 9 29 
4 25 11 17 12 6 20 3 7 9 22 1 2 8 30 13 23 14 10 5 26 28 19 21 29 18 24 16 15 27 
5 4 14 16 21 25 18 15 12 24 2 29 9 22 3 7 27 19 23 1 11 6 28 10 13 8 17 26 20 30 
6 21 9 14 12 7 11 16 17 22 10 5 23 30 1 3 24 25 2 4 28 19 18 15 27 29 26 8 20 13 
6 21 17 22 20 5 10 1 2 3 25 11 26 12 30 23 18 24 28 8 29 27 9 19 7 4 16 14 13 15 
30 27 7 18 4 14 9 28 13 24 22 20 25 12 1 15 5 11 19 29 16 26 6 10 3 23 2 21 17 8 
26 20 2 1 18 25 23 17 12 24 16 10 4 8 13 27 6 5 7 15 21 9 19 30 11 22 29 28 14 3 
20 15 13 3 6 5 18 11 30 14 2 8 24 4 16 28 23 17 27 7 29 12 21 26 25 10 19 1 9 22 
17 20 4 6 19 14 7 30 26 1 16 9 27 15 11 22 25 2 18 3 29 24 21 13 23 28 10 5 8 12 
11 22 13 15 12 23 30 4 17 14 19 1 3 5 10 16 25 18 20 26 24 7 29 8 21 2 9 6 28 27 
8 29 20 12 22 3 2 16 6 7 5 21 18 17 30 26 11 9 1 27 15 4 28 24 25 10 19 13 23 14 
7 30 18 16 6 11 12 10 28 3 22 24 1 21 2 8 29 23 27 25 4 17 14 9 26 13 19 15 20 5 
21 23 3 16 24 22 10 8 4 13 25 7 30 1 17 28 15 14 2 11 26 9 18 6 20 12 29 19 27 5 
23 12 29 13 5 19 30 20 24 2 21 8 1 7 15 28 25 10 22 14 16 17 18 6 3 11 4 26 27 9 
23 2 12 5 8 4 7 29 15 25 9 16 10 6 13 21 28 22 19 30 11 20 1 26 17 14 27 24 3 18 
4 8 18 7 16 10 5 13 24 23 21 29 22 12 30 28 11 9 1 14 15 25 17 2 27 19 20 26 6 3 
14 19 30 3 2 28 12 13 25 5 17 16 21 6 10 20 1 9 26 22 29 24 23 8 18 15 11 7 4 27 
6 8 24 11 7 22 2 1 12 21 29 3 20 14 15 17 28 13 19 10 4 23 9 26 5 30 25 27 16 18 
25 18 16 22 30 13 15 26 2 8 14 10 3 5 6 7 12 20 4 21 27 11 28 9 1 23 17 24 19 29 
25 17 11 24 26 4 30 15 10 28 29 9 18 6 21 19 7 27 14 1 5 3 13 20 22 16 12 8 2 23 
10 5 23 16 22 26 12 17 21 18 15 27 20 11 29 4 8 7 3 6 2 9 1 28 13 25 24 14 19 30 
3 30 27 14 22 21 1 23 16 9 8 11 24 26 29 13 15 25 20 5 18 10 19 7 6 28 12 2 4 17 
6 9 19 3 23 2 11 1 17 28 8 21 7 5 25 29 15 18 27 12 22 26 4 30 20 24 14 13 16 10 
2 11 27 6 20 7 22 15 14 21 16 4 25 30 18 28 3 10 9 12 17 5 23 19 26 29 8 13 24 1 
6 29 14 11 19 16 28 22 24 27 18 21 8 15 12 4 25 23 30 20 10 13 17 7 26 2 3 1 5 9 
24 4 23 8 18 30 17 2 27 19 11 29 14 10 6 16 13 26 1 28 7 5 9 3 12 25 20 15 21 22 
14 3 2 4 13 6 24 12 23 21 26 27 20 30 17 5 8 29 18 16 10 1 11 28 25 15 9 19 7 22 
14 30 6 21 10 15 4 17 23 3 25 13 8 28 20 7 26 5 9 27 12 22 16 24 2 1 18 19 29 11 
14 19 3 20 24 13 28 30 29 25 22 5 7 21 15 26 18 1 11 6 9 27 17 16 8 10 12 4 23 2 
6 19 21 15 26 9 17 3 28 16 25 23 10 13 8 27 12 18 22 30 24 14 1 11 5 20 2 7 4 29 
