3799499350,1272332268
30,30,30
74 32 30 57 49 14 25 87 68 18 4 71 45 79 37 35 1 72 51 66 74 72 80 57 90 66 4 39 19 33 
86 50 67 38 65 37 90 13 41 51 60 9 71 14 86 31 43 42 52 53 15 7 48 61 93 94 35 95 5 23 
72 92 6 59 9 94 49 92 68 13 52 43 38 50 88 82 79 59 32 79 13 66 35 78 33 69 5 22 94 88 
56 10 63 68 11 7 39 44 80 35 84 70 3 99 8 98 50 28 52 42 48 66 44 85 2 93 32 40 18 91 
40 82 9 31 4 46 8 36 94 71 86 78 31 45 1 54 28 70 1 57 17 3 87 9 31 39 45 60 64 50 
94 21 30 51 64 98 45 2 2 22 45 54 51 31 88 95 83 89 81 12 77 69 64 54 98 13 32 1 40 44 
76 16 12 78 25 78 36 71 41 47 30 15 88 80 52 91 85 18 14 63 78 1 59 76 83 87 36 52 25 1 
36 27 46 22 9 86 65 39 32 46 91 20 24 21 28 85 35 35 92 27 13 20 7 71 7 9 63 7 67 95 
79 45 78 61 1 76 43 87 25 58 75 98 64 47 60 93 46 38 52 73 74 5 38 23 94 31 98 85 30 15 
26 51 87 28 27 74 84 1 97 72 65 51 15 64 36 79 80 2 44 52 98 58 58 18 8 56 10 46 51 39 
1 29 89 71 28 72 35 45 56 18 13 88 87 66 60 78 30 50 34 26 91 7 56 25 86 47 1 36 34 56 
78 18 13 16 59 12 61 33 15 24 29 79 11 80 28 8 18 93 72 57 3 7 78 99 96 34 72 32 72 69 
94 11 22 27 78 1 44 33 53 14 79 85 68 34 72 51 71 77 47 50 19 57 76 90 53 5 15 16 32 56 
42 72 55 8 8 42 81 82 16 85 68 20 29 13 87 35 97 96 54 84 49 36 18 36 59 12 39 40 99 85 
72 77 17 14 45 24 54 20 41 36 52 10 16 42 58 1 38 30 69 85 47 65 34 54 55 40 61 70 97 46 
40 19 62 50 49 59 50 55 94 99 33 1 36 46 81 9 67 48 75 98 21 44 82 18 12 83 91 35 97 75 
58 13 32 72 57 63 75 67 91 44 46 39 31 32 86 12 9 58 80 69 51 71 82 2 51 71 86 85 26 67 
86 35 91 16 81 68 3 51 85 51 63 57 20 25 68 20 81 34 99 37 32 74 13 53 10 41 32 99 18 84 
71 77 5 75 52 45 47 48 20 81 17 61 49 43 90 27 71 60 24 57 68 61 12 98 76 66 7 24 34 71 
64 84 46 50 9 26 30 17 64 2 88 50 13 49 30 25 39 47 80 99 35 36 41 3 46 99 12 26 19 84 
52 85 48 8 69 48 25 22 66 5 63 91 16 97 18 41 31 60 56 60 73 73 59 33 22 72 69 26 37 91 
87 44 53 41 4 20 11 36 25 22 17 58 34 85 94 33 20 33 12 33 10 93 79 68 25 27 45 57 46 8 
88 40 8 30 15 98 4 7 37 22 30 81 9 89 62 24 8 72 30 64 62 83 20 4 99 83 17 60 29 11 
39 96 14 60 15 37 15 19 36 70 71 35 28 64 42 68 95 62 82 61 11 41 97 67 75 74 10 56 90 8 
43 72 84 38 19 92 7 40 51 19 11 22 30 50 42 61 93 6 87 15 35 13 54 80 85 95 36 56 90 91 
38 96 74 9 67 86 25 33 32 69 9 11 12 88 96 77 93 7 38 95 87 76 48 48 20 11 12 10 65 36 
44 70 93 76 57 6 71 86 13 44 1 44 82 47 24 32 60 15 49 89 50 95 10 4 18 48 91 62 86 36 
76 89 14 8 80 43 96 73 52 91 92 4 7 80 96 47 73 9 37 29 79 30 25 79 43 24 16 57 47 98 
27 75 83 79 52 58 65 75 34 90 10 60 97 67 29 84 16 35 79 92 72 92 57 42 64 54 90 33 20 16 
28 1 35 47 71 67 84 67 9 40 5 51 11 71 72 76 9 65 43 76 69 52 31 94 30 48 96 96 91 3 
MACHINES
9 17 18 7 11 1 24 19 3 22 13 12 20 10 4 5 15 2 28 16 26 23 8 30 27 6 29 14 21 25 
23 12 26 30 5 3 18 24 2 29 16 27 13 19 14 11 10 4 8 21 15 9 20 1 22 17 6 28 25 7 
10 20 1 19 12 18 11 3 23 16 14 25 7 28 15 8 30 5 21 13 9 22 2 26 29 24 6 27 17 4 
1 6 23 5 20 24 27 22 7 28 29 4 9 16 15 18 19 21 17 3 25 10 30 13 26 8 2 11 12 14 
30 1 27 20 16 23 5 26 2 24 7 21 15 19 9 12 18 4 14 25 6 22 10 11 8 29 28 3 13 17 
1 19 21 7 16 26 11 23 15 27 22 13 6 8 18 20 25 5 9 29 3 12 14 30 10 28 4 17 24 2 
20 4 21 14 27 22 28 13 12 10 30 26 7 11 17 23 6 3 16 19 9 18 29 5 8 1 2 15 25 24 
6 14 7 8 5 24 27 12 4 29 11 23 21 3 1 17 13 30 28 15 9 19 22 20 16 25 18 2 26 10 
19 17 2 4 21 7 5 15 14 6 10 25 23 29 12 20 30 1 22 28 8 9 18 16 11 13 24 27 26 3 
24 13 15 11 29 4 20 1 8 21 6 19 9 27 16 14 22 12 26 2 7 28 3 5 25 23 10 17 30 18 
14 20 4 17 29 8 28 9 25 12 16 27 19 1 2 22 3 21 15 11 24 7 10 30 23 6 18 26 5 13 
3 10 28 9 18 17 20 2 23 15 22 29 5 8 14 13 6 1 11 30 27 12 21 24 19 7 4 16 25 26 
21 14 16 12 13 24 30 8 6 2 15 7 10 22 5 20 17 19 27 28 4 3 26 1 25 18 29 23 9 11 
19 6 15 25 7 28 24 9 8 30 13 23 22 10 11 12 3 21 29 2 27 1 20 17 16 18 14 26 5 4 
18 9 2 25 1 20 28 26 27 13 24 8 22 23 14 10 19 3 21 11 12 5 15 16 6 7 17 30 29 4 
15 27 29 25 7 28 8 4 14 21 2 30 3 18 9 1 13 22 11 10 17 24 12 16 19 26 6 20 5 23 
14 29 25 3 7 24 5 23 18 20 30 21 27 19 9 4 12 15 11 10 1 6 17 2 16 22 13 26 8 28 
22 17 12 30 3 21 5 26 27 18 25 19 10 6 23 28 15 4 8 2 29 20 13 9 1 16 11 24 14 7 
28 15 4 8 16 11 20 2 17 10 18 3 13 7 29 6 12 25 22 5 26 1 30 19 24 27 23 9 21 14 
30 12 15 27 28 4 21 25 5 22 29 16 8 3 19 2 10 1 26 7 20 6 18 9 23 17 24 11 14 13 
15 11 12 14 7 13 5 6 24 3 30 8 27 19 29 17 23 1 28 25 10 21 26 2 18 9 20 22 4 16 
26 20 25 23 27 16 2 1 15 6 12 10 13 22 8 24 17 7 5 28 18 19 14 29 30 3 9 11 4 21 
26 23 14 13 15 6 1 16 9 18 30 7 24 21 12 19 29 8 28 22 20 5 27 11 4 2 17 25 10 3 
6 4 7 9 23 16 2 14 5 8 29 21 30 22 28 12 20 11 27 18 3 15 1 13 10 26 25 24 17 19 
4 19 14 5 12 24 13 7 10 15 1 3 22 20 23 30 2 16 9 26 27 18 6 29 8 28 11 21 25 17 
8 25 26 30 10 6 29 16 1 18 19 20 13 27 4 9 17 11 5 7 15 14 2 22 12 24 28 23 21 3 
15 27 17 29 20 4 5 22 2 10 6 3 25 1 24 21 8 18 16 13 11 12 30 14 7 26 19 23 28 9 
14 6 1 10 28 20 22 13 5 9 29 17 2 30 11 19 12 21 26 7 3 18 24 16 25 8 23 15 27 4 
13 3 1 25 8 14 21 23 16 22 27 30 10 11 15 12 18 2 19 26 4 5 24 9 17 28 20 7 29 6 
9 14 22 5 12 24 7 25 13 28 26 1 19 15 27 29 2 21 18 20 30 4 8 16 11 17 6 3 10 23 
