2580141209,4639305734
30,30,30
92 77 90 93 41 64 76 58 68 67 10 27 97 61 2 24 92 43 6 79 17 41 40 12 6 27 2 37 58 43 
67 95 41 60 85 38 55 73 32 94 49 77 6 98 66 54 48 51 53 62 9 70 56 54 52 64 70 37 36 7 
56 52 35 27 69 11 43 48 32 51 91 98 86 42 14 82 37 82 8 11 77 86 50 42 88 43 74 90 89 87 
65 46 92 92 87 68 68 83 39 91 75 72 94 38 11 78 29 22 56 56 72 8 16 78 22 59 48 73 33 88 
58 45 91 98 5 29 95 26 5 65 89 71 89 35 21 73 53 21 81 48 21 86 78 79 18 61 86 47 51 83 
35 46 15 41 68 66 11 41 72 61 42 83 86 18 69 3 87 64 78 57 27 50 94 37 16 26 80 12 41 93 
73 69 15 59 6 81 69 6 87 96 5 76 27 63 74 8 73 87 22 66 81 98 45 71 62 5 39 42 42 2 
9 23 50 84 45 15 27 2 14 55 70 20 51 50 95 73 74 88 30 65 48 71 46 79 68 73 49 95 43 76 
14 28 26 11 82 81 4 87 26 39 1 47 80 82 78 70 26 82 61 61 26 40 44 98 39 96 19 84 55 18 
81 41 53 29 55 52 13 3 58 45 2 88 93 78 62 30 50 36 91 19 8 35 60 78 71 16 36 99 52 48 
73 21 41 89 72 36 74 2 41 9 77 35 71 16 89 42 73 48 84 7 86 68 51 84 2 4 33 1 16 63 
34 26 56 54 26 83 56 6 11 27 80 55 68 31 78 28 75 14 79 84 96 2 76 82 83 25 88 83 47 44 
79 54 62 55 11 72 5 6 40 89 42 16 91 87 30 28 23 55 78 75 66 3 51 8 26 36 88 41 28 40 
58 70 55 71 35 24 26 20 11 2 78 40 58 43 4 56 10 29 46 38 5 2 48 3 52 55 23 39 96 99 
42 27 15 20 24 93 14 71 1 13 50 51 22 83 83 8 92 15 38 57 63 43 61 68 77 53 35 20 16 46 
81 89 67 87 5 6 61 86 63 17 62 72 80 38 69 60 85 57 96 50 65 96 83 58 50 27 21 64 16 5 
52 15 23 81 66 79 89 15 40 56 81 49 62 40 25 18 11 24 57 86 91 66 94 95 95 4 2 68 10 98 
52 53 39 89 89 98 89 93 63 89 90 85 93 25 61 13 61 32 74 74 98 61 47 36 23 29 96 50 86 35 
25 11 94 40 19 42 6 96 46 38 96 57 76 21 85 97 16 54 4 53 80 87 98 36 94 24 56 16 38 30 
63 68 12 24 15 82 3 53 38 35 72 33 22 96 50 97 75 78 93 35 1 95 51 14 90 64 97 93 73 11 
55 29 4 14 8 26 12 62 68 83 82 98 44 90 70 44 29 46 82 98 29 16 87 43 96 21 74 19 33 16 
89 19 80 82 83 38 24 44 25 83 66 88 85 41 1 15 44 23 77 32 30 86 28 4 45 71 65 4 11 60 
58 5 35 12 39 13 95 49 8 81 60 48 3 52 80 87 66 52 78 96 51 15 32 12 62 98 2 83 50 58 
17 70 13 33 39 96 18 24 58 26 43 8 5 48 54 26 10 50 50 65 78 83 81 12 32 42 97 81 39 33 
94 2 73 78 22 57 72 19 95 19 49 31 47 1 10 2 39 95 14 8 71 62 57 34 22 41 31 35 43 15 
20 71 80 49 74 32 97 67 22 29 76 66 44 50 97 96 26 65 77 62 64 48 13 77 97 72 91 73 72 84 
87 88 98 59 59 41 26 26 97 25 29 72 72 7 94 20 60 58 83 33 30 91 40 37 22 11 27 97 42 73 
18 86 39 16 10 25 43 20 89 80 83 26 64 82 69 52 56 3 33 55 87 73 53 26 29 27 18 72 37 93 
93 62 12 4 35 57 94 60 68 52 12 10 46 28 22 77 21 10 30 82 30 61 5 50 22 92 66 54 35 59 
45 10 81 14 65 72 95 55 34 85 81 99 46 68 19 51 66 36 31 9 17 38 27 29 93 10 45 89 99 58 
MACHINES
5 23 17 28 6 24 29 15 27 22 4 8 26 14 25 19 20 1 9 12 7 3 10 13 30 16 11 2 18 21 
5 19 13 25 21 7 16 24 10 22 30 2 15 29 17 14 12 9 23 28 6 20 1 26 4 27 11 3 8 18 
12 19 10 18 24 11 22 3 25 6 29 16 1 23 28 20 26 21 13 5 30 15 4 9 17 27 7 14 8 2 
18 20 15 21 17 13 19 23 1 8 6 28 2 24 10 27 25 12 22 11 3 7 9 14 5 30 26 16 29 4 
7 18 4 10 16 2 30 28 8 25 19 6 11 26 5 17 27 24 9 23 14 15 21 13 3 20 29 1 22 12 
7 15 10 27 19 1 24 9 11 20 29 5 22 18 4 2 8 6 13 26 12 21 23 14 17 28 30 16 3 25 
10 17 26 20 2 8 28 29 25 27 13 4 14 30 6 1 3 22 23 7 18 12 9 11 5 19 16 15 21 24 
11 28 18 10 19 26 5 25 30 2 1 29 23 16 12 20 24 21 13 8 6 22 14 9 17 3 7 15 27 4 
29 27 22 18 7 16 23 3 5 21 9 30 28 11 17 24 25 2 26 20 8 10 13 12 19 1 15 6 4 14 
22 11 28 29 6 21 16 19 25 20 4 13 3 7 5 18 12 9 30 10 24 27 23 17 1 26 8 14 15 2 
18 13 21 6 17 5 16 19 24 11 1 15 20 26 28 7 9 30 3 22 14 2 4 27 23 10 25 29 8 12 
13 27 10 3 28 19 15 5 22 14 7 25 8 18 1 17 6 23 26 11 24 29 21 9 20 12 16 30 2 4 
11 20 15 10 9 3 18 16 12 19 6 14 1 28 30 4 26 7 24 21 17 13 8 22 23 2 29 27 25 5 
8 13 5 9 16 2 29 20 12 3 19 10 6 22 17 18 25 21 23 27 30 14 15 1 11 4 24 28 7 26 
4 3 14 24 20 5 21 27 17 26 11 8 25 29 23 13 7 22 10 6 12 16 30 15 9 2 18 28 19 1 
5 23 22 30 2 4 20 28 14 11 12 27 9 29 24 1 26 16 18 15 6 7 17 8 10 3 19 21 13 25 
26 8 2 15 3 19 11 7 30 1 25 18 20 24 28 21 14 6 17 29 10 12 22 9 23 27 16 13 5 4 
17 15 25 11 9 4 13 30 8 18 3 12 24 21 20 16 5 23 19 28 22 10 7 1 27 14 26 29 6 2 
2 21 8 4 26 29 16 20 11 25 13 18 1 19 22 6 15 5 10 23 9 3 24 17 27 30 28 12 14 7 
17 28 13 11 1 29 15 27 14 19 3 18 6 10 24 20 26 30 4 9 12 21 5 23 22 2 8 7 25 16 
25 4 30 28 14 5 24 2 12 7 10 20 22 8 1 15 3 13 6 19 26 17 27 18 21 9 23 11 16 29 
13 26 17 5 4 29 21 1 27 19 3 8 24 12 18 6 30 22 15 25 10 14 28 16 7 9 20 2 23 11 
18 6 26 14 4 28 22 23 15 16 7 1 20 17 30 9 8 13 21 29 11 27 24 25 19 3 10 2 5 12 
6 23 1 3 21 9 26 29 12 4 8 14 18 2 20 30 13 24 7 22 17 27 11 5 16 10 25 28 15 19 
20 22 27 3 24 8 16 26 19 29 28 18 1 13 7 21 12 23 15 9 6 14 4 25 2 11 5 30 10 17 
16 8 22 7 28 25 12 26 11 27 9 2 14 18 29 1 24 6 30 5 23 4 17 20 15 19 13 10 3 21 
22 26 11 10 3 14 18 6 30 7 1 20 5 17 2 8 24 27 29 23 28 16 13 21 15 4 19 12 25 9 
25 11 5 3 29 9 19 22 1 15 18 4 16 24 17 10 27 14 8 23 6 2 26 20 30 28 21 12 7 13 
6 28 25 13 24 12 7 2 3 8 18 23 22 16 19 10 27 11 5 26 20 9 15 17 1 29 14 21 4 30 
9 5 2 24 28 30 19 15 17 22 25 3 8 16 10 23 7 11 18 4 1 26 27 12 20 6 13 21 29 14 
