1539036800,6403827736
30,30,30
72 5 74 93 77 46 15 87 66 67 64 98 9 29 31 84 75 38 72 56 62 74 38 52 72 80 17 86 56 92 
94 86 23 36 48 20 90 73 89 62 48 87 20 15 53 24 79 21 5 81 7 11 31 75 6 27 38 23 11 56 
16 81 65 31 45 23 14 80 9 35 24 7 82 60 81 69 34 3 54 89 71 40 52 77 4 51 66 67 45 24 
41 13 12 58 92 77 92 7 78 61 41 55 70 53 81 6 12 7 23 18 52 54 34 65 72 43 23 63 40 13 
57 68 79 36 51 35 34 80 23 39 82 70 18 51 61 82 65 57 68 96 19 4 68 84 66 20 89 45 12 42 
76 36 34 74 40 37 31 24 58 5 96 80 2 66 55 60 98 56 85 51 46 40 99 8 36 79 57 17 62 43 
31 84 38 64 82 53 67 69 90 9 48 51 56 25 31 40 93 48 96 76 95 65 99 56 9 97 42 43 20 2 
99 54 65 74 45 40 66 54 83 18 52 82 6 68 46 13 59 3 10 15 17 9 4 3 64 36 7 75 30 27 
71 45 17 88 38 94 65 69 31 48 55 21 54 58 58 29 36 98 33 51 91 88 19 55 92 90 51 19 20 37 
93 83 4 83 62 54 12 59 85 39 53 6 60 22 79 5 95 61 40 27 94 31 70 29 48 71 66 22 19 59 
15 8 99 86 72 22 23 58 94 18 68 83 54 66 50 83 59 47 26 61 65 42 48 79 10 89 9 59 41 40 
12 65 52 10 59 34 34 7 64 67 99 76 14 80 72 4 27 8 72 55 38 8 32 56 10 98 11 94 10 51 
42 12 28 67 12 39 5 51 15 32 68 61 75 72 85 12 68 65 81 97 42 49 65 60 15 84 94 78 95 21 
16 23 64 60 8 59 77 25 81 32 11 78 13 16 60 46 69 93 92 51 75 21 46 1 30 93 90 55 6 16 
62 90 37 10 56 83 60 1 11 27 21 80 81 2 21 28 93 28 32 89 60 58 22 64 89 15 50 30 14 16 
73 97 14 84 41 57 30 76 3 52 2 34 25 34 5 32 13 62 61 10 32 75 24 15 54 85 99 29 55 65 
36 7 5 45 47 37 57 64 98 11 75 26 43 82 31 99 82 76 76 79 3 32 35 36 19 74 86 66 49 90 
1 91 71 4 58 13 38 83 57 52 40 78 78 48 8 54 52 66 33 71 53 73 67 11 38 6 82 43 69 21 
6 43 95 90 26 99 53 71 66 32 37 79 8 88 50 88 34 71 65 20 47 36 48 44 27 38 30 82 47 90 
57 49 70 60 22 30 84 4 31 14 21 99 96 61 24 75 77 48 35 66 59 7 52 78 91 74 65 94 51 57 
22 90 6 62 26 44 20 37 41 13 47 39 79 59 89 87 21 60 54 42 12 86 70 75 70 46 99 64 96 72 
20 67 95 95 16 27 92 19 95 82 11 55 91 56 53 28 33 28 34 94 32 86 84 12 6 45 52 60 19 6 
29 98 91 41 43 3 74 98 98 11 35 13 4 17 18 85 22 80 17 3 12 12 38 79 98 92 51 5 13 70 
16 82 30 11 31 62 85 49 95 98 89 93 51 76 45 20 5 19 40 62 19 80 89 46 44 87 54 94 31 40 
43 69 65 9 86 34 20 42 42 60 18 56 94 26 22 47 44 54 70 8 28 27 94 58 63 25 59 48 5 49 
75 30 58 57 76 53 6 54 28 86 58 86 63 17 89 60 40 38 53 40 84 69 77 35 64 57 10 10 16 52 
66 61 52 99 79 59 95 70 91 19 11 23 62 59 88 46 84 72 25 51 40 52 49 60 23 73 45 26 22 98 
47 54 32 79 34 2 61 78 43 76 35 11 13 35 42 73 23 2 10 34 59 13 8 80 51 39 25 33 84 87 
93 46 35 24 56 42 32 44 52 5 85 96 97 36 71 29 54 31 71 48 72 60 26 7 32 50 79 65 24 17 
54 4 79 56 26 35 57 15 63 70 1 58 30 91 70 15 59 79 10 57 53 83 56 48 87 20 14 31 74 76 
MACHINES
3 17 6 13 10 2 21 19 24 7 4 14 16 20 26 23 22 29 5 11 1 27 28 8 9 18 25 12 30 15 
28 29 17 11 9 6 8 26 20 24 30 18 25 23 21 7 15 19 13 22 5 2 27 3 12 4 1 16 10 14 
11 15 19 27 26 3 24 12 18 25 29 16 17 10 7 6 13 9 21 30 28 5 2 8 22 4 1 20 23 14 
15 22 5 10 17 9 3 24 27 28 14 21 1 6 8 11 2 7 18 23 29 30 13 19 12 25 26 16 20 4 
17 9 10 2 20 25 16 14 23 8 7 5 13 22 30 1 4 3 6 21 29 15 26 24 19 11 27 18 28 12 
28 29 15 27 18 4 5 16 30 25 23 11 9 10 20 12 6 1 19 22 17 3 26 21 13 14 24 8 7 2 
6 5 20 22 15 14 23 25 29 12 10 11 9 4 2 27 7 18 16 1 28 19 17 13 3 21 8 24 30 26 
27 5 7 25 17 26 24 2 3 11 18 20 8 23 21 15 30 6 14 9 22 1 28 29 10 19 16 12 4 13 
8 26 23 10 19 13 1 24 12 18 16 11 9 7 28 17 20 27 21 3 2 5 15 25 29 4 30 6 14 22 
30 24 1 5 29 14 12 8 4 7 25 21 9 3 15 6 19 27 16 2 22 10 17 11 28 23 13 20 26 18 
10 23 13 17 25 5 19 27 18 1 2 15 12 24 21 29 11 3 20 28 4 16 6 8 9 30 26 22 14 7 
9 25 8 10 4 26 15 23 14 19 12 5 6 21 1 2 11 29 17 22 30 24 28 18 13 27 16 20 7 3 
8 18 21 7 12 14 17 25 22 28 26 19 30 2 10 20 4 5 29 16 27 24 1 13 15 6 11 3 9 23 
15 8 11 20 23 18 17 26 25 6 2 24 7 28 29 22 16 1 10 12 19 3 27 13 14 4 21 9 5 30 
30 19 23 4 1 16 26 25 20 5 22 3 21 15 24 13 9 28 27 6 8 12 2 17 10 7 29 18 11 14 
14 11 19 28 21 7 27 18 13 4 20 2 30 10 16 29 23 8 15 6 25 24 26 17 5 12 9 22 3 1 
18 22 3 24 14 4 27 1 2 11 12 28 9 8 7 29 26 15 5 25 13 16 17 10 20 21 23 6 19 30 
15 8 24 2 5 17 29 14 10 30 22 26 28 4 16 1 25 23 3 18 21 27 6 12 20 11 19 13 9 7 
17 26 2 27 1 3 24 16 22 12 28 14 19 8 30 20 7 15 6 23 29 5 21 13 18 11 10 4 9 25 
20 22 6 13 10 19 3 4 12 1 18 16 23 21 14 28 7 9 5 24 11 2 17 25 26 29 27 30 15 8 
3 19 11 12 17 22 8 13 18 23 21 9 25 1 4 6 26 14 2 27 29 28 20 24 7 30 10 15 16 5 
11 12 16 1 26 20 13 4 9 25 22 8 30 18 15 24 5 27 17 7 29 6 10 14 3 28 21 2 23 19 
6 14 15 10 20 27 26 29 4 2 19 9 22 1 21 11 17 16 8 7 25 12 3 18 13 24 23 28 30 5 
8 20 3 22 28 19 10 11 29 24 17 12 1 23 9 21 15 18 2 27 13 7 25 14 16 4 26 6 5 30 
5 28 27 13 29 23 10 12 18 22 11 21 3 20 25 1 15 30 8 17 2 14 4 16 9 7 24 19 26 6 
2 30 29 21 22 10 4 14 24 19 7 3 9 1 20 6 16 28 13 11 8 25 12 18 23 26 15 27 17 5 
30 29 15 23 3 4 9 22 6 24 5 8 13 21 25 20 7 1 27 17 18 2 12 14 28 19 10 11 26 16 
29 10 1 24 15 6 25 22 26 23 28 8 5 21 13 9 3 18 19 7 2 17 14 16 27 30 20 12 11 4 
7 2 13 16 19 30 17 4 14 1 3 10 11 23 21 28 18 15 27 25 6 8 5 9 22 12 29 20 24 26 
10 19 28 30 3 2 29 26 22 27 1 20 18 12 21 5 25 8 9 7 4 16 6 15 13 11 17 23 24 14 
