5274366101,3401896308
30,30,30
50 84 88 45 97 57 21 94 6 81 52 45 2 17 87 6 81 25 73 4 15 61 83 25 77 5 34 57 20 45 
34 17 17 94 56 4 40 49 93 12 85 10 34 64 5 84 51 36 9 65 95 58 7 8 69 35 5 8 19 28 
84 93 96 67 19 88 52 11 79 68 16 11 41 7 78 17 83 28 2 1 43 40 38 35 95 6 9 29 54 2 
98 27 34 65 2 97 93 50 13 9 76 35 20 62 50 44 22 98 40 58 12 44 82 25 28 1 11 86 44 63 
33 13 42 85 47 32 7 3 35 1 78 39 12 7 14 87 37 27 48 7 79 33 63 31 41 88 88 25 52 76 
24 99 78 1 95 1 36 90 57 74 54 87 59 19 78 22 80 81 8 77 85 94 42 23 82 31 81 23 39 84 
45 88 4 68 4 34 21 73 7 53 58 70 5 33 47 54 4 34 45 57 59 82 18 79 92 22 28 47 90 31 
82 7 62 57 53 47 8 36 92 9 50 22 92 62 66 59 89 18 28 10 99 24 18 4 98 90 22 54 92 73 
41 18 1 11 7 18 64 96 24 25 82 65 44 30 66 11 4 9 30 20 99 23 98 39 23 43 1 13 67 53 
21 38 83 90 18 50 63 64 8 14 77 18 36 55 17 35 93 55 51 83 99 83 79 93 35 69 56 39 15 69 
44 99 12 73 78 70 19 12 43 45 48 53 25 41 48 79 46 30 92 86 95 67 75 93 74 23 64 82 7 44 
29 81 12 9 30 10 94 39 68 75 30 92 30 27 21 77 92 30 29 15 17 47 4 52 79 94 73 79 39 92 
21 78 57 33 53 59 50 38 52 22 45 34 94 11 41 22 58 36 95 6 91 57 18 75 40 41 87 98 89 35 
35 85 94 48 27 85 27 61 44 69 6 79 61 24 27 99 23 54 89 37 57 81 48 79 47 90 27 75 38 37 
12 18 65 81 71 63 36 97 59 58 99 5 88 11 51 75 13 63 81 77 44 66 32 79 91 2 4 41 16 49 
69 59 30 79 16 59 51 3 25 88 50 75 40 48 84 62 44 11 43 82 88 33 89 62 84 15 15 86 17 84 
42 69 53 8 10 19 76 51 98 80 40 89 14 43 70 67 52 37 21 37 96 52 75 21 31 47 53 68 23 12 
12 29 30 41 27 93 10 50 55 13 92 5 38 61 87 91 44 29 3 23 76 38 31 61 88 60 3 65 92 49 
85 81 9 5 78 24 81 73 45 67 76 7 12 47 18 98 96 19 27 73 36 86 12 82 97 89 7 99 49 99 
77 60 42 61 2 12 51 94 66 53 16 86 71 50 58 50 76 50 29 90 50 23 81 87 63 74 98 28 76 26 
70 87 94 44 62 93 17 53 54 50 8 52 56 79 63 88 19 65 34 11 32 2 18 45 47 2 69 20 47 8 
63 71 89 94 71 22 31 35 74 41 47 41 21 23 9 51 15 56 90 92 7 29 11 2 33 34 27 9 87 79 
78 29 66 64 23 52 87 46 63 63 87 18 91 32 88 39 60 88 56 26 13 96 50 83 41 37 97 52 44 71 
53 48 76 9 62 8 39 5 49 13 75 20 77 93 15 29 71 87 66 69 92 30 6 8 50 97 81 12 93 92 
3 26 55 39 52 4 87 44 30 28 31 33 18 76 15 94 53 84 82 91 22 42 58 74 19 54 84 65 38 46 
56 73 24 18 36 71 86 10 37 62 18 98 81 44 61 50 63 97 48 30 85 16 36 15 62 24 70 25 68 2 
76 38 75 52 5 89 59 67 87 19 54 10 70 63 83 87 73 61 19 56 88 66 47 92 13 57 65 47 60 72 
60 66 33 45 85 22 84 76 5 19 52 48 16 59 2 49 95 49 73 49 10 65 79 53 56 46 53 2 65 27 
16 3 32 73 56 63 58 17 95 63 21 45 21 64 34 41 43 31 45 91 47 64 81 11 1 20 85 83 98 90 
16 40 96 33 69 70 82 15 61 22 45 25 91 59 81 1 73 15 97 69 88 41 72 85 48 49 2 92 35 40 
MACHINES
5 24 6 4 23 27 30 26 19 14 10 11 2 3 13 22 18 1 7 12 15 17 25 9 16 8 28 29 21 20 
12 24 27 6 21 18 22 20 10 15 3 14 19 1 28 16 7 5 8 13 4 9 17 11 25 23 29 26 2 30 
12 8 10 30 16 29 27 2 25 15 5 21 24 22 1 6 19 11 18 14 23 13 28 3 9 20 4 7 17 26 
23 29 7 21 18 1 8 16 12 2 24 4 30 22 17 27 3 25 28 10 26 15 5 19 14 13 9 6 11 20 
6 11 19 26 8 16 9 30 15 7 17 14 5 29 23 25 2 10 21 3 27 12 28 1 24 4 13 20 18 22 
6 10 5 24 4 8 11 19 16 12 1 22 7 13 27 14 3 23 9 25 18 2 17 26 30 20 21 28 29 15 
11 6 16 8 30 22 4 9 18 3 7 21 15 14 25 20 5 29 28 1 24 2 10 12 19 26 17 13 27 23 
1 13 3 18 26 28 30 21 16 8 14 22 15 20 5 7 9 19 10 6 4 12 17 23 24 25 27 2 29 11 
12 16 29 18 20 4 7 9 14 26 28 21 30 23 15 17 3 6 25 19 27 10 24 22 5 1 11 13 2 8 
7 4 23 8 19 14 30 13 18 3 21 12 22 20 17 15 24 27 16 1 28 10 29 2 6 5 11 9 25 26 
13 7 3 27 21 6 25 23 4 15 16 5 17 18 22 20 19 12 30 11 1 10 24 14 28 26 29 9 2 8 
29 26 9 4 23 1 15 27 12 20 24 30 28 16 17 13 22 21 2 8 5 19 18 7 11 3 10 25 6 14 
15 9 7 26 2 6 20 16 1 17 10 12 23 24 28 25 8 11 30 13 3 5 27 21 22 18 29 14 4 19 
17 28 23 26 1 21 16 25 10 7 6 19 18 22 9 30 27 11 13 14 5 12 3 4 20 29 8 24 2 15 
19 13 22 8 18 1 25 10 16 2 12 9 4 29 17 21 5 30 15 28 14 3 24 6 23 26 11 7 27 20 
10 5 24 14 16 23 25 26 13 21 6 27 15 9 12 22 18 17 30 3 19 8 1 28 2 29 7 20 11 4 
21 4 1 14 19 9 23 8 22 27 29 20 7 2 26 25 11 5 10 30 28 12 18 3 16 15 13 24 6 17 
30 3 4 9 8 15 11 27 21 24 20 25 16 23 6 17 13 19 5 26 2 12 7 29 22 1 28 18 14 10 
2 4 29 15 13 23 20 19 14 12 16 30 22 11 5 6 17 28 21 27 9 25 26 18 7 10 24 3 1 8 
27 20 19 2 29 5 4 6 14 11 28 23 21 12 25 24 17 3 18 26 9 16 15 7 1 13 22 30 10 8 
17 12 16 30 28 9 20 29 21 14 19 5 6 11 27 7 2 23 1 8 26 18 22 10 24 4 13 25 3 15 
17 21 29 27 24 10 22 19 11 14 13 8 3 18 9 15 16 7 23 5 6 20 12 2 26 28 4 25 1 30 
18 3 23 27 30 26 25 5 2 29 10 8 11 9 17 22 16 6 4 1 19 7 15 28 24 12 21 14 20 13 
4 28 11 17 15 5 23 25 21 7 6 10 29 3 19 16 13 30 18 22 12 14 2 1 20 24 26 8 27 9 
13 23 16 4 5 9 18 14 12 21 27 7 30 11 24 1 17 29 28 10 2 3 26 22 6 20 15 25 19 8 
14 19 26 4 6 7 1 9 21 30 25 11 16 28 8 13 23 15 18 24 2 22 17 20 10 3 5 29 27 12 
14 6 26 23 25 1 4 27 16 18 29 28 3 21 13 8 30 12 9 20 15 7 22 2 19 11 10 24 17 5 
25 30 5 9 20 15 23 7 4 11 13 19 27 24 2 17 29 14 21 8 3 1 12 10 18 26 16 22 28 6 
30 2 26 4 28 29 13 23 18 3 8 17 1 27 6 19 24 20 16 14 21 22 9 10 12 11 7 5 15 25 
1 26 19 6 11 30 18 13 3 14 9 28 16 5 17 27 22 8 2 23 7 10 25 4 21 29 15 20 12 24 
