4948082464,5813859852
30,30,30
41 51 67 11 6 62 46 34 50 66 48 4 17 40 61 63 78 74 55 13 67 84 67 53 82 87 17 37 26 64 
82 20 90 64 57 35 67 90 59 12 87 59 70 29 59 68 70 60 2 27 86 58 79 88 42 56 40 29 26 39 
52 17 33 9 35 64 37 80 1 50 2 84 42 99 90 12 10 14 64 21 74 3 38 50 92 38 80 92 44 56 
42 61 98 55 44 85 68 74 55 23 87 77 63 39 21 92 25 54 34 13 51 67 88 58 49 98 2 60 8 42 
20 17 57 46 10 13 21 96 68 92 75 50 19 51 24 11 17 78 10 39 19 34 9 21 21 90 43 13 55 45 
66 83 38 52 82 68 9 39 71 97 25 8 10 77 83 35 68 76 9 15 14 91 57 56 21 3 26 5 79 45 
25 6 10 12 57 80 59 33 43 26 69 45 15 13 1 7 32 54 38 50 53 96 29 95 13 82 99 98 54 88 
32 14 91 91 39 46 68 81 15 9 13 13 94 42 55 1 29 10 23 38 12 95 37 3 56 91 65 50 89 8 
97 70 39 12 24 24 40 90 89 47 60 47 1 54 29 48 29 47 22 86 16 1 75 95 18 83 87 69 4 45 
21 73 2 15 53 81 14 68 14 67 1 67 13 10 23 15 89 86 89 49 27 99 94 55 86 93 46 44 40 90 
63 86 54 19 42 8 4 7 10 98 47 56 93 65 92 4 14 92 37 23 91 8 78 19 20 68 89 63 81 14 
15 11 47 54 51 87 60 66 77 59 54 22 10 24 4 11 48 48 79 79 54 12 45 2 64 31 68 32 5 12 
5 68 46 86 43 77 19 5 42 82 11 93 2 85 87 44 72 52 93 3 25 10 15 28 82 64 63 42 67 34 
98 77 86 6 82 67 58 62 89 42 97 49 49 20 57 53 38 13 48 25 16 92 87 23 63 77 63 45 33 43 
8 82 85 12 90 51 17 9 40 49 72 14 69 34 72 1 93 93 96 75 87 79 31 64 67 53 98 78 31 72 
1 17 79 4 52 83 4 88 40 35 60 75 95 99 25 36 40 38 54 90 21 78 10 34 18 26 30 2 62 44 
39 23 51 85 1 95 98 11 27 37 90 2 39 80 22 79 86 61 93 56 49 89 76 60 49 20 8 33 92 80 
91 93 34 57 50 70 55 37 8 18 53 67 9 55 38 45 45 62 31 96 99 81 93 45 9 17 71 53 74 74 
11 99 38 92 17 74 45 86 67 89 65 79 98 1 63 13 83 54 21 15 18 94 79 51 10 49 82 73 9 36 
30 29 31 37 41 4 71 74 16 15 66 56 16 60 21 90 23 98 69 60 14 84 5 50 55 85 23 93 49 81 
70 26 62 97 64 99 84 97 49 90 91 49 85 57 32 25 69 31 85 42 71 42 17 85 39 41 37 61 91 82 
7 6 6 19 32 53 39 63 70 42 14 47 44 55 20 29 72 52 68 69 16 17 32 45 50 14 17 39 21 12 
22 99 96 30 3 60 56 94 66 15 79 74 13 1 72 20 47 38 55 86 45 31 36 33 8 4 96 90 10 33 
71 85 79 18 39 50 45 80 21 20 95 58 59 16 70 13 27 36 41 48 36 53 33 1 32 38 19 95 37 98 
52 85 49 44 32 69 21 77 47 60 23 10 28 10 10 58 50 66 44 75 26 1 60 83 77 24 23 16 89 97 
27 88 40 99 12 80 83 74 93 97 1 28 3 3 92 3 54 20 22 91 43 1 35 79 4 88 80 72 55 74 
1 82 81 61 6 97 67 15 21 67 62 16 52 66 29 85 26 15 9 8 62 49 19 3 63 61 10 24 85 11 
41 63 86 3 41 37 51 31 17 87 91 62 22 86 2 95 76 11 94 24 41 73 58 54 42 34 76 57 43 3 
3 90 11 1 1 88 37 17 55 32 41 10 77 10 88 37 38 82 94 31 74 27 45 30 99 28 83 89 22 28 
67 43 35 44 52 49 12 6 23 12 70 9 97 56 56 4 19 94 74 91 35 26 4 57 87 52 64 35 74 27 
MACHINES
16 27 15 2 26 11 19 30 21 23 9 14 18 28 12 3 13 20 8 10 22 29 24 5 1 17 25 4 7 6 
29 9 19 1 2 15 26 10 20 8 7 16 22 18 11 27 21 6 13 24 3 30 28 4 25 23 14 12 17 5 
6 1 19 20 23 4 8 9 14 26 17 11 7 30 16 29 24 12 28 25 3 27 10 18 2 22 13 5 21 15 
21 24 13 12 29 17 19 15 10 30 6 2 28 25 9 8 3 23 5 27 22 16 14 20 18 7 26 1 4 11 
6 25 27 1 11 7 10 9 14 18 12 22 30 17 3 23 5 24 21 26 8 19 29 28 4 2 15 13 20 16 
19 9 11 2 6 7 10 5 1 14 13 3 15 29 21 24 22 16 18 30 12 26 20 23 27 4 25 28 17 8 
6 28 16 13 1 5 23 22 2 11 27 19 8 29 30 12 18 25 15 20 4 9 3 26 24 17 21 14 10 7 
9 18 25 12 29 1 2 16 22 21 26 6 7 20 13 3 19 27 8 17 11 24 30 10 15 4 14 28 5 23 
14 19 27 25 20 26 15 6 5 3 16 7 21 4 8 10 24 11 28 9 17 30 29 23 13 22 18 2 12 1 
19 5 28 30 20 16 11 8 23 12 7 1 6 18 29 4 17 21 27 13 2 24 9 26 15 10 14 25 3 22 
15 25 28 8 29 10 24 19 17 5 7 9 27 1 4 14 22 2 18 11 23 3 30 26 16 21 13 6 12 20 
19 3 5 4 2 14 24 21 12 10 1 27 15 18 20 25 8 6 29 17 22 9 16 7 11 23 30 26 28 13 
6 10 9 15 25 1 18 2 13 20 8 4 17 24 22 12 28 11 27 21 16 29 26 7 5 30 3 23 14 19 
14 5 24 2 27 10 19 18 26 15 28 22 9 16 23 13 8 7 25 30 6 12 21 29 3 17 1 11 4 20 
2 29 17 21 4 23 8 10 20 27 7 3 22 14 11 25 9 5 15 13 16 30 19 24 18 28 1 26 6 12 
26 15 7 5 19 22 11 3 1 10 24 25 4 16 29 28 2 21 18 20 6 12 17 14 13 8 30 23 27 9 
18 28 25 21 11 22 30 9 1 5 13 17 27 14 29 3 10 26 6 19 8 23 7 2 20 4 24 15 12 16 
8 26 18 29 12 9 5 10 7 3 15 2 27 28 6 17 25 4 1 13 19 30 23 20 16 21 11 22 24 14 
19 16 22 27 10 15 26 9 7 24 18 28 3 4 21 2 5 8 13 11 20 1 25 29 12 30 23 14 17 6 
7 26 21 9 18 15 30 11 19 25 13 6 27 23 29 28 22 16 20 14 3 1 12 10 24 2 4 5 8 17 
21 29 18 20 23 9 27 26 11 17 22 12 8 14 3 30 10 25 13 7 28 15 2 1 19 16 4 5 24 6 
28 21 2 5 20 8 19 4 12 30 3 25 13 24 22 6 1 18 11 26 10 9 27 29 7 23 14 16 17 15 
1 6 27 16 28 20 13 2 8 7 14 4 10 24 12 22 3 5 23 30 25 21 19 26 18 9 15 29 11 17 
9 30 16 28 2 19 6 8 3 4 12 29 7 14 20 11 5 27 13 23 21 15 25 22 24 18 1 26 10 17 
4 19 21 2 8 18 16 11 12 15 23 3 30 9 22 26 20 7 24 27 25 6 28 17 10 29 14 1 5 13 
4 28 8 3 22 24 25 29 11 9 7 12 27 17 16 26 5 18 6 13 14 19 1 20 30 15 23 21 2 10 
18 6 29 1 8 26 27 28 5 7 25 22 13 10 14 17 12 15 19 4 11 3 23 24 20 30 2 21 9 16 
9 14 28 8 4 20 5 18 25 22 15 12 1 27 26 2 29 3 23 10 6 7 24 30 19 21 17 13 11 16 
26 5 2 8 25 20 19 27 28 9 3 7 21 4 24 12 30 10 1 16 14 11 13 22 29 17 18 6 15 23 
2 29 17 6 9 25 7 10 28 11 1 24 8 3 5 18 15 26 14 21 4 12 27 30 23 20 13 19 22 16 
