2133889585,7338230153
30,30,30
70 21 10 76 11 39 24 13 14 78 77 47 94 92 31 78 40 18 50 85 22 11 3 7 40 17 38 76 8 16 
21 38 85 69 54 43 82 6 28 57 28 14 35 22 50 95 6 49 14 7 13 1 83 78 7 78 97 2 83 60 
19 9 36 63 63 62 95 8 99 48 81 65 72 9 88 10 55 46 70 97 90 37 94 20 51 80 29 34 27 35 
45 48 29 53 16 28 92 50 91 41 84 63 81 11 93 98 84 6 55 24 73 18 57 16 82 57 45 32 68 86 
7 63 18 93 60 56 78 65 66 82 39 89 20 46 27 96 29 45 60 92 69 69 79 60 3 71 12 6 76 5 
31 85 13 63 31 9 80 41 85 43 95 13 17 65 62 40 58 24 26 66 34 1 60 11 37 35 72 48 38 19 
92 20 73 16 75 93 51 15 57 46 31 16 88 93 63 33 4 6 35 34 43 48 92 46 72 45 9 86 55 40 
18 1 52 7 13 70 53 38 36 46 1 33 75 12 22 98 91 98 8 66 96 49 77 48 65 34 10 69 81 39 
96 3 72 18 48 96 6 67 49 83 68 87 60 24 39 13 59 57 27 87 23 20 54 53 58 39 3 86 29 67 
37 79 78 46 84 57 59 48 59 76 98 72 94 20 89 17 87 54 69 19 78 84 88 90 7 30 6 88 93 58 
45 80 10 61 29 15 3 43 40 32 38 21 86 45 60 41 44 56 33 73 40 47 8 35 48 93 43 67 37 75 
40 61 38 87 24 50 74 7 24 18 1 49 55 84 94 39 58 90 12 65 23 68 28 67 39 69 18 86 18 52 
62 73 36 81 80 47 63 58 59 82 49 99 13 54 97 3 2 24 7 76 63 80 79 93 82 18 59 99 46 40 
96 3 42 25 63 89 1 84 30 60 75 46 75 22 25 75 48 94 39 22 63 69 13 49 78 55 92 25 37 63 
15 89 9 52 96 97 24 65 70 39 33 57 14 7 72 90 99 64 1 70 15 57 81 81 62 34 3 99 40 21 
48 94 33 98 35 7 99 94 34 56 26 92 37 5 38 62 77 65 31 27 52 15 41 44 62 9 21 92 30 50 
53 80 54 24 5 13 85 50 69 88 62 81 32 56 96 6 25 82 29 29 43 67 69 18 68 80 88 27 87 92 
94 78 82 54 96 88 68 4 74 42 97 82 84 93 43 93 87 1 83 62 91 60 41 16 36 86 62 82 89 89 
29 50 4 53 43 94 49 65 9 23 24 39 90 15 40 31 62 70 93 42 53 39 54 25 19 70 69 27 18 76 
18 74 38 54 24 37 89 68 46 73 67 71 88 14 3 79 22 2 76 56 13 74 63 79 29 36 15 23 94 47 
21 4 3 98 90 54 45 37 8 74 26 27 74 60 19 28 54 32 84 92 88 22 29 60 77 98 10 35 42 99 
30 10 8 85 82 64 73 24 53 35 97 22 93 45 28 29 7 95 33 45 21 62 65 66 16 13 99 82 93 39 
19 13 55 79 11 87 42 37 42 17 46 61 32 87 1 44 4 65 68 47 85 44 18 23 64 68 22 19 28 27 
84 78 80 36 14 15 98 19 85 74 88 17 55 94 75 64 80 60 83 39 79 55 74 98 34 9 47 68 35 59 
41 25 53 16 35 97 44 7 11 6 36 18 6 44 31 71 41 91 99 75 7 96 38 6 41 98 31 82 53 15 
20 32 6 4 24 52 11 62 21 63 66 7 70 19 33 51 30 30 1 8 27 72 91 78 43 98 23 64 55 59 
84 79 98 97 40 40 34 78 74 78 99 29 17 13 18 1 11 21 91 96 90 63 3 34 33 29 76 71 24 66 
42 5 76 90 92 20 35 58 88 67 56 34 52 91 29 25 36 21 61 10 73 37 88 1 23 15 19 43 69 8 
9 66 4 45 80 52 37 61 26 74 22 5 99 46 48 87 83 68 24 6 72 29 70 70 86 4 58 95 19 59 
89 83 32 58 63 67 65 2 85 84 12 60 40 38 23 80 96 48 46 14 36 54 61 5 80 63 26 81 79 59 
MACHINES
19 6 14 22 8 12 20 29 7 27 30 24 23 13 18 26 16 4 5 25 28 3 15 21 1 2 9 17 11 10 
6 19 23 16 10 20 9 30 4 2 12 21 25 15 7 13 3 17 28 18 14 5 27 26 22 29 24 8 11 1 
24 16 4 15 29 13 8 17 9 20 25 27 12 14 2 11 19 10 5 6 23 1 26 30 28 7 3 18 22 21 
11 3 29 16 13 1 17 12 15 27 19 7 4 5 14 9 28 20 10 23 26 24 2 6 30 22 8 25 18 21 
22 1 9 2 5 17 30 4 26 27 29 10 28 19 7 3 8 20 16 18 15 23 21 12 13 24 14 25 6 11 
7 3 14 10 8 1 5 13 20 28 26 22 6 19 15 24 27 21 30 18 2 23 9 29 17 4 16 12 25 11 
4 15 6 2 8 9 12 20 7 10 24 5 18 22 17 1 29 16 23 26 28 11 13 21 27 14 25 3 30 19 
8 9 1 25 27 24 12 30 11 6 7 10 13 21 26 14 22 3 23 18 2 29 20 5 4 19 15 16 17 28 
11 14 30 4 22 10 13 12 17 29 3 27 26 2 16 6 18 20 5 23 9 28 19 1 21 25 8 15 7 24 
14 21 8 6 30 3 27 7 10 18 13 2 28 24 22 25 9 5 15 23 4 12 1 26 16 20 19 17 11 29 
2 11 27 19 8 29 6 24 14 10 17 22 3 18 25 21 7 16 5 26 15 1 9 28 13 20 12 4 30 23 
16 3 12 22 10 15 30 5 13 26 4 18 14 8 24 6 28 21 2 23 25 19 27 9 17 1 7 20 29 11 
19 3 27 8 9 11 30 21 16 20 5 4 28 2 10 24 22 13 12 6 25 26 23 15 1 7 17 14 29 18 
3 13 11 22 19 10 6 5 9 8 7 24 16 14 15 2 12 26 29 4 23 17 27 28 21 1 25 18 30 20 
6 16 26 11 5 23 18 2 10 8 4 14 1 21 29 30 13 28 17 24 12 20 9 3 7 15 27 25 22 19 
2 15 24 17 23 14 1 8 6 26 29 7 10 19 13 21 4 27 30 20 9 5 28 3 18 12 16 25 22 11 
27 12 3 10 28 20 1 24 13 7 15 9 22 16 19 6 8 4 29 21 18 14 2 25 30 11 17 23 5 26 
4 27 24 6 22 8 19 13 7 12 11 25 9 28 26 15 30 17 2 14 16 1 3 20 21 5 18 23 10 29 
1 24 5 15 20 13 7 12 2 10 14 18 4 25 3 27 30 26 8 22 16 28 6 29 17 21 11 23 19 9 
3 24 25 2 29 16 26 14 23 1 4 27 12 28 19 11 8 9 20 17 7 15 30 13 21 6 22 18 10 5 
15 30 27 20 25 28 10 11 2 14 17 24 5 23 1 7 6 3 18 12 19 21 26 13 22 4 16 8 29 9 
30 14 21 22 11 5 19 26 25 4 28 24 15 3 18 6 23 8 10 7 29 20 17 27 9 2 1 13 12 16 
6 30 24 29 19 28 22 11 27 4 25 18 3 15 20 8 12 2 16 13 14 23 10 26 7 5 9 21 1 17 
6 15 2 23 16 3 7 21 30 29 5 19 20 24 22 27 13 17 9 12 4 18 10 1 14 11 28 8 26 25 
3 11 19 10 8 20 22 1 2 26 6 12 7 23 30 28 25 29 18 9 16 24 27 14 15 5 4 21 13 17 
10 25 17 24 4 5 1 18 14 20 7 29 3 26 8 28 19 21 2 13 15 30 9 27 6 12 22 23 11 16 
7 10 29 13 11 2 6 19 26 27 30 23 5 21 14 15 1 16 8 18 25 28 24 12 3 4 17 9 20 22 
13 5 25 19 21 24 28 18 2 23 7 9 29 20 11 22 14 26 17 1 3 16 30 27 10 8 15 12 4 6 
26 9 30 20 10 16 21 25 5 29 12 3 14 27 13 23 19 1 22 17 4 7 8 15 18 24 2 6 11 28 
10 4 27 17 8 13 16 14 22 1 18 9 23 6 30 21 5 11 28 3 25 26 29 15 24 12 7 20 19 2 
