4296479292,1248525246
30,30,30
42 30 77 78 15 97 4 63 21 84 64 71 18 80 5 19 85 83 68 5 96 64 91 47 13 66 85 27 35 42 
82 99 48 65 3 92 60 5 57 74 42 80 65 20 81 89 80 34 34 60 11 43 30 42 67 36 31 99 77 95 
65 28 91 35 62 14 35 90 33 27 70 85 86 55 4 85 34 9 53 21 44 41 63 28 76 69 84 81 24 64 
96 53 90 36 5 45 42 14 58 60 27 61 77 42 20 33 70 81 39 26 84 6 56 5 19 36 40 41 25 22 
46 74 52 48 59 80 44 55 6 97 65 31 24 15 86 91 52 25 15 25 51 8 52 58 23 71 4 28 73 87 
94 6 12 47 63 34 30 86 9 73 26 13 51 13 32 13 54 6 20 65 52 44 1 5 13 83 10 31 68 90 
76 8 54 84 27 77 91 39 89 42 68 49 94 59 92 52 4 3 53 80 4 87 95 18 11 66 91 11 45 80 
62 90 41 14 16 6 22 81 62 19 61 49 71 24 39 30 15 95 67 94 38 91 75 31 73 29 99 53 18 92 
84 31 38 29 3 30 27 65 14 86 56 62 18 36 74 24 26 26 42 25 16 60 94 16 59 75 49 50 12 77 
10 37 98 99 15 37 14 88 80 35 76 85 82 37 53 65 9 41 58 69 1 92 67 33 95 27 4 41 30 97 
7 32 24 99 18 11 52 44 65 47 18 46 28 66 64 39 64 65 21 20 20 34 4 60 82 23 98 48 98 69 
55 9 38 83 73 76 86 40 4 89 21 53 59 46 92 83 51 84 58 9 7 20 96 24 17 70 36 14 81 95 
80 58 8 78 72 16 24 54 11 96 11 54 30 20 85 47 40 60 13 78 46 69 55 91 2 79 79 13 4 41 
46 84 87 32 34 21 95 14 88 10 31 76 16 93 71 78 95 87 84 11 83 13 35 31 43 72 47 67 93 94 
64 87 84 80 29 26 87 28 53 52 10 65 11 39 94 86 85 74 89 99 11 96 73 77 35 9 43 66 91 70 
82 83 43 12 69 43 69 98 89 49 45 1 81 81 73 91 64 8 30 56 5 47 13 14 85 84 90 50 8 80 
89 65 27 14 87 2 74 61 10 17 88 69 55 9 61 41 16 87 47 29 48 51 82 38 3 20 15 81 1 58 
56 26 97 1 85 10 49 60 23 96 51 16 80 14 41 50 93 45 84 99 26 10 84 18 17 13 46 52 63 48 
62 2 67 77 63 80 19 88 16 17 13 44 10 4 63 41 5 16 71 86 28 40 33 40 7 83 44 17 52 69 
50 40 35 55 90 89 95 5 1 36 23 86 25 70 2 45 23 48 41 78 10 56 33 38 34 99 89 90 29 68 
9 56 27 36 37 39 76 7 73 76 84 82 10 2 25 8 57 13 79 63 49 45 15 12 87 32 13 94 46 49 
58 14 62 59 23 82 79 8 68 49 56 35 5 50 2 48 94 85 55 29 75 29 90 47 29 45 71 33 20 49 
25 27 13 80 83 48 35 1 25 61 94 61 54 19 95 71 34 6 99 90 79 45 89 58 33 45 40 5 82 42 
13 39 32 75 93 5 58 5 68 89 65 46 42 92 86 24 12 11 37 45 92 3 79 21 85 78 24 27 11 43 
30 53 43 48 68 81 5 31 52 92 18 84 64 87 25 67 71 35 71 39 52 84 56 1 99 96 62 53 4 1 
8 43 54 78 13 51 47 88 70 9 29 89 80 17 13 70 54 90 2 62 16 45 5 76 24 99 77 67 84 85 
56 86 91 65 70 87 55 57 11 59 64 45 94 93 13 81 67 26 3 50 88 30 50 31 68 59 26 42 69 25 
17 45 55 3 91 2 60 61 50 85 14 17 39 11 63 35 5 73 79 35 60 46 21 84 97 55 2 88 30 83 
83 45 65 24 12 3 87 85 71 44 71 41 22 94 26 90 37 13 67 85 11 3 54 74 65 4 65 78 18 10 
63 61 39 96 47 36 90 76 50 28 21 28 51 29 89 52 87 30 48 6 75 89 10 8 29 93 43 64 55 24 
MACHINES
26 27 23 6 30 2 15 10 1 9 18 21 29 5 13 25 24 8 4 3 14 12 19 17 28 20 7 16 11 22 
9 28 14 10 13 18 12 11 20 17 4 5 3 22 27 29 23 8 30 21 26 1 7 2 19 24 6 16 25 15 
20 19 14 8 28 24 30 29 23 2 13 15 12 16 7 18 5 4 10 17 22 9 11 6 21 27 25 3 1 26 
6 30 12 25 19 16 14 17 3 27 21 7 22 1 5 29 28 20 18 2 26 15 8 11 13 10 24 4 9 23 
7 23 13 19 28 26 27 2 14 3 10 20 18 15 9 30 8 25 16 1 21 24 29 4 12 5 11 22 6 17 
7 28 12 17 27 23 19 16 4 26 15 29 9 11 18 6 20 24 13 25 2 5 1 30 14 8 22 21 3 10 
25 29 19 26 18 9 14 6 17 8 24 10 15 3 2 23 4 12 1 28 20 22 16 5 7 21 13 11 30 27 
13 19 2 4 5 25 3 1 29 24 16 9 8 14 11 17 22 12 23 26 18 20 21 27 10 15 30 7 6 28 
14 6 2 5 11 12 16 23 9 20 25 3 4 1 28 22 29 7 13 18 26 15 27 24 17 8 21 19 30 10 
16 8 26 2 7 1 20 22 17 12 19 14 9 23 10 11 25 24 6 28 27 18 29 21 5 13 3 15 30 4 
23 13 27 24 9 14 12 19 15 18 8 10 28 5 29 4 11 16 3 25 22 17 26 21 20 30 6 1 7 2 
22 13 26 15 8 6 19 3 12 30 16 28 5 20 23 21 4 27 11 2 18 17 7 24 25 1 9 29 10 14 
9 8 18 25 16 28 26 10 1 11 3 21 23 22 15 29 30 24 4 12 17 7 2 20 14 13 19 6 5 27 
11 12 23 20 7 14 24 13 1 16 3 6 18 17 27 4 28 15 22 2 25 5 8 9 10 21 30 19 29 26 
1 6 27 18 14 24 5 2 16 13 17 28 21 15 20 9 8 23 11 19 7 4 30 25 12 26 22 29 10 3 
10 6 15 8 27 2 21 29 13 30 1 22 28 9 23 18 7 4 17 14 24 16 11 12 25 20 19 26 5 3 
14 16 17 22 28 25 11 1 29 9 20 10 6 19 30 27 7 13 21 3 5 26 15 24 4 18 2 8 12 23 
14 22 27 24 29 7 3 18 30 6 23 8 13 11 16 1 17 20 19 28 10 15 4 9 25 26 5 12 2 21 
9 1 11 2 19 16 29 7 13 3 6 26 18 21 28 12 30 25 15 4 20 22 27 10 14 5 8 17 23 24 
30 2 25 13 9 15 16 20 3 29 23 6 14 24 17 10 19 4 11 28 1 8 12 5 18 26 7 21 22 27 
3 19 6 24 23 16 21 9 4 25 18 12 30 8 20 29 11 7 26 28 27 10 14 17 1 22 5 15 13 2 
19 21 7 25 5 17 1 4 18 10 12 30 13 6 28 22 2 16 24 8 11 26 14 29 20 3 27 9 15 23 
1 3 30 20 27 7 8 16 25 2 5 14 22 9 12 24 28 23 29 13 26 17 6 11 15 18 21 10 19 4 
10 26 25 20 8 6 4 12 2 13 1 19 22 9 23 14 3 15 16 27 24 30 7 11 29 17 5 21 28 18 
13 9 16 29 27 10 1 19 24 11 3 2 22 18 14 15 8 23 12 4 30 28 17 5 6 7 25 26 21 20 
6 9 10 13 16 22 25 7 2 5 27 28 26 24 17 30 23 4 12 3 8 21 11 18 15 14 20 19 29 1 
26 11 29 25 15 30 23 9 10 12 21 17 14 2 6 27 1 4 19 24 20 8 22 13 7 18 16 28 3 5 
22 29 25 24 15 8 6 3 2 27 17 26 30 7 12 19 10 20 5 1 23 13 4 11 28 9 16 18 21 14 
30 12 14 28 20 24 6 27 29 15 17 11 21 7 3 22 16 8 5 9 4 26 2 18 19 25 10 23 13 1 
3 15 26 16 17 25 18 1 21 24 7 19 30 11 2 8 5 29 12 6 23 20 9 4 10 28 22 13 27 14 
