4647482967,3338908834
30,30,30
53 83 30 20 46 52 67 25 35 34 39 22 88 25 53 89 43 94 40 34 19 25 85 72 75 37 17 94 53 11 
69 96 6 12 98 25 5 67 39 9 47 49 14 57 76 68 13 11 15 59 7 46 11 61 16 39 4 7 52 28 
70 22 33 58 81 28 29 25 74 72 5 54 72 70 59 84 45 66 23 15 75 7 95 96 32 39 63 90 38 81 
64 89 53 67 60 45 12 97 45 54 57 27 42 1 44 90 35 49 92 5 9 54 11 30 78 80 43 36 92 87 
86 31 13 70 80 17 31 45 99 70 51 86 46 15 52 29 9 6 32 20 6 71 19 64 17 39 71 28 5 29 
38 81 66 60 42 38 55 79 53 29 24 7 45 2 78 14 10 74 16 12 63 20 30 16 37 73 70 40 53 12 
47 73 88 61 8 34 62 12 71 99 91 17 7 68 64 92 49 92 31 36 24 79 68 92 82 40 37 32 6 98 
46 64 1 53 44 52 30 54 11 80 54 66 25 25 79 6 14 97 83 43 89 79 33 66 55 19 10 55 78 53 
64 73 8 42 24 35 38 80 73 62 60 67 43 52 62 41 33 82 95 76 45 65 69 82 38 75 54 64 79 94 
85 44 24 35 59 99 88 57 29 63 61 63 39 31 64 34 8 18 97 21 78 26 65 91 25 99 24 17 14 77 
42 31 9 95 2 87 23 66 82 54 96 32 75 3 42 49 85 93 6 23 1 30 7 94 33 94 41 91 60 34 
82 89 3 15 28 29 33 59 58 65 51 42 41 90 87 89 32 22 47 65 91 32 36 42 44 75 15 25 21 67 
70 22 16 46 60 26 87 21 94 61 84 43 5 61 54 56 85 37 99 12 80 6 54 61 9 52 10 29 15 53 
60 49 1 43 68 68 35 15 32 91 91 52 12 84 31 73 16 83 4 42 79 6 67 76 47 52 18 42 21 93 
51 17 60 55 13 82 75 20 96 6 92 16 73 51 13 30 76 11 52 85 4 4 10 62 47 26 83 55 92 28 
19 53 48 73 40 37 82 33 22 1 8 8 16 47 16 4 93 53 72 52 62 3 73 61 94 43 61 64 41 94 
54 3 35 43 54 28 64 81 90 14 97 23 61 81 84 22 92 97 33 15 65 47 30 4 26 8 83 80 98 3 
64 13 95 48 21 95 41 61 65 6 76 77 20 40 9 3 62 53 13 38 40 83 16 22 86 8 90 24 89 47 
3 55 93 82 45 1 39 23 22 17 47 20 17 39 21 99 28 72 63 48 17 58 49 18 81 91 24 89 1 54 
7 49 63 13 97 63 59 1 87 78 61 37 33 78 67 54 20 49 50 95 46 80 33 50 50 89 17 60 27 48 
51 6 40 66 92 13 94 13 94 44 6 40 70 13 64 99 11 88 78 92 9 46 44 12 60 44 31 78 96 53 
71 32 13 73 30 61 31 56 8 40 15 28 59 76 71 97 67 65 97 94 30 59 27 40 42 31 20 30 68 62 
94 26 14 64 36 67 20 40 44 63 91 69 68 25 83 1 93 17 84 80 93 90 29 42 68 2 14 23 41 94 
13 25 77 78 36 11 25 18 77 66 84 51 32 30 94 58 76 46 32 65 67 42 80 27 22 87 45 47 8 16 
23 21 35 96 14 48 87 33 17 44 96 82 14 43 66 75 51 22 94 39 96 53 66 91 64 66 14 65 35 53 
53 1 95 70 48 60 26 81 35 81 54 51 51 9 95 80 51 9 19 26 60 8 50 31 68 27 39 14 36 4 
95 78 32 51 86 47 62 94 84 55 71 12 30 8 49 82 56 75 44 2 10 97 23 95 89 34 58 26 47 4 
52 12 24 91 61 44 35 72 16 83 41 23 51 87 10 58 97 59 63 97 76 34 55 10 64 83 39 53 69 26 
65 48 84 52 20 94 15 5 51 21 59 83 51 28 66 1 80 71 43 78 96 12 11 42 87 98 93 28 73 87 
15 59 59 64 57 23 38 97 10 95 67 47 20 73 61 91 68 99 36 50 63 28 11 28 24 62 20 18 75 85 
MACHINES
28 1 21 29 11 4 20 7 23 15 6 30 17 27 19 18 2 3 8 9 10 12 13 24 22 5 16 14 26 25 
7 28 22 30 29 9 19 1 5 18 11 8 3 17 2 4 27 15 24 12 25 14 13 6 16 21 20 26 10 23 
21 24 3 29 8 19 5 6 18 28 20 27 9 23 15 2 26 11 17 1 10 13 7 4 30 16 12 25 22 14 
16 14 2 19 3 6 10 17 4 9 22 13 20 23 8 21 29 24 18 27 5 25 26 28 12 15 1 11 7 30 
23 22 12 18 24 4 1 26 9 6 15 21 25 11 29 10 2 30 8 27 14 19 13 28 7 17 20 3 16 5 
4 12 14 19 21 10 29 30 8 22 15 25 6 13 17 20 2 27 9 7 11 18 24 16 3 23 1 5 26 28 
4 18 17 10 22 30 26 1 11 2 29 27 7 20 21 6 3 13 8 23 14 25 24 9 5 19 16 15 12 28 
13 12 7 21 19 2 29 6 27 22 10 11 4 30 8 3 17 23 14 26 16 1 9 15 28 25 24 18 5 20 
22 21 18 15 14 2 23 19 25 29 27 16 20 1 8 28 9 11 12 10 7 17 6 3 5 4 26 30 24 13 
9 6 2 29 19 11 30 17 4 28 15 8 3 7 13 24 21 5 26 12 18 14 10 1 16 25 23 20 27 22 
13 1 22 26 9 10 25 8 24 15 6 30 28 3 27 7 19 16 29 20 21 11 12 14 18 5 2 4 17 23 
27 24 5 16 19 7 28 20 23 29 17 8 15 25 18 3 12 13 14 9 6 22 11 10 4 26 2 21 30 1 
28 25 16 23 13 15 14 26 8 12 4 6 29 21 24 27 1 5 30 11 20 9 10 22 7 18 17 2 3 19 
21 3 30 9 18 8 15 23 6 4 17 28 16 7 29 1 24 10 5 20 2 27 25 19 22 26 11 14 13 12 
19 16 2 9 18 15 22 25 11 4 10 17 29 30 14 5 23 27 1 26 7 12 8 24 13 6 3 28 21 20 
11 27 9 8 24 16 30 14 18 20 23 5 3 17 1 21 4 22 25 15 6 2 19 12 26 7 28 13 10 29 
4 26 28 22 8 19 23 10 14 18 12 21 3 6 9 2 5 25 16 24 11 27 13 29 30 15 20 1 7 17 
6 21 26 24 9 18 7 19 16 8 23 25 15 12 20 2 3 27 13 10 28 14 17 30 29 4 5 11 22 1 
24 3 12 28 14 15 16 21 29 1 18 20 9 25 6 11 5 10 17 23 8 4 13 19 7 27 30 2 22 26 
23 29 11 27 8 5 21 3 14 4 12 26 2 7 10 20 13 6 16 9 19 24 18 25 28 17 1 30 15 22 
5 27 14 17 29 22 4 19 16 6 12 20 25 28 2 30 21 8 23 26 15 7 9 13 3 18 10 11 1 24 
17 26 2 14 12 28 30 1 19 3 10 29 5 18 25 20 22 11 9 16 23 15 24 6 7 13 4 21 27 8 
18 29 9 30 20 6 25 14 11 8 2 4 24 16 13 7 27 19 17 12 3 23 1 26 10 5 22 28 15 21 
6 27 18 8 15 25 7 24 12 1 23 13 3 4 19 5 28 30 17 26 2 10 21 9 20 16 14 29 22 11 
13 19 17 29 11 5 26 10 12 28 16 30 6 21 15 8 2 1 18 24 23 27 20 4 7 9 22 3 25 14 
17 30 27 19 21 6 26 18 7 4 12 11 8 28 23 10 20 5 9 3 24 14 13 15 16 1 25 22 2 29 
9 5 26 30 4 10 6 2 20 29 11 24 8 25 28 21 7 16 15 23 14 17 3 1 22 12 19 13 27 18 
11 22 30 26 16 1 3 8 9 7 12 25 28 23 14 15 21 6 5 10 13 4 29 17 24 18 20 27 2 19 
21 3 14 30 12 9 7 16 5 11 23 1 13 28 8 4 24 18 27 22 25 15 26 6 29 20 2 17 10 19 
25 27 18 1 5 22 6 11 7 28 14 21 19 15 9 13 4 12 24 29 3 30 16 20 2 26 8 23 17 10 
