4557418998,6848584030
30,30,30
55 22 57 84 84 71 31 48 65 10 37 66 86 5 98 76 54 15 61 40 42 12 31 72 6 13 17 12 82 10 
86 29 4 57 54 18 79 21 70 87 71 83 86 38 31 17 19 98 21 25 84 44 24 24 81 64 61 52 86 43 
86 71 2 88 69 96 84 87 48 72 10 19 46 49 39 56 34 2 62 73 28 25 53 12 63 96 20 72 72 93 
32 49 97 20 23 25 26 43 70 38 33 27 63 25 14 17 54 37 90 55 55 79 40 79 85 89 46 91 92 75 
49 66 20 77 1 88 37 23 24 85 53 34 13 47 40 85 23 36 9 56 64 94 21 58 51 96 85 17 30 93 
99 34 57 43 22 32 49 77 16 51 88 87 34 27 7 41 81 48 78 59 53 73 6 95 22 31 75 11 59 74 
57 89 96 14 30 16 51 92 17 36 22 47 60 51 52 33 40 74 18 22 50 37 12 62 98 27 44 6 70 80 
42 16 1 61 2 4 82 65 69 94 59 64 25 99 84 65 22 83 85 49 10 62 16 89 44 14 67 5 5 31 
75 8 58 61 99 54 97 77 59 89 44 96 20 24 80 12 78 74 44 50 57 41 56 88 14 61 43 37 8 69 
31 91 2 77 67 93 90 9 73 36 91 15 64 79 14 52 50 98 57 47 7 24 78 60 85 25 18 39 62 10 
91 75 48 64 65 43 23 24 99 28 87 56 90 67 65 38 38 71 72 98 14 42 57 39 78 73 48 72 57 71 
69 3 44 61 36 87 45 54 69 53 65 74 41 40 24 38 6 15 69 95 36 80 10 74 14 85 34 20 22 59 
64 69 81 13 65 35 64 59 52 58 25 16 91 37 84 37 5 28 27 11 38 6 55 88 7 7 94 25 86 97 
88 51 4 23 14 38 10 77 86 27 49 76 79 38 34 19 88 82 14 6 86 77 9 60 76 2 28 98 66 4 
98 35 6 20 89 39 52 60 94 99 57 63 43 73 11 53 33 72 12 69 53 62 39 45 33 99 60 98 61 40 
18 14 71 89 77 68 76 95 26 61 6 85 48 7 28 75 53 98 81 64 74 1 38 11 63 99 87 68 68 85 
65 13 69 30 87 56 12 38 64 74 3 9 88 4 71 43 79 31 66 34 89 8 90 7 45 90 60 58 82 65 
58 32 17 6 11 29 49 29 10 95 65 37 83 86 2 4 84 73 35 82 10 59 72 80 56 17 48 98 96 17 
96 27 16 49 35 44 32 81 39 38 45 13 95 72 96 56 18 28 20 37 28 61 99 32 29 41 48 72 22 9 
86 93 18 66 77 78 39 99 85 72 69 36 3 46 66 69 79 17 48 81 50 62 84 44 59 72 29 15 94 85 
21 76 49 59 4 21 24 58 50 22 92 44 19 61 68 67 56 6 88 62 62 40 99 74 81 25 63 41 83 78 
27 26 17 42 61 97 11 57 45 6 45 63 23 69 53 12 85 20 73 14 70 1 11 4 43 48 99 53 48 52 
51 12 24 17 39 95 77 11 57 83 59 59 7 31 95 61 41 38 87 5 38 4 78 78 15 43 2 70 31 62 
77 82 7 32 89 17 67 4 32 37 18 89 61 10 36 52 75 6 80 97 32 36 91 8 70 91 93 52 72 14 
37 4 59 76 97 19 52 3 10 42 33 40 44 61 90 97 55 33 77 1 20 48 84 32 36 77 97 8 87 26 
5 65 9 50 65 99 8 42 93 67 77 59 29 66 45 20 79 12 36 82 45 64 66 6 76 20 39 90 30 23 
91 70 7 81 69 73 23 91 34 39 37 27 79 3 31 94 10 42 56 66 16 90 65 44 18 71 39 8 93 22 
35 91 54 41 45 74 63 14 56 14 70 90 55 51 3 32 16 44 25 47 10 8 93 49 29 48 88 22 11 83 
45 25 32 38 27 84 62 69 54 95 90 76 31 8 10 47 83 9 59 20 20 13 4 38 57 2 61 82 75 5 
80 21 37 40 95 65 62 43 3 76 44 54 32 19 5 87 60 31 60 77 32 48 35 94 91 33 92 98 32 30 
MACHINES
2 20 13 21 12 19 23 24 14 15 25 29 3 6 18 4 7 9 5 16 8 27 22 17 26 28 11 30 10 1 
5 10 14 17 28 29 2 30 21 24 20 1 23 7 4 12 15 13 3 11 26 6 25 16 18 19 27 9 8 22 
19 14 20 5 18 23 17 28 7 1 15 4 24 27 9 12 21 29 2 10 11 26 13 30 22 16 8 3 25 6 
7 17 30 24 3 6 16 13 9 4 5 25 18 27 29 19 21 20 12 14 10 2 11 15 26 1 22 8 23 28 
28 10 13 1 3 23 16 20 8 19 25 7 22 27 21 5 24 2 4 14 6 26 29 30 12 9 15 11 18 17 
29 13 25 2 28 15 7 12 16 14 26 22 17 3 11 19 5 1 30 23 27 20 24 6 18 10 4 9 21 8 
12 6 11 29 19 3 28 21 17 27 14 23 25 5 30 1 16 15 8 13 10 26 2 9 20 7 4 18 22 24 
26 19 30 9 10 11 12 6 14 29 21 4 7 13 1 20 22 15 23 5 3 17 2 28 25 8 18 16 27 24 
3 8 22 11 2 25 15 17 6 9 29 12 20 1 4 16 13 14 21 27 24 23 5 30 28 18 10 7 26 19 
13 4 27 25 6 17 23 10 9 29 26 12 1 7 30 5 16 18 8 21 20 19 24 15 11 2 14 22 28 3 
12 13 1 2 7 20 15 28 16 26 18 21 23 11 3 9 6 27 22 10 19 30 25 17 8 4 5 14 29 24 
24 29 25 6 26 11 17 16 2 19 7 4 1 23 13 20 14 9 3 12 18 22 28 5 10 8 27 15 30 21 
22 9 20 11 17 27 16 23 18 24 25 19 28 26 4 3 13 12 15 29 30 21 10 14 5 2 7 6 1 8 
22 16 14 3 11 18 9 29 8 13 12 28 1 21 19 23 20 30 15 24 6 2 7 26 25 4 27 5 10 17 
4 9 21 11 2 7 18 27 28 24 25 6 5 15 12 26 30 8 19 29 1 23 10 16 3 17 22 14 13 20 
30 17 13 12 21 15 25 10 23 18 27 9 5 28 22 19 20 14 7 4 6 1 2 3 24 29 16 11 26 8 
16 18 27 9 15 12 10 17 26 3 22 1 19 24 23 14 8 13 21 30 4 5 29 20 28 11 2 25 7 6 
12 24 20 2 8 26 14 28 17 19 3 27 30 1 18 23 11 15 4 7 25 22 5 6 16 21 10 13 29 9 
3 2 21 23 4 27 19 16 25 7 11 17 24 15 13 26 20 6 18 10 30 5 1 8 12 29 9 14 22 28 
26 21 19 27 3 13 7 12 28 10 20 11 4 2 18 15 25 24 17 14 1 8 9 22 5 29 23 16 30 6 
9 23 4 21 27 28 20 16 6 12 7 14 19 3 1 26 8 24 10 15 13 17 25 29 18 30 22 2 5 11 
9 15 28 3 17 29 4 30 19 22 14 1 12 20 6 23 7 5 18 13 2 26 11 25 16 24 21 27 8 10 
1 12 2 3 28 30 17 27 21 20 5 9 4 23 7 11 15 6 10 18 22 26 25 19 16 13 29 14 24 8 
18 20 10 19 25 13 6 9 24 30 17 22 14 2 3 23 8 16 28 12 4 21 29 27 15 1 7 11 26 5 
29 6 24 3 11 25 10 20 1 8 30 18 27 9 14 21 13 26 2 28 22 23 17 5 12 16 19 7 4 15 
22 14 3 24 25 2 13 26 9 27 19 15 28 7 11 29 1 17 30 16 5 4 18 23 12 8 10 20 6 21 
18 25 2 16 30 5 1 26 29 17 19 22 13 24 20 4 8 28 21 10 15 7 11 9 14 3 23 12 6 27 
16 27 25 1 19 6 23 11 14 13 30 10 17 28 9 8 18 22 12 29 20 24 15 26 4 7 2 5 21 3 
17 1 18 19 12 8 7 16 4 30 3 6 23 13 26 24 10 11 14 29 15 22 20 25 21 28 5 9 2 27 
10 21 25 24 4 12 22 26 30 27 8 9 20 13 23 15 6 3 18 17 16 29 28 5 2 14 1 11 7 19 
