398197754,1227221349
10,10,10
69 81 81 62 80 3 38 62 54 66 
88 82 3 12 88 83 51 47 15 89 
76 52 18 22 85 26 30 5 89 22 
62 47 93 54 38 78 71 96 19 33 
44 71 90 9 21 33 82 80 30 96 
31 11 26 41 55 12 10 92 3 75 
36 49 10 43 69 72 19 65 37 57 
32 11 73 89 12 83 32 6 13 87 
94 36 76 46 30 56 62 32 52 72 
29 78 21 27 17 43 14 15 16 49 
MACHINES
5 9 4 6 7 1 2 3 8 10 
10 8 6 9 1 7 2 4 5 3 
4 7 5 2 6 9 10 8 1 3 
2 6 7 9 1 4 10 5 8 3 
4 3 6 7 5 1 2 9 8 10 
1 9 6 3 10 7 4 8 5 2 
6 1 5 8 3 4 7 10 2 9 
6 7 2 10 3 5 1 4 8 9 
7 10 3 8 9 6 1 5 2 4 
9 3 6 2 10 4 8 1 5 7 
