1750328066,1667495107
10,10,10
43 12 58 80 55 83 35 69 93 53 
74 91 73 15 85 56 2 84 58 1 
65 48 11 33 63 36 36 1 7 31 
64 74 75 37 89 3 45 21 23 83 
97 64 32 66 52 17 84 3 21 56 
65 60 73 9 11 97 64 59 73 84 
1 36 16 36 15 18 55 26 40 7 
60 22 22 20 93 57 79 78 11 11 
66 40 24 13 87 97 27 96 87 48 
76 52 58 5 55 10 58 77 70 94 
MACHINES
8 4 5 6 2 3 7 10 9 1 
6 10 4 1 3 2 8 9 7 5 
3 5 4 6 10 1 8 9 2 7 
7 8 9 1 4 5 6 10 3 2 
9 3 8 2 10 5 1 7 6 4 
2 4 8 1 7 6 5 10 9 3 
6 7 4 10 9 5 1 2 3 8 
9 2 7 10 5 8 1 3 4 6 
2 5 10 3 4 6 8 7 9 1 
6 3 4 8 9 10 7 2 5 1 
