2092186050,840612802
15,15,15
94 66 10 53 26 15 65 82 10 27 93 92 96 70 83 
74 31 88 51 57 78 8 7 91 79 18 51 18 99 33 
4 82 40 86 50 54 21 6 54 68 82 20 39 35 68 
73 23 30 30 53 94 58 93 32 91 30 56 27 92 9 
78 23 21 60 36 29 95 99 79 76 93 42 52 42 96 
29 61 88 70 16 31 65 83 78 26 50 87 62 14 30 
18 75 20 4 91 68 19 54 85 73 43 24 37 87 66 
32 52 9 49 61 35 99 62 6 62 7 80 3 57 7 
85 30 96 91 13 87 82 83 78 56 85 8 66 88 15 
5 59 30 60 41 17 66 89 78 88 69 45 82 6 13 
90 27 1 8 91 80 89 49 32 28 90 93 6 35 73 
47 43 75 8 51 3 84 34 28 60 69 45 67 58 87 
65 62 97 20 31 33 33 77 50 80 48 90 75 96 44 
28 21 51 75 17 89 59 56 63 18 17 30 16 7 35 
57 16 42 34 37 26 68 73 5 8 12 87 83 20 97 
MACHINES
4 7 8 14 5 2 13 11 9 15 1 10 6 3 12 
3 13 2 14 4 5 9 15 1 11 8 6 10 12 7 
9 15 4 1 11 6 10 14 3 12 7 5 8 2 13 
6 14 12 5 15 3 10 9 11 4 7 8 2 1 13 
14 6 3 15 2 9 5 4 12 7 8 13 10 1 11 
15 12 3 6 9 11 1 5 10 8 14 4 2 7 13 
9 13 6 11 8 12 3 14 1 15 7 10 2 5 4 
10 8 13 4 7 3 11 14 2 9 15 5 1 6 12 
1 5 6 2 12 8 7 3 15 14 9 10 4 11 13 
9 12 8 2 15 14 13 5 7 10 11 1 6 3 4 
13 5 6 14 7 1 2 8 10 9 12 11 15 3 4 
4 15 5 14 6 10 9 1 8 13 7 2 11 12 3 
11 9 5 2 3 1 8 15 13 14 10 7 4 12 6 
7 3 1 15 2 5 13 4 11 8 9 10 6 14 12 
11 3 10 14 6 1 7 8 2 15 12 5 13 4 9 
