1344077538,1806968543
15,15,15
1 39 13 63 74 89 62 34 72 33 20 5 75 19 78 
58 68 32 80 54 98 43 21 24 28 50 66 54 74 81 
73 25 57 18 52 35 26 71 60 54 18 11 47 50 76 
1 28 11 31 81 99 36 98 68 21 34 72 23 71 70 
18 3 31 86 61 74 44 86 85 98 54 52 95 70 15 
61 16 8 81 66 91 9 6 52 63 58 94 90 39 26 
72 82 31 90 96 8 56 9 4 28 88 60 45 35 2 
63 42 39 76 42 46 16 24 89 57 77 44 79 2 36 
6 31 57 36 5 51 56 36 79 69 43 73 55 16 4 
51 35 4 94 38 29 10 77 41 60 81 77 99 46 43 
28 19 97 48 10 75 6 47 3 29 89 3 2 15 16 
72 5 48 54 3 56 79 81 20 73 61 53 40 30 79 
51 83 81 68 77 9 28 71 32 44 19 55 72 61 4 
79 69 77 21 55 72 97 48 15 35 1 79 16 24 99 
41 5 15 73 89 95 58 50 96 13 96 5 97 58 29 
MACHINES
4 8 5 3 13 6 15 10 14 12 11 9 2 1 7 
12 1 5 14 3 2 10 8 9 15 11 7 6 4 13 
10 11 1 12 7 2 13 5 3 9 6 14 8 15 4 
10 13 5 12 4 15 11 7 9 6 1 2 14 8 3 
2 5 7 1 13 11 3 15 4 12 10 14 8 9 6 
15 11 9 12 1 14 10 6 7 2 3 8 5 4 13 
2 10 7 4 12 11 6 3 1 8 14 9 13 5 15 
12 2 13 1 6 7 15 10 5 8 4 3 11 9 14 
11 10 6 8 13 14 7 3 4 12 5 1 15 2 9 
9 10 14 13 11 4 1 6 15 7 5 12 2 8 3 
8 10 9 12 4 11 6 5 3 2 1 15 7 14 13 
9 14 5 12 11 1 8 4 7 13 6 3 10 15 2 
14 1 15 6 9 8 5 2 13 4 12 11 3 10 7 
12 8 3 11 2 10 1 5 13 6 15 9 14 7 4 
6 8 14 10 12 9 13 3 7 4 2 1 15 11 5 
