344628625,44531661
15,15,15
52 19 6 20 1 26 90 44 27 18 51 80 10 51 41 
44 85 2 78 86 88 61 20 56 12 69 34 55 34 84 
62 72 74 63 95 29 24 34 89 83 90 26 98 65 31 
10 15 93 79 77 61 1 48 22 27 21 17 45 96 11 
83 52 70 78 7 28 97 52 29 81 60 91 80 54 35 
3 31 98 97 77 39 41 10 9 93 7 49 20 45 59 
28 93 4 51 67 5 18 52 47 21 49 63 96 85 90 
25 82 58 15 67 50 66 92 56 82 57 16 34 99 61 
82 31 22 16 87 48 59 63 29 99 48 36 91 61 59 
28 25 69 65 62 57 97 31 15 25 83 98 55 66 31 
20 99 13 88 25 75 90 84 70 41 17 54 63 1 95 
59 22 46 10 1 21 3 84 93 59 78 73 59 42 63 
72 80 12 56 22 8 93 27 17 38 26 51 43 80 94 
72 78 29 90 46 46 43 75 90 29 8 92 16 62 6 
89 44 41 32 10 85 16 23 91 46 35 17 93 45 93 
MACHINES
3 2 5 7 10 9 1 15 11 13 14 12 6 8 4 
5 7 2 10 9 1 11 12 14 15 3 4 8 6 13 
2 7 1 5 13 6 4 3 12 14 8 9 11 15 10 
14 7 6 1 12 9 3 2 11 4 13 10 15 8 5 
5 8 9 14 3 13 12 4 11 7 2 6 15 10 1 
1 10 8 5 15 4 7 3 14 11 13 12 9 6 2 
5 8 6 7 3 14 10 12 4 11 2 13 15 1 9 
7 1 14 3 5 6 10 8 12 2 15 4 13 9 11 
10 13 7 12 6 8 2 14 11 15 4 3 1 9 5 
13 14 3 10 2 5 8 7 4 1 9 15 6 12 11 
1 13 8 15 6 7 5 11 2 12 10 3 9 14 4 
3 2 1 6 7 8 10 5 15 14 11 13 9 12 4 
6 7 12 10 15 3 8 1 2 13 9 14 11 5 4 
10 6 4 7 1 13 14 5 2 11 12 9 3 8 15 
10 8 4 12 13 14 9 2 15 7 6 11 1 5 3 
