398197754,302545136
15,15,15
83 1 96 54 30 80 81 9 49 32 19 92 65 88 64 
4 68 79 21 84 92 66 51 83 96 68 38 38 99 76 
46 57 66 75 88 58 56 35 59 82 24 96 24 55 80 
34 69 53 98 8 81 81 38 39 3 59 81 30 76 71 
85 80 36 57 96 34 14 3 90 99 9 42 95 27 27 
28 11 66 2 35 69 61 84 73 56 98 81 72 92 23 
21 5 95 5 22 16 77 85 76 46 36 89 99 44 37 
49 80 61 87 41 6 83 79 44 83 9 84 99 38 68 
77 51 68 69 6 26 99 6 34 27 51 82 5 90 1 
85 64 55 76 89 68 34 14 52 33 91 4 18 95 76 
40 8 36 5 1 51 33 80 90 75 47 65 42 16 11 
38 83 48 74 15 10 89 41 97 97 16 47 21 95 20 
89 22 11 15 37 65 28 39 88 14 28 6 24 4 23 
14 66 4 58 7 6 5 48 54 59 2 1 4 82 75 
24 66 4 20 79 50 23 15 14 91 86 96 63 16 3 
MACHINES
7 13 5 8 4 3 11 12 9 15 10 14 6 1 2 
5 6 8 15 14 9 12 10 7 11 1 4 13 2 3 
2 9 10 13 7 12 14 6 1 3 8 11 5 4 15 
6 3 10 7 11 1 14 5 8 15 12 9 13 2 4 
8 9 7 11 5 10 3 15 13 6 2 14 12 1 4 
6 4 13 14 12 5 15 8 3 2 11 1 10 7 9 
13 4 8 9 15 7 2 12 5 6 3 11 1 14 10 
12 6 1 8 13 14 15 2 3 9 5 4 10 7 11 
11 12 7 15 1 2 3 6 13 5 9 8 10 14 4 
7 12 10 3 9 1 14 4 11 8 2 13 15 5 6 
5 8 14 1 6 13 7 9 15 11 4 2 12 10 3 
3 15 1 13 7 11 8 6 9 10 14 2 4 12 5 
6 9 11 3 4 7 10 1 14 5 2 12 13 8 15 
9 15 5 14 6 7 10 2 13 8 12 11 4 3 1 
11 9 13 7 5 2 14 15 12 1 8 4 3 10 6 
