1111853152,1603221416
15,15,15
40 96 59 95 76 75 23 65 65 16 71 52 84 99 24 
2 88 99 52 68 13 38 35 57 37 93 38 68 94 71 
87 46 14 87 30 79 62 37 54 1 97 16 2 51 96 
19 15 42 8 72 15 76 25 78 84 62 70 81 16 97 
68 71 3 68 91 37 73 21 85 79 51 50 21 30 64 
14 1 29 72 6 31 98 50 83 2 86 33 33 98 59 
21 80 99 70 80 71 47 96 56 78 53 10 92 1 33 
29 85 89 10 30 38 38 48 16 65 90 73 88 46 47 
37 9 49 23 1 78 39 15 9 41 35 83 8 61 60 
1 73 47 46 10 37 60 84 26 11 37 79 75 49 51 
22 49 33 2 24 3 73 68 21 61 69 94 43 39 48 
81 46 21 23 86 19 64 52 22 50 11 73 77 16 75 
21 80 30 32 22 23 85 92 14 13 68 60 45 32 90 
29 95 52 59 33 12 73 96 75 12 83 3 90 57 6 
94 18 54 42 70 29 43 50 75 70 40 48 1 27 12 
MACHINES
12 6 4 14 7 10 3 9 15 13 5 2 1 11 8 
9 4 10 13 3 12 15 14 11 1 6 8 5 2 7 
11 14 6 3 10 15 2 8 7 13 9 1 12 4 5 
1 5 9 2 15 13 6 12 4 7 14 3 11 8 10 
3 12 4 6 1 8 9 7 13 14 5 2 11 10 15 
7 10 5 12 15 11 1 13 8 2 9 3 4 14 6 
10 8 15 12 3 7 4 5 9 13 2 6 14 11 1 
5 12 15 9 11 8 1 13 10 4 2 14 7 6 3 
10 1 13 11 12 5 6 4 8 3 2 9 15 14 7 
3 4 12 13 7 6 8 9 11 2 14 15 1 10 5 
14 10 15 12 7 6 8 2 9 1 11 3 4 5 13 
14 2 5 15 1 8 7 4 11 6 3 13 12 9 10 
15 13 14 11 9 5 1 8 10 7 2 3 12 6 4 
4 7 15 11 5 3 13 1 6 9 12 2 8 10 14 
13 9 8 10 14 12 4 3 5 6 1 11 2 7 15 
