1544979948,1314640371
15,15,15
86 60 10 59 65 94 71 25 98 49 43 8 90 21 73 
68 28 38 36 93 35 37 28 62 86 65 11 20 82 23 
33 67 96 91 83 81 60 88 20 62 22 79 38 40 82 
13 14 73 88 24 16 78 70 53 68 73 90 58 7 4 
93 52 63 13 19 41 71 59 19 60 85 99 73 95 19 
62 60 93 16 10 72 88 69 58 41 46 63 76 83 62 
50 68 90 34 44 5 8 25 70 53 78 92 62 85 70 
60 64 92 44 63 91 21 1 96 19 59 12 41 11 94 
93 46 51 37 91 90 63 40 68 13 16 83 49 24 23 
5 35 21 14 66 3 6 98 63 64 76 94 17 62 37 
35 42 62 68 73 27 52 39 41 25 9 34 50 41 98 
23 32 35 10 29 68 20 8 58 62 39 32 8 33 91 
28 31 3 28 66 59 24 45 81 8 44 42 2 23 53 
11 93 27 59 62 23 23 7 77 64 60 97 36 53 72 
36 98 38 24 84 47 72 1 91 85 68 42 20 30 30 
MACHINES
9 3 8 15 13 1 5 4 14 6 10 11 7 2 12 
3 9 7 5 12 1 10 8 6 4 2 11 14 15 13 
6 12 9 15 13 2 5 10 11 7 14 1 3 4 8 
10 14 9 7 13 6 11 3 2 1 15 12 4 5 8 
9 11 4 14 15 6 5 1 13 12 10 7 3 2 8 
8 3 10 6 11 5 4 2 12 9 7 15 14 1 13 
3 11 2 13 15 4 1 5 10 6 12 14 8 9 7 
14 7 12 13 9 8 15 6 4 5 1 11 3 2 10 
9 5 7 8 1 12 14 13 3 4 11 2 6 15 10 
3 7 13 10 9 12 2 4 14 5 11 6 1 8 15 
1 10 5 9 11 3 12 13 15 7 4 8 6 2 14 
9 2 13 6 8 11 10 5 12 7 14 3 15 1 4 
14 15 3 10 8 9 13 5 11 7 2 1 6 12 4 
2 1 13 3 14 9 4 15 5 8 7 10 12 11 6 
4 14 3 6 10 7 8 5 9 1 13 11 15 2 12 
