1544979948,1561423441
15,15,15
28 78 22 21 10 16 53 19 46 85 47 98 8 78 16 
57 71 40 73 51 80 72 36 23 83 6 18 25 23 77 
56 85 47 32 9 81 58 78 68 38 81 85 65 16 86 
47 99 97 70 70 58 39 42 54 22 82 29 78 65 72 
35 38 43 78 58 24 27 93 43 79 88 60 5 70 33 
16 42 19 63 67 48 15 72 36 11 82 48 75 55 42 
51 56 43 33 6 61 72 29 94 3 40 62 40 10 56 
80 34 90 1 74 22 86 65 18 60 23 82 39 10 4 
56 55 25 76 47 19 51 33 41 80 82 18 2 60 27 
6 55 69 66 82 44 36 44 96 24 33 53 82 25 59 
78 82 84 59 35 55 9 8 73 60 8 35 50 98 36 
44 26 66 48 86 23 17 44 20 39 51 38 77 59 28 
75 63 67 3 70 64 7 68 80 23 65 58 98 89 84 
20 5 16 84 57 14 78 5 51 79 40 32 58 83 86 
26 17 65 13 72 86 23 41 21 88 91 4 94 40 79 
MACHINES
9 3 8 15 13 1 5 4 14 6 10 11 7 2 12 
3 9 7 5 12 1 10 8 6 4 2 11 14 15 13 
6 12 9 15 13 2 5 10 11 7 14 1 3 4 8 
10 14 9 7 13 6 11 3 2 1 15 12 4 5 8 
9 11 4 14 15 6 5 1 13 12 10 7 3 2 8 
8 3 10 6 11 5 4 2 12 9 7 15 14 1 13 
3 11 2 13 15 4 1 5 10 6 12 14 8 9 7 
14 7 12 13 9 8 15 6 4 5 1 11 3 2 10 
9 5 7 8 1 12 14 13 3 4 11 2 6 15 10 
3 7 13 10 9 12 2 4 14 5 11 6 1 8 15 
1 10 5 9 11 3 12 13 15 7 4 8 6 2 14 
9 2 13 6 8 11 10 5 12 7 14 3 15 1 4 
14 15 3 10 8 9 13 5 11 7 2 1 6 12 4 
2 1 13 3 14 9 4 15 5 8 7 10 12 11 6 
4 14 3 6 10 7 8 5 9 1 13 11 15 2 12 
