386720536,666128954
15,15,15
37 23 91 63 58 75 99 75 28 9 73 61 81 82 4 
72 20 73 39 76 48 52 4 99 68 45 49 36 44 23 
62 91 15 86 83 72 49 80 1 59 46 41 86 35 71 
18 8 16 90 16 63 91 79 97 87 25 45 22 71 16 
13 15 70 39 6 47 21 36 46 33 32 25 80 77 25 
56 38 68 92 10 32 52 25 66 69 46 62 74 50 24 
45 93 2 39 43 74 65 4 85 77 23 24 60 89 54 
19 61 83 65 29 72 83 74 75 85 31 68 5 21 53 
78 65 5 14 48 92 1 44 52 33 98 43 98 68 3 
26 24 18 10 57 15 21 58 13 78 6 1 29 46 75 
68 81 1 27 34 95 83 64 43 73 22 63 65 85 89 
73 63 57 75 19 25 8 70 79 31 13 89 19 13 91 
91 64 61 75 8 98 96 70 36 5 97 88 95 45 46 
57 60 36 88 67 97 42 22 81 76 75 93 7 29 42 
5 49 87 99 46 89 85 43 9 99 34 23 31 38 22 
MACHINES
10 15 5 14 11 4 8 9 1 6 2 3 13 7 12 
11 9 12 15 4 14 10 8 5 3 7 2 6 13 1 
8 1 7 6 15 14 3 12 5 13 2 10 4 11 9 
10 12 15 1 2 9 6 11 13 5 14 4 7 8 3 
12 5 14 4 9 2 11 13 3 15 7 8 1 10 6 
6 3 2 11 1 5 9 15 7 4 10 8 12 13 14 
6 11 14 1 10 9 2 12 15 8 13 3 7 5 4 
13 1 10 4 14 7 6 8 3 15 12 9 11 2 5 
12 11 6 14 2 10 9 8 4 7 1 3 15 13 5 
3 15 4 11 7 2 1 14 12 5 6 9 8 13 10 
12 15 14 6 5 10 2 7 13 1 3 9 11 4 8 
13 4 11 9 5 8 14 12 15 2 3 1 6 7 10 
9 14 6 1 12 10 5 13 2 11 7 3 8 15 4 
3 6 5 4 10 2 12 14 8 7 11 15 1 9 13 
2 11 5 3 1 8 7 10 12 13 6 15 4 14 9 
