1787167667,1603221416
15,15,15
40 96 59 95 76 75 23 65 65 16 71 52 84 99 24 
2 88 99 52 68 13 38 35 57 37 93 38 68 94 71 
87 46 14 87 30 79 62 37 54 1 97 16 2 51 96 
19 15 42 8 72 15 76 25 78 84 62 70 81 16 97 
68 71 3 68 91 37 73 21 85 79 51 50 21 30 64 
14 1 29 72 6 31 98 50 83 2 86 33 33 98 59 
21 80 99 70 80 71 47 96 56 78 53 10 92 1 33 
29 85 89 10 30 38 38 48 16 65 90 73 88 46 47 
37 9 49 23 1 78 39 15 9 41 35 83 8 61 60 
1 73 47 46 10 37 60 84 26 11 37 79 75 49 51 
22 49 33 2 24 3 73 68 21 61 69 94 43 39 48 
81 46 21 23 86 19 64 52 22 50 11 73 77 16 75 
21 80 30 32 22 23 85 92 14 13 68 60 45 32 90 
29 95 52 59 33 12 73 96 75 12 83 3 90 57 6 
94 18 54 42 70 29 43 50 75 70 40 48 1 27 12 
MACHINES
1 15 13 6 3 7 4 10 14 11 8 2 12 9 5 
11 15 9 4 12 2 7 13 8 3 1 10 5 14 6 
13 7 2 6 9 3 10 11 4 14 15 5 12 1 8 
13 9 15 4 12 3 6 7 11 8 10 1 14 2 5 
8 12 5 3 10 2 7 1 6 14 13 11 4 15 9 
7 12 1 8 15 3 14 13 2 5 4 6 10 11 9 
13 5 14 15 7 2 9 10 6 8 1 4 12 11 3 
10 3 4 12 9 11 8 5 2 6 15 14 7 1 13 
11 8 13 3 15 4 10 7 1 14 12 2 5 9 6 
3 1 7 9 11 14 10 8 13 5 2 12 4 15 6 
5 8 10 15 14 2 9 4 1 12 6 11 7 13 3 
9 11 2 7 10 13 8 1 14 15 4 12 3 5 6 
4 5 7 8 2 11 3 9 12 13 1 6 15 14 10 
5 12 6 4 14 3 8 1 9 11 7 13 2 15 10 
12 15 5 8 9 14 13 3 1 6 10 11 2 7 4 
