344628625,666128954
15,15,15
37 23 91 63 58 75 99 75 28 9 73 61 81 82 4 
72 20 73 39 76 48 52 4 99 68 45 49 36 44 23 
62 91 15 86 83 72 49 80 1 59 46 41 86 35 71 
18 8 16 90 16 63 91 79 97 87 25 45 22 71 16 
13 15 70 39 6 47 21 36 46 33 32 25 80 77 25 
56 38 68 92 10 32 52 25 66 69 46 62 74 50 24 
45 93 2 39 43 74 65 4 85 77 23 24 60 89 54 
19 61 83 65 29 72 83 74 75 85 31 68 5 21 53 
78 65 5 14 48 92 1 44 52 33 98 43 98 68 3 
26 24 18 10 57 15 21 58 13 78 6 1 29 46 75 
68 81 1 27 34 95 83 64 43 73 22 63 65 85 89 
73 63 57 75 19 25 8 70 79 31 13 89 19 13 91 
91 64 61 75 8 98 96 70 36 5 97 88 95 45 46 
57 60 36 88 67 97 42 22 81 76 75 93 7 29 42 
5 49 87 99 46 89 85 43 9 99 34 23 31 38 22 
MACHINES
3 2 5 7 10 9 1 15 11 13 14 12 6 8 4 
5 7 2 10 9 1 11 12 14 15 3 4 8 6 13 
2 7 1 5 13 6 4 3 12 14 8 9 11 15 10 
14 7 6 1 12 9 3 2 11 4 13 10 15 8 5 
5 8 9 14 3 13 12 4 11 7 2 6 15 10 1 
1 10 8 5 15 4 7 3 14 11 13 12 9 6 2 
5 8 6 7 3 14 10 12 4 11 2 13 15 1 9 
7 1 14 3 5 6 10 8 12 2 15 4 13 9 11 
10 13 7 12 6 8 2 14 11 15 4 3 1 9 5 
13 14 3 10 2 5 8 7 4 1 9 15 6 12 11 
1 13 8 15 6 7 5 11 2 12 10 3 9 14 4 
3 2 1 6 7 8 10 5 15 14 11 13 9 12 4 
6 7 12 10 15 3 8 1 2 13 9 14 11 5 4 
10 6 4 7 1 13 14 5 2 11 12 9 3 8 15 
10 8 4 12 13 14 9 2 15 7 6 11 1 5 3 
