1734077082,840612802
15,15,15
94 66 10 53 26 15 65 82 10 27 93 92 96 70 83 
74 31 88 51 57 78 8 7 91 79 18 51 18 99 33 
4 82 40 86 50 54 21 6 54 68 82 20 39 35 68 
73 23 30 30 53 94 58 93 32 91 30 56 27 92 9 
78 23 21 60 36 29 95 99 79 76 93 42 52 42 96 
29 61 88 70 16 31 65 83 78 26 50 87 62 14 30 
18 75 20 4 91 68 19 54 85 73 43 24 37 87 66 
32 52 9 49 61 35 99 62 6 62 7 80 3 57 7 
85 30 96 91 13 87 82 83 78 56 85 8 66 88 15 
5 59 30 60 41 17 66 89 78 88 69 45 82 6 13 
90 27 1 8 91 80 89 49 32 28 90 93 6 35 73 
47 43 75 8 51 3 84 34 28 60 69 45 67 58 87 
65 62 97 20 31 33 33 77 50 80 48 90 75 96 44 
28 21 51 75 17 89 59 56 63 18 17 30 16 7 35 
57 16 42 34 37 26 68 73 5 8 12 87 83 20 97 
MACHINES
8 13 6 9 4 15 14 10 1 2 5 3 7 12 11 
9 1 6 14 7 2 5 3 4 12 11 13 10 15 8 
7 9 8 2 10 6 13 5 1 3 15 12 4 14 11 
13 1 15 8 14 2 7 9 12 3 4 10 6 11 5 
9 3 13 12 11 10 5 4 15 6 1 8 7 14 2 
14 9 7 12 15 10 13 8 1 2 11 3 6 4 5 
5 2 3 14 8 7 1 9 13 15 11 10 6 4 12 
5 11 15 4 7 14 12 10 1 6 2 13 9 8 3 
8 2 6 5 15 9 1 10 13 4 11 3 14 12 7 
4 7 14 5 6 11 3 9 13 12 10 8 15 2 1 
2 5 8 3 15 11 13 14 7 6 10 1 4 9 12 
1 8 15 14 9 4 7 10 6 13 11 5 2 3 12 
15 11 1 9 13 14 5 12 2 4 7 6 3 10 8 
14 5 9 7 6 3 10 1 12 13 2 4 15 8 11 
15 3 7 5 4 12 2 6 8 1 9 11 10 13 14 
