1735817385,666128954
15,15,15
37 23 91 63 58 75 99 75 28 9 73 61 81 82 4 
72 20 73 39 76 48 52 4 99 68 45 49 36 44 23 
62 91 15 86 83 72 49 80 1 59 46 41 86 35 71 
18 8 16 90 16 63 91 79 97 87 25 45 22 71 16 
13 15 70 39 6 47 21 36 46 33 32 25 80 77 25 
56 38 68 92 10 32 52 25 66 69 46 62 74 50 24 
45 93 2 39 43 74 65 4 85 77 23 24 60 89 54 
19 61 83 65 29 72 83 74 75 85 31 68 5 21 53 
78 65 5 14 48 92 1 44 52 33 98 43 98 68 3 
26 24 18 10 57 15 21 58 13 78 6 1 29 46 75 
68 81 1 27 34 95 83 64 43 73 22 63 65 85 89 
73 63 57 75 19 25 8 70 79 31 13 89 19 13 91 
91 64 61 75 8 98 96 70 36 5 97 88 95 45 46 
57 60 36 88 67 97 42 22 81 76 75 93 7 29 42 
5 49 87 99 46 89 85 43 9 99 34 23 31 38 22 
MACHINES
3 8 9 11 14 2 13 12 5 6 10 1 7 4 15 
7 13 8 1 15 10 12 3 6 9 14 4 2 5 11 
8 3 4 2 5 6 12 13 15 10 7 1 11 14 9 
4 11 8 3 15 5 7 13 1 6 12 14 10 2 9 
2 13 5 11 1 4 12 10 15 9 8 6 3 7 14 
6 13 11 1 7 9 10 2 8 14 12 3 4 15 5 
2 13 15 11 5 10 4 12 6 8 3 7 14 9 1 
14 12 9 2 4 6 11 3 13 15 5 7 8 1 10 
4 10 9 15 14 11 12 5 6 1 8 7 2 3 13 
12 4 3 1 5 9 13 15 10 11 2 8 6 7 14 
13 15 5 9 6 11 8 12 10 14 4 3 1 7 2 
2 5 10 15 9 12 6 3 11 14 8 7 1 13 4 
14 2 11 6 8 5 10 4 13 3 1 12 15 7 9 
4 14 10 5 3 15 13 8 7 2 11 6 12 1 9 
10 3 15 6 8 7 4 1 2 12 9 5 11 14 13 
