1734077082,302545136
15,15,15
83 1 96 54 30 80 81 9 49 32 19 92 65 88 64 
4 68 79 21 84 92 66 51 83 96 68 38 38 99 76 
46 57 66 75 88 58 56 35 59 82 24 96 24 55 80 
34 69 53 98 8 81 81 38 39 3 59 81 30 76 71 
85 80 36 57 96 34 14 3 90 99 9 42 95 27 27 
28 11 66 2 35 69 61 84 73 56 98 81 72 92 23 
21 5 95 5 22 16 77 85 76 46 36 89 99 44 37 
49 80 61 87 41 6 83 79 44 83 9 84 99 38 68 
77 51 68 69 6 26 99 6 34 27 51 82 5 90 1 
85 64 55 76 89 68 34 14 52 33 91 4 18 95 76 
40 8 36 5 1 51 33 80 90 75 47 65 42 16 11 
38 83 48 74 15 10 89 41 97 97 16 47 21 95 20 
89 22 11 15 37 65 28 39 88 14 28 6 24 4 23 
14 66 4 58 7 6 5 48 54 59 2 1 4 82 75 
24 66 4 20 79 50 23 15 14 91 86 96 63 16 3 
MACHINES
8 13 6 9 4 15 14 10 1 2 5 3 7 12 11 
9 1 6 14 7 2 5 3 4 12 11 13 10 15 8 
7 9 8 2 10 6 13 5 1 3 15 12 4 14 11 
13 1 15 8 14 2 7 9 12 3 4 10 6 11 5 
9 3 13 12 11 10 5 4 15 6 1 8 7 14 2 
14 9 7 12 15 10 13 8 1 2 11 3 6 4 5 
5 2 3 14 8 7 1 9 13 15 11 10 6 4 12 
5 11 15 4 7 14 12 10 1 6 2 13 9 8 3 
8 2 6 5 15 9 1 10 13 4 11 3 14 12 7 
4 7 14 5 6 11 3 9 13 12 10 8 15 2 1 
2 5 8 3 15 11 13 14 7 6 10 1 4 9 12 
1 8 15 14 9 4 7 10 6 13 11 5 2 3 12 
15 11 1 9 13 14 5 12 2 4 7 6 3 10 8 
14 5 9 7 6 3 10 1 12 13 2 4 15 8 11 
15 3 7 5 4 12 2 6 8 1 9 11 10 13 14 
