818777384,1357584978
15,15,15
96 23 71 26 28 16 27 71 18 57 43 5 12 91 63 
32 81 95 79 55 45 60 73 23 44 92 20 5 72 73 
63 93 63 79 10 66 27 93 24 26 8 69 29 66 97 
80 87 68 23 54 16 68 32 74 3 2 71 4 67 28 
46 96 11 41 93 2 98 10 43 65 27 57 75 87 81 
5 91 92 87 66 36 67 88 92 27 13 7 95 66 13 
90 33 78 76 93 67 82 94 12 5 85 42 4 2 70 
79 24 41 83 45 29 3 42 5 44 83 59 60 78 44 
19 55 20 74 66 37 55 63 40 73 55 84 54 62 6 
27 59 6 90 6 37 64 35 25 59 77 30 1 7 70 
4 53 6 10 51 89 38 38 35 44 99 88 52 16 99 
28 11 76 51 35 60 44 39 66 49 40 34 80 38 29 
31 32 40 25 40 85 39 61 15 41 93 64 16 81 97 
9 21 8 55 79 76 79 61 68 99 24 23 92 91 22 
80 30 67 58 45 29 48 28 64 63 80 23 93 55 48 
MACHINES
1 3 2 6 15 13 14 5 9 11 7 4 12 10 8 
10 15 12 1 9 6 14 2 5 4 11 7 13 3 8 
3 2 10 8 14 6 12 15 4 1 13 9 5 7 11 
2 3 7 6 5 4 14 1 12 15 10 9 13 11 8 
6 14 7 15 9 2 10 3 8 4 12 11 1 5 13 
9 15 5 1 2 11 4 3 12 6 8 10 14 7 13 
8 9 2 6 13 12 3 15 5 14 7 1 11 4 10 
9 2 10 13 14 5 8 11 6 3 7 12 15 4 1 
13 6 8 3 5 9 2 7 15 10 4 12 11 1 14 
4 5 9 6 3 15 12 11 7 10 8 13 2 1 14 
6 3 11 5 14 13 15 4 12 8 1 2 10 9 7 
11 3 4 6 14 12 1 2 9 15 8 7 13 10 5 
13 7 1 6 8 14 15 11 3 12 9 2 4 5 10 
15 5 9 10 2 12 1 7 4 3 8 14 13 6 11 
11 5 7 12 8 13 4 10 1 3 2 6 9 15 14 
