818777384,1153780144
15,15,15
91 15 45 26 90 53 7 78 94 8 19 56 69 66 98 
34 1 40 74 43 73 96 80 87 78 88 90 49 85 3 
88 98 82 46 79 69 95 41 39 12 1 71 27 77 99 
50 1 21 72 46 20 62 33 79 56 67 23 56 44 56 
15 15 16 79 8 73 86 52 79 62 93 86 44 80 18 
79 63 94 9 86 89 12 66 55 70 35 14 3 54 62 
42 39 42 9 37 25 78 76 16 38 30 80 34 92 29 
96 25 49 67 53 20 52 29 51 35 38 18 43 46 98 
73 68 3 98 68 8 15 88 72 20 89 59 68 63 41 
30 43 80 64 14 6 36 88 71 51 63 32 16 63 7 
18 90 55 25 72 92 88 69 89 83 58 35 79 43 86 
50 64 88 57 25 73 18 4 69 40 28 37 42 82 83 
2 41 13 75 31 66 72 66 96 45 29 49 96 50 38 
80 90 36 50 76 15 31 89 87 55 49 23 19 38 93 
75 45 75 72 65 6 16 24 24 44 4 22 99 10 85 
MACHINES
1 3 2 6 15 13 14 5 9 11 7 4 12 10 8 
10 15 12 1 9 6 14 2 5 4 11 7 13 3 8 
3 2 10 8 14 6 12 15 4 1 13 9 5 7 11 
2 3 7 6 5 4 14 1 12 15 10 9 13 11 8 
6 14 7 15 9 2 10 3 8 4 12 11 1 5 13 
9 15 5 1 2 11 4 3 12 6 8 10 14 7 13 
8 9 2 6 13 12 3 15 5 14 7 1 11 4 10 
9 2 10 13 14 5 8 11 6 3 7 12 15 4 1 
13 6 8 3 5 9 2 7 15 10 4 12 11 1 14 
4 5 9 6 3 15 12 11 7 10 8 13 2 1 14 
6 3 11 5 14 13 15 4 12 8 1 2 10 9 7 
11 3 4 6 14 12 1 2 9 15 8 7 13 10 5 
13 7 1 6 8 14 15 11 3 12 9 2 4 5 10 
15 5 9 10 2 12 1 7 4 3 8 14 13 6 11 
11 5 7 12 8 13 4 10 1 3 2 6 9 15 14 
