1344077538,1561423441
15,15,15
28 78 22 21 10 16 53 19 46 85 47 98 8 78 16 
57 71 40 73 51 80 72 36 23 83 6 18 25 23 77 
56 85 47 32 9 81 58 78 68 38 81 85 65 16 86 
47 99 97 70 70 58 39 42 54 22 82 29 78 65 72 
35 38 43 78 58 24 27 93 43 79 88 60 5 70 33 
16 42 19 63 67 48 15 72 36 11 82 48 75 55 42 
51 56 43 33 6 61 72 29 94 3 40 62 40 10 56 
80 34 90 1 74 22 86 65 18 60 23 82 39 10 4 
56 55 25 76 47 19 51 33 41 80 82 18 2 60 27 
6 55 69 66 82 44 36 44 96 24 33 53 82 25 59 
78 82 84 59 35 55 9 8 73 60 8 35 50 98 36 
44 26 66 48 86 23 17 44 20 39 51 38 77 59 28 
75 63 67 3 70 64 7 68 80 23 65 58 98 89 84 
20 5 16 84 57 14 78 5 51 79 40 32 58 83 86 
26 17 65 13 72 86 23 41 21 88 91 4 94 40 79 
MACHINES
4 8 5 3 13 6 15 10 14 12 11 9 2 1 7 
12 1 5 14 3 2 10 8 9 15 11 7 6 4 13 
10 11 1 12 7 2 13 5 3 9 6 14 8 15 4 
10 13 5 12 4 15 11 7 9 6 1 2 14 8 3 
2 5 7 1 13 11 3 15 4 12 10 14 8 9 6 
15 11 9 12 1 14 10 6 7 2 3 8 5 4 13 
2 10 7 4 12 11 6 3 1 8 14 9 13 5 15 
12 2 13 1 6 7 15 10 5 8 4 3 11 9 14 
11 10 6 8 13 14 7 3 4 12 5 1 15 2 9 
9 10 14 13 11 4 1 6 15 7 5 12 2 8 3 
8 10 9 12 4 11 6 5 3 2 1 15 7 14 13 
9 14 5 12 11 1 8 4 7 13 6 3 10 15 2 
14 1 15 6 9 8 5 2 13 4 12 11 3 10 7 
12 8 3 11 2 10 1 5 13 6 15 9 14 7 4 
6 8 14 10 12 9 13 3 7 4 2 1 15 11 5 
