1868311537,1153780144
15,15,15
91 15 45 26 90 53 7 78 94 8 19 56 69 66 98 
34 1 40 74 43 73 96 80 87 78 88 90 49 85 3 
88 98 82 46 79 69 95 41 39 12 1 71 27 77 99 
50 1 21 72 46 20 62 33 79 56 67 23 56 44 56 
15 15 16 79 8 73 86 52 79 62 93 86 44 80 18 
79 63 94 9 86 89 12 66 55 70 35 14 3 54 62 
42 39 42 9 37 25 78 76 16 38 30 80 34 92 29 
96 25 49 67 53 20 52 29 51 35 38 18 43 46 98 
73 68 3 98 68 8 15 88 72 20 89 59 68 63 41 
30 43 80 64 14 6 36 88 71 51 63 32 16 63 7 
18 90 55 25 72 92 88 69 89 83 58 35 79 43 86 
50 64 88 57 25 73 18 4 69 40 28 37 42 82 83 
2 41 13 75 31 66 72 66 96 45 29 49 96 50 38 
80 90 36 50 76 15 31 89 87 55 49 23 19 38 93 
75 45 75 72 65 6 16 24 24 44 4 22 99 10 85 
MACHINES
2 3 14 15 7 4 9 12 5 10 6 13 11 8 1 
6 1 4 13 10 12 14 7 2 8 9 3 5 15 11 
15 2 1 10 6 11 8 12 3 7 5 13 4 9 14 
11 15 5 3 4 1 8 13 6 14 7 10 12 2 9 
6 15 4 11 13 3 10 7 12 8 2 1 5 9 14 
2 13 10 11 4 5 12 3 15 6 14 9 7 8 1 
12 3 10 2 15 14 6 9 7 8 13 5 11 1 4 
5 3 11 1 9 14 13 15 8 4 6 2 10 12 7 
11 7 3 10 2 1 15 6 12 13 9 5 4 8 14 
9 1 5 2 15 8 7 6 14 11 4 12 10 13 3 
4 10 15 5 3 14 9 6 11 7 12 13 1 8 2 
12 6 13 8 2 14 11 9 15 3 10 4 5 7 1 
1 7 12 13 14 10 5 11 9 8 3 15 4 6 2 
12 8 3 9 4 13 2 15 14 6 11 7 1 5 10 
12 11 15 7 6 9 14 4 8 1 13 2 3 10 5 
