386720536,840612802
15,15,15
94 66 10 53 26 15 65 82 10 27 93 92 96 70 83 
74 31 88 51 57 78 8 7 91 79 18 51 18 99 33 
4 82 40 86 50 54 21 6 54 68 82 20 39 35 68 
73 23 30 30 53 94 58 93 32 91 30 56 27 92 9 
78 23 21 60 36 29 95 99 79 76 93 42 52 42 96 
29 61 88 70 16 31 65 83 78 26 50 87 62 14 30 
18 75 20 4 91 68 19 54 85 73 43 24 37 87 66 
32 52 9 49 61 35 99 62 6 62 7 80 3 57 7 
85 30 96 91 13 87 82 83 78 56 85 8 66 88 15 
5 59 30 60 41 17 66 89 78 88 69 45 82 6 13 
90 27 1 8 91 80 89 49 32 28 90 93 6 35 73 
47 43 75 8 51 3 84 34 28 60 69 45 67 58 87 
65 62 97 20 31 33 33 77 50 80 48 90 75 96 44 
28 21 51 75 17 89 59 56 63 18 17 30 16 7 35 
57 16 42 34 37 26 68 73 5 8 12 87 83 20 97 
MACHINES
10 15 5 14 11 4 8 9 1 6 2 3 13 7 12 
11 9 12 15 4 14 10 8 5 3 7 2 6 13 1 
8 1 7 6 15 14 3 12 5 13 2 10 4 11 9 
10 12 15 1 2 9 6 11 13 5 14 4 7 8 3 
12 5 14 4 9 2 11 13 3 15 7 8 1 10 6 
6 3 2 11 1 5 9 15 7 4 10 8 12 13 14 
6 11 14 1 10 9 2 12 15 8 13 3 7 5 4 
13 1 10 4 14 7 6 8 3 15 12 9 11 2 5 
12 11 6 14 2 10 9 8 4 7 1 3 15 13 5 
3 15 4 11 7 2 1 14 12 5 6 9 8 13 10 
12 15 14 6 5 10 2 7 13 1 3 9 11 4 8 
13 4 11 9 5 8 14 12 15 2 3 1 6 7 10 
9 14 6 1 12 10 5 13 2 11 7 3 8 15 4 
3 6 5 4 10 2 12 14 8 7 11 15 1 9 13 
2 11 5 3 1 8 7 10 12 13 6 15 4 14 9 
