2092186050,44531661
15,15,15
52 19 6 20 1 26 90 44 27 18 51 80 10 51 41 
44 85 2 78 86 88 61 20 56 12 69 34 55 34 84 
62 72 74 63 95 29 24 34 89 83 90 26 98 65 31 
10 15 93 79 77 61 1 48 22 27 21 17 45 96 11 
83 52 70 78 7 28 97 52 29 81 60 91 80 54 35 
3 31 98 97 77 39 41 10 9 93 7 49 20 45 59 
28 93 4 51 67 5 18 52 47 21 49 63 96 85 90 
25 82 58 15 67 50 66 92 56 82 57 16 34 99 61 
82 31 22 16 87 48 59 63 29 99 48 36 91 61 59 
28 25 69 65 62 57 97 31 15 25 83 98 55 66 31 
20 99 13 88 25 75 90 84 70 41 17 54 63 1 95 
59 22 46 10 1 21 3 84 93 59 78 73 59 42 63 
72 80 12 56 22 8 93 27 17 38 26 51 43 80 94 
72 78 29 90 46 46 43 75 90 29 8 92 16 62 6 
89 44 41 32 10 85 16 23 91 46 35 17 93 45 93 
MACHINES
4 7 8 14 5 2 13 11 9 15 1 10 6 3 12 
3 13 2 14 4 5 9 15 1 11 8 6 10 12 7 
9 15 4 1 11 6 10 14 3 12 7 5 8 2 13 
6 14 12 5 15 3 10 9 11 4 7 8 2 1 13 
14 6 3 15 2 9 5 4 12 7 8 13 10 1 11 
15 12 3 6 9 11 1 5 10 8 14 4 2 7 13 
9 13 6 11 8 12 3 14 1 15 7 10 2 5 4 
10 8 13 4 7 3 11 14 2 9 15 5 1 6 12 
1 5 6 2 12 8 7 3 15 14 9 10 4 11 13 
9 12 8 2 15 14 13 5 7 10 11 1 6 3 4 
13 5 6 14 7 1 2 8 10 9 12 11 15 3 4 
4 15 5 14 6 10 9 1 8 13 7 2 11 12 3 
11 9 5 2 3 1 8 15 13 14 10 7 4 12 6 
7 3 1 15 2 5 13 4 11 8 9 10 6 14 12 
11 3 10 14 6 1 7 8 2 15 12 5 13 4 9 
