1544979948,2033800800
15,15,15
28 75 76 23 66 32 10 26 63 52 1 5 69 5 13 
96 26 28 24 14 84 81 42 33 85 40 40 66 76 93 
31 87 48 95 73 69 48 46 53 79 17 15 23 87 55 
89 98 86 57 94 44 85 44 73 33 41 78 71 49 81 
91 94 69 96 73 10 70 20 78 17 95 96 10 56 10 
34 88 15 64 35 51 19 54 33 17 94 19 77 86 98 
32 15 27 24 4 73 81 72 74 47 35 39 91 91 37 
60 51 10 48 89 89 6 23 19 61 56 18 9 10 54 
48 61 82 34 74 82 81 68 8 45 27 17 42 63 7 
82 66 16 95 68 18 56 61 63 10 51 62 71 30 23 
41 16 16 86 17 76 4 54 15 48 31 23 81 30 60 
57 84 73 35 95 25 73 33 83 60 9 46 36 14 68 
14 7 28 69 22 87 85 38 36 98 80 65 50 3 38 
74 69 18 39 15 27 98 18 64 54 35 67 56 58 30 
47 49 42 11 49 95 58 78 9 18 7 12 50 91 48 
MACHINES
9 3 8 15 13 1 5 4 14 6 10 11 7 2 12 
3 9 7 5 12 1 10 8 6 4 2 11 14 15 13 
6 12 9 15 13 2 5 10 11 7 14 1 3 4 8 
10 14 9 7 13 6 11 3 2 1 15 12 4 5 8 
9 11 4 14 15 6 5 1 13 12 10 7 3 2 8 
8 3 10 6 11 5 4 2 12 9 7 15 14 1 13 
3 11 2 13 15 4 1 5 10 6 12 14 8 9 7 
14 7 12 13 9 8 15 6 4 5 1 11 3 2 10 
9 5 7 8 1 12 14 13 3 4 11 2 6 15 10 
3 7 13 10 9 12 2 4 14 5 11 6 1 8 15 
1 10 5 9 11 3 12 13 15 7 4 8 6 2 14 
9 2 13 6 8 11 10 5 12 7 14 3 15 1 4 
14 15 3 10 8 9 13 5 11 7 2 1 6 12 4 
2 1 13 3 14 9 4 15 5 8 7 10 12 11 6 
4 14 3 6 10 7 8 5 9 1 13 11 15 2 12 
