1734077082,44531661
15,15,15
52 19 6 20 1 26 90 44 27 18 51 80 10 51 41 
44 85 2 78 86 88 61 20 56 12 69 34 55 34 84 
62 72 74 63 95 29 24 34 89 83 90 26 98 65 31 
10 15 93 79 77 61 1 48 22 27 21 17 45 96 11 
83 52 70 78 7 28 97 52 29 81 60 91 80 54 35 
3 31 98 97 77 39 41 10 9 93 7 49 20 45 59 
28 93 4 51 67 5 18 52 47 21 49 63 96 85 90 
25 82 58 15 67 50 66 92 56 82 57 16 34 99 61 
82 31 22 16 87 48 59 63 29 99 48 36 91 61 59 
28 25 69 65 62 57 97 31 15 25 83 98 55 66 31 
20 99 13 88 25 75 90 84 70 41 17 54 63 1 95 
59 22 46 10 1 21 3 84 93 59 78 73 59 42 63 
72 80 12 56 22 8 93 27 17 38 26 51 43 80 94 
72 78 29 90 46 46 43 75 90 29 8 92 16 62 6 
89 44 41 32 10 85 16 23 91 46 35 17 93 45 93 
MACHINES
8 13 6 9 4 15 14 10 1 2 5 3 7 12 11 
9 1 6 14 7 2 5 3 4 12 11 13 10 15 8 
7 9 8 2 10 6 13 5 1 3 15 12 4 14 11 
13 1 15 8 14 2 7 9 12 3 4 10 6 11 5 
9 3 13 12 11 10 5 4 15 6 1 8 7 14 2 
14 9 7 12 15 10 13 8 1 2 11 3 6 4 5 
5 2 3 14 8 7 1 9 13 15 11 10 6 4 12 
5 11 15 4 7 14 12 10 1 6 2 13 9 8 3 
8 2 6 5 15 9 1 10 13 4 11 3 14 12 7 
4 7 14 5 6 11 3 9 13 12 10 8 15 2 1 
2 5 8 3 15 11 13 14 7 6 10 1 4 9 12 
1 8 15 14 9 4 7 10 6 13 11 5 2 3 12 
15 11 1 9 13 14 5 12 2 4 7 6 3 10 8 
14 5 9 7 6 3 10 1 12 13 2 4 15 8 11 
15 3 7 5 4 12 2 6 8 1 9 11 10 13 14 
