1561913259,1667495107
15,15,15
43 12 58 80 55 83 35 69 93 53 74 91 73 15 85 
56 2 84 58 1 65 48 11 33 63 36 36 1 7 31 
64 74 75 37 89 3 45 21 23 83 97 64 32 66 52 
17 84 3 21 56 65 60 73 9 11 97 64 59 73 84 
1 36 16 36 15 18 55 26 40 7 60 22 22 20 93 
57 79 78 11 11 66 40 24 13 87 97 27 96 87 48 
76 52 58 5 55 10 58 77 70 94 23 45 14 75 63 
96 61 69 5 44 65 99 37 79 92 76 12 1 8 99 
16 85 91 42 42 95 60 9 83 46 9 33 25 62 65 
51 44 14 4 75 83 29 90 98 8 53 96 1 24 70 
4 58 41 52 14 34 87 43 50 20 28 44 8 60 12 
66 40 15 75 13 32 39 93 83 13 95 53 56 93 45 
9 12 72 84 41 36 69 32 28 21 96 18 8 45 53 
26 48 21 86 34 43 89 79 30 73 7 6 67 89 84 
6 34 36 34 59 58 31 25 18 96 64 76 26 12 90 
MACHINES
2 7 6 1 5 9 14 10 3 11 4 13 15 12 8 
4 12 1 11 5 15 10 13 14 8 2 3 9 7 6 
2 4 11 7 1 14 10 5 13 6 15 8 3 12 9 
5 2 8 15 14 11 7 12 4 1 6 13 9 10 3 
11 12 9 14 2 15 5 7 1 8 10 13 6 3 4 
2 6 5 4 12 8 10 1 7 11 13 14 3 9 15 
9 1 3 4 6 12 2 10 11 14 13 15 7 8 5 
10 3 5 2 8 7 6 14 12 1 9 15 11 13 4 
4 12 9 1 15 11 6 5 2 3 8 13 7 14 10 
14 11 3 6 5 8 1 7 10 4 9 13 2 12 15 
5 9 3 7 11 15 6 4 10 1 13 12 14 8 2 
6 7 4 10 11 13 1 2 15 8 5 3 9 14 12 
15 7 6 1 12 2 5 4 14 8 13 10 9 11 3 
2 15 1 12 7 9 6 13 5 10 14 4 3 8 11 
7 13 9 12 2 3 11 6 8 14 15 5 1 4 10 
