818777384,1667495107
15,15,15
43 12 58 80 55 83 35 69 93 53 74 91 73 15 85 
56 2 84 58 1 65 48 11 33 63 36 36 1 7 31 
64 74 75 37 89 3 45 21 23 83 97 64 32 66 52 
17 84 3 21 56 65 60 73 9 11 97 64 59 73 84 
1 36 16 36 15 18 55 26 40 7 60 22 22 20 93 
57 79 78 11 11 66 40 24 13 87 97 27 96 87 48 
76 52 58 5 55 10 58 77 70 94 23 45 14 75 63 
96 61 69 5 44 65 99 37 79 92 76 12 1 8 99 
16 85 91 42 42 95 60 9 83 46 9 33 25 62 65 
51 44 14 4 75 83 29 90 98 8 53 96 1 24 70 
4 58 41 52 14 34 87 43 50 20 28 44 8 60 12 
66 40 15 75 13 32 39 93 83 13 95 53 56 93 45 
9 12 72 84 41 36 69 32 28 21 96 18 8 45 53 
26 48 21 86 34 43 89 79 30 73 7 6 67 89 84 
6 34 36 34 59 58 31 25 18 96 64 76 26 12 90 
MACHINES
1 3 2 6 15 13 14 5 9 11 7 4 12 10 8 
10 15 12 1 9 6 14 2 5 4 11 7 13 3 8 
3 2 10 8 14 6 12 15 4 1 13 9 5 7 11 
2 3 7 6 5 4 14 1 12 15 10 9 13 11 8 
6 14 7 15 9 2 10 3 8 4 12 11 1 5 13 
9 15 5 1 2 11 4 3 12 6 8 10 14 7 13 
8 9 2 6 13 12 3 15 5 14 7 1 11 4 10 
9 2 10 13 14 5 8 11 6 3 7 12 15 4 1 
13 6 8 3 5 9 2 7 15 10 4 12 11 1 14 
4 5 9 6 3 15 12 11 7 10 8 13 2 1 14 
6 3 11 5 14 13 15 4 12 8 1 2 10 9 7 
11 3 4 6 14 12 1 2 9 15 8 7 13 10 5 
13 7 1 6 8 14 15 11 3 12 9 2 4 5 10 
15 5 9 10 2 12 1 7 4 3 8 14 13 6 11 
11 5 7 12 8 13 4 10 1 3 2 6 9 15 14 
