398197754,1227221349
15,15,15
69 81 81 62 80 3 38 62 54 66 88 82 3 12 88 
83 51 47 15 89 76 52 18 22 85 26 30 5 89 22 
62 47 93 54 38 78 71 96 19 33 44 71 90 9 21 
33 82 80 30 96 31 11 26 41 55 12 10 92 3 75 
36 49 10 43 69 72 19 65 37 57 32 11 73 89 12 
83 32 6 13 87 94 36 76 46 30 56 62 32 52 72 
29 78 21 27 17 43 14 15 16 49 72 19 99 38 64 
12 74 4 3 15 62 50 38 49 25 18 55 5 71 27 
69 13 33 47 86 31 97 48 25 40 94 22 61 59 16 
27 4 35 80 49 46 84 46 96 72 18 23 96 74 23 
36 17 81 67 47 5 51 23 82 35 96 7 54 92 38 
78 58 62 43 1 56 76 49 80 26 79 9 24 24 42 
38 86 38 38 83 36 11 17 99 14 57 64 58 96 17 
10 86 93 63 61 62 75 90 40 77 8 27 96 69 64 
73 12 14 71 3 47 84 84 53 58 95 87 90 68 75 
MACHINES
7 13 5 8 4 3 11 12 9 15 10 14 6 1 2 
5 6 8 15 14 9 12 10 7 11 1 4 13 2 3 
2 9 10 13 7 12 14 6 1 3 8 11 5 4 15 
6 3 10 7 11 1 14 5 8 15 12 9 13 2 4 
8 9 7 11 5 10 3 15 13 6 2 14 12 1 4 
6 4 13 14 12 5 15 8 3 2 11 1 10 7 9 
13 4 8 9 15 7 2 12 5 6 3 11 1 14 10 
12 6 1 8 13 14 15 2 3 9 5 4 10 7 11 
11 12 7 15 1 2 3 6 13 5 9 8 10 14 4 
7 12 10 3 9 1 14 4 11 8 2 13 15 5 6 
5 8 14 1 6 13 7 9 15 11 4 2 12 10 3 
3 15 1 13 7 11 8 6 9 10 14 2 4 12 5 
6 9 11 3 4 7 10 1 14 5 2 12 13 8 15 
9 15 5 14 6 7 10 2 13 8 12 11 4 3 1 
11 9 13 7 5 2 14 15 12 1 8 4 3 10 6 
