1561913259,44531661
15,15,15
52 19 6 20 1 26 90 44 27 18 51 80 10 51 41 
44 85 2 78 86 88 61 20 56 12 69 34 55 34 84 
62 72 74 63 95 29 24 34 89 83 90 26 98 65 31 
10 15 93 79 77 61 1 48 22 27 21 17 45 96 11 
83 52 70 78 7 28 97 52 29 81 60 91 80 54 35 
3 31 98 97 77 39 41 10 9 93 7 49 20 45 59 
28 93 4 51 67 5 18 52 47 21 49 63 96 85 90 
25 82 58 15 67 50 66 92 56 82 57 16 34 99 61 
82 31 22 16 87 48 59 63 29 99 48 36 91 61 59 
28 25 69 65 62 57 97 31 15 25 83 98 55 66 31 
20 99 13 88 25 75 90 84 70 41 17 54 63 1 95 
59 22 46 10 1 21 3 84 93 59 78 73 59 42 63 
72 80 12 56 22 8 93 27 17 38 26 51 43 80 94 
72 78 29 90 46 46 43 75 90 29 8 92 16 62 6 
89 44 41 32 10 85 16 23 91 46 35 17 93 45 93 
MACHINES
2 7 6 1 5 9 14 10 3 11 4 13 15 12 8 
4 12 1 11 5 15 10 13 14 8 2 3 9 7 6 
2 4 11 7 1 14 10 5 13 6 15 8 3 12 9 
5 2 8 15 14 11 7 12 4 1 6 13 9 10 3 
11 12 9 14 2 15 5 7 1 8 10 13 6 3 4 
2 6 5 4 12 8 10 1 7 11 13 14 3 9 15 
9 1 3 4 6 12 2 10 11 14 13 15 7 8 5 
10 3 5 2 8 7 6 14 12 1 9 15 11 13 4 
4 12 9 1 15 11 6 5 2 3 8 13 7 14 10 
14 11 3 6 5 8 1 7 10 4 9 13 2 12 15 
5 9 3 7 11 15 6 4 10 1 13 12 14 8 2 
6 7 4 10 11 13 1 2 15 8 5 3 9 14 12 
15 7 6 1 12 2 5 4 14 8 13 10 9 11 3 
2 15 1 12 7 9 6 13 5 10 14 4 3 8 11 
7 13 9 12 2 3 11 6 8 14 15 5 1 4 10 
