967002400,1357584978
15,15,15
96 23 71 26 28 16 27 71 18 57 43 5 12 91 63 
32 81 95 79 55 45 60 73 23 44 92 20 5 72 73 
63 93 63 79 10 66 27 93 24 26 8 69 29 66 97 
80 87 68 23 54 16 68 32 74 3 2 71 4 67 28 
46 96 11 41 93 2 98 10 43 65 27 57 75 87 81 
5 91 92 87 66 36 67 88 92 27 13 7 95 66 13 
90 33 78 76 93 67 82 94 12 5 85 42 4 2 70 
79 24 41 83 45 29 3 42 5 44 83 59 60 78 44 
19 55 20 74 66 37 55 63 40 73 55 84 54 62 6 
27 59 6 90 6 37 64 35 25 59 77 30 1 7 70 
4 53 6 10 51 89 38 38 35 44 99 88 52 16 99 
28 11 76 51 35 60 44 39 66 49 40 34 80 38 29 
31 32 40 25 40 85 39 61 15 41 93 64 16 81 97 
9 21 8 55 79 76 79 61 68 99 24 23 92 91 22 
80 30 67 58 45 29 48 28 64 63 80 23 93 55 48 
MACHINES
2 13 3 7 4 12 14 11 5 1 6 10 8 15 9 
4 1 10 9 6 8 7 2 12 15 13 5 3 14 11 
13 11 12 3 15 10 2 6 7 4 8 5 9 14 1 
4 6 11 8 12 13 9 1 3 7 2 5 14 10 15 
7 3 15 13 1 2 9 8 11 14 12 5 6 4 10 
6 11 8 1 7 5 4 9 12 2 10 13 14 15 3 
2 13 6 15 4 5 8 3 1 11 7 9 14 10 12 
1 13 2 4 10 3 9 5 8 12 11 14 7 6 15 
14 1 7 2 12 4 11 8 15 9 3 13 6 10 5 
9 13 6 14 5 7 8 4 10 3 1 2 15 11 12 
14 12 1 6 3 11 13 8 15 2 4 10 5 7 9 
8 2 14 7 6 13 10 11 9 4 3 15 1 12 5 
12 4 2 5 7 6 11 3 14 1 9 8 15 10 13 
6 13 8 3 9 11 12 1 7 5 14 4 15 2 10 
13 15 11 7 1 8 2 10 6 3 4 12 9 5 14 
