316176388,1004528509
15,15,15
81 20 70 18 64 97 19 84 72 14 10 78 16 64 54 
43 11 52 98 20 45 77 88 77 88 30 59 21 68 36 
56 37 41 19 3 77 34 64 26 19 42 3 90 66 48 
62 61 77 31 63 38 60 34 40 99 77 36 13 71 65 
1 22 45 71 70 84 2 61 89 56 38 20 71 49 53 
5 2 48 38 97 35 83 30 22 70 92 65 21 99 92 
54 27 74 82 71 22 3 95 93 83 46 51 31 54 38 
79 56 60 6 75 76 91 20 7 98 48 22 99 23 90 
22 67 67 8 33 28 75 2 57 19 34 59 24 23 8 
80 25 84 8 45 19 91 40 83 7 28 56 45 23 86 
9 76 68 64 91 47 99 96 17 17 93 77 43 66 65 
54 42 64 50 82 91 75 7 61 12 90 11 30 92 25 
94 64 88 22 15 39 73 20 10 44 24 89 86 46 40 
87 45 86 85 40 38 87 7 18 72 15 64 17 51 88 
33 71 38 30 53 51 19 51 80 94 13 60 38 96 5 
MACHINES
8 12 9 4 13 2 14 1 15 7 10 5 3 11 6 
13 2 12 10 7 4 3 5 6 9 14 15 11 1 8 
2 3 10 1 4 6 9 5 15 11 13 14 8 7 12 
14 11 7 3 15 8 5 12 1 6 10 4 9 2 13 
2 9 5 15 7 6 4 3 10 11 14 8 12 1 13 
6 15 3 13 11 2 12 5 7 10 1 14 9 4 8 
6 3 1 2 9 15 12 11 8 10 7 13 5 14 4 
5 8 11 2 10 9 3 15 12 4 6 7 14 13 1 
15 12 1 10 11 6 4 13 9 14 7 2 8 3 5 
10 1 4 11 13 14 6 2 7 15 9 12 3 8 5 
8 3 2 13 4 15 5 7 6 10 9 14 11 1 12 
1 9 15 13 10 6 7 11 8 12 4 5 2 14 3 
9 13 11 12 15 4 7 2 5 6 1 10 14 3 8 
14 3 12 1 15 11 4 2 13 5 6 7 8 10 9 
2 14 1 12 3 11 5 9 4 6 8 7 10 13 15 
