1806358582,2033800800
15,15,15
28 75 76 23 66 32 10 26 63 52 1 5 69 5 13 
96 26 28 24 14 84 81 42 33 85 40 40 66 76 93 
31 87 48 95 73 69 48 46 53 79 17 15 23 87 55 
89 98 86 57 94 44 85 44 73 33 41 78 71 49 81 
91 94 69 96 73 10 70 20 78 17 95 96 10 56 10 
34 88 15 64 35 51 19 54 33 17 94 19 77 86 98 
32 15 27 24 4 73 81 72 74 47 35 39 91 91 37 
60 51 10 48 89 89 6 23 19 61 56 18 9 10 54 
48 61 82 34 74 82 81 68 8 45 27 17 42 63 7 
82 66 16 95 68 18 56 61 63 10 51 62 71 30 23 
41 16 16 86 17 76 4 54 15 48 31 23 81 30 60 
57 84 73 35 95 25 73 33 83 60 9 46 36 14 68 
14 7 28 69 22 87 85 38 36 98 80 65 50 3 38 
74 69 18 39 15 27 98 18 64 54 35 67 56 58 30 
47 49 42 11 49 95 58 78 9 18 7 12 50 91 48 
MACHINES
4 8 7 15 10 9 6 5 11 2 1 13 12 3 14 
2 12 1 6 9 14 4 11 10 3 13 7 5 8 15 
8 4 9 12 1 5 10 14 2 11 7 6 15 13 3 
7 12 6 14 4 3 2 5 10 13 9 1 15 8 11 
2 12 7 6 9 8 13 10 3 15 14 4 1 5 11 
12 3 13 2 15 1 7 10 4 14 8 11 5 6 9 
15 8 12 1 13 9 10 11 4 14 5 2 3 7 6 
8 5 14 6 15 12 3 13 7 2 1 11 10 4 9 
8 5 15 11 4 1 14 9 2 3 7 13 12 10 6 
3 13 11 4 7 6 15 10 14 5 1 12 8 9 2 
12 10 4 8 7 5 1 3 6 2 11 9 14 13 15 
1 5 2 10 3 12 14 11 8 7 9 13 15 4 6 
7 1 5 11 3 15 10 14 12 13 2 9 6 4 8 
6 11 14 3 8 5 9 7 10 1 13 12 2 15 4 
12 3 1 5 15 6 10 11 7 13 9 2 8 4 14 
