1344077538,666128954
15,15,15
37 23 91 63 58 75 99 75 28 9 73 61 81 82 4 
72 20 73 39 76 48 52 4 99 68 45 49 36 44 23 
62 91 15 86 83 72 49 80 1 59 46 41 86 35 71 
18 8 16 90 16 63 91 79 97 87 25 45 22 71 16 
13 15 70 39 6 47 21 36 46 33 32 25 80 77 25 
56 38 68 92 10 32 52 25 66 69 46 62 74 50 24 
45 93 2 39 43 74 65 4 85 77 23 24 60 89 54 
19 61 83 65 29 72 83 74 75 85 31 68 5 21 53 
78 65 5 14 48 92 1 44 52 33 98 43 98 68 3 
26 24 18 10 57 15 21 58 13 78 6 1 29 46 75 
68 81 1 27 34 95 83 64 43 73 22 63 65 85 89 
73 63 57 75 19 25 8 70 79 31 13 89 19 13 91 
91 64 61 75 8 98 96 70 36 5 97 88 95 45 46 
57 60 36 88 67 97 42 22 81 76 75 93 7 29 42 
5 49 87 99 46 89 85 43 9 99 34 23 31 38 22 
MACHINES
4 8 5 3 13 6 15 10 14 12 11 9 2 1 7 
12 1 5 14 3 2 10 8 9 15 11 7 6 4 13 
10 11 1 12 7 2 13 5 3 9 6 14 8 15 4 
10 13 5 12 4 15 11 7 9 6 1 2 14 8 3 
2 5 7 1 13 11 3 15 4 12 10 14 8 9 6 
15 11 9 12 1 14 10 6 7 2 3 8 5 4 13 
2 10 7 4 12 11 6 3 1 8 14 9 13 5 15 
12 2 13 1 6 7 15 10 5 8 4 3 11 9 14 
11 10 6 8 13 14 7 3 4 12 5 1 15 2 9 
9 10 14 13 11 4 1 6 15 7 5 12 2 8 3 
8 10 9 12 4 11 6 5 3 2 1 15 7 14 13 
9 14 5 12 11 1 8 4 7 13 6 3 10 15 2 
14 1 15 6 9 8 5 2 13 4 12 11 3 10 7 
12 8 3 11 2 10 1 5 13 6 15 9 14 7 4 
6 8 14 10 12 9 13 3 7 4 2 1 15 11 5 
