1735817385,73896786
15,15,15
35 78 79 65 53 14 93 70 14 90 95 49 36 85 1 
83 41 22 29 52 71 16 93 54 63 12 85 62 45 30 
60 43 71 2 50 37 86 81 60 57 66 24 98 92 69 
14 59 35 6 25 57 1 44 94 30 95 93 51 52 16 
96 39 75 98 2 38 69 32 95 63 4 11 50 95 78 
73 28 43 47 57 88 33 13 7 49 23 38 21 99 72 
3 80 67 93 91 31 52 64 83 2 90 64 16 18 25 
23 30 22 54 68 63 89 95 5 37 5 42 17 54 46 
44 59 87 62 51 55 3 40 26 18 15 18 72 35 60 
27 14 77 24 55 67 59 19 29 33 88 30 91 11 11 
67 94 50 2 83 19 29 37 58 32 38 99 88 49 70 
60 7 81 82 58 83 16 1 69 7 3 84 8 12 93 
92 81 4 78 9 78 75 5 50 8 44 4 60 94 74 
32 88 31 68 31 10 45 75 82 51 55 99 44 84 22 
12 35 64 17 42 46 65 74 96 28 86 95 93 67 56 
MACHINES
3 8 9 11 14 2 13 12 5 6 10 1 7 4 15 
7 13 8 1 15 10 12 3 6 9 14 4 2 5 11 
8 3 4 2 5 6 12 13 15 10 7 1 11 14 9 
4 11 8 3 15 5 7 13 1 6 12 14 10 2 9 
2 13 5 11 1 4 12 10 15 9 8 6 3 7 14 
6 13 11 1 7 9 10 2 8 14 12 3 4 15 5 
2 13 15 11 5 10 4 12 6 8 3 7 14 9 1 
14 12 9 2 4 6 11 3 13 15 5 7 8 1 10 
4 10 9 15 14 11 12 5 6 1 8 7 2 3 13 
12 4 3 1 5 9 13 15 10 11 2 8 6 7 14 
13 15 5 9 6 11 8 12 10 14 4 3 1 7 2 
2 5 10 15 9 12 6 3 11 14 8 7 1 13 4 
14 2 11 6 8 5 10 4 13 3 1 12 15 7 9 
4 14 10 5 3 15 13 8 7 2 11 6 12 1 9 
10 3 15 6 8 7 4 1 2 12 9 5 11 14 13 
