818777384,666128954
15,15,15
37 23 91 63 58 75 99 75 28 9 73 61 81 82 4 
72 20 73 39 76 48 52 4 99 68 45 49 36 44 23 
62 91 15 86 83 72 49 80 1 59 46 41 86 35 71 
18 8 16 90 16 63 91 79 97 87 25 45 22 71 16 
13 15 70 39 6 47 21 36 46 33 32 25 80 77 25 
56 38 68 92 10 32 52 25 66 69 46 62 74 50 24 
45 93 2 39 43 74 65 4 85 77 23 24 60 89 54 
19 61 83 65 29 72 83 74 75 85 31 68 5 21 53 
78 65 5 14 48 92 1 44 52 33 98 43 98 68 3 
26 24 18 10 57 15 21 58 13 78 6 1 29 46 75 
68 81 1 27 34 95 83 64 43 73 22 63 65 85 89 
73 63 57 75 19 25 8 70 79 31 13 89 19 13 91 
91 64 61 75 8 98 96 70 36 5 97 88 95 45 46 
57 60 36 88 67 97 42 22 81 76 75 93 7 29 42 
5 49 87 99 46 89 85 43 9 99 34 23 31 38 22 
MACHINES
1 3 2 6 15 13 14 5 9 11 7 4 12 10 8 
10 15 12 1 9 6 14 2 5 4 11 7 13 3 8 
3 2 10 8 14 6 12 15 4 1 13 9 5 7 11 
2 3 7 6 5 4 14 1 12 15 10 9 13 11 8 
6 14 7 15 9 2 10 3 8 4 12 11 1 5 13 
9 15 5 1 2 11 4 3 12 6 8 10 14 7 13 
8 9 2 6 13 12 3 15 5 14 7 1 11 4 10 
9 2 10 13 14 5 8 11 6 3 7 12 15 4 1 
13 6 8 3 5 9 2 7 15 10 4 12 11 1 14 
4 5 9 6 3 15 12 11 7 10 8 13 2 1 14 
6 3 11 5 14 13 15 4 12 8 1 2 10 9 7 
11 3 4 6 14 12 1 2 9 15 8 7 13 10 5 
13 7 1 6 8 14 15 11 3 12 9 2 4 5 10 
15 5 9 10 2 12 1 7 4 3 8 14 13 6 11 
11 5 7 12 8 13 4 10 1 3 2 6 9 15 14 
