398197754,342269428
15,15,15
72 51 42 31 61 46 88 33 27 85 70 56 70 50 25 
19 79 79 47 40 67 43 65 84 61 30 56 19 91 68 
94 7 2 95 60 82 76 36 8 85 7 44 2 72 91 
58 67 84 34 19 19 94 41 98 96 25 40 74 88 74 
45 60 8 29 32 42 25 4 71 79 93 28 30 17 43 
84 56 46 93 66 84 40 4 15 15 54 39 77 55 31 
65 91 17 47 77 68 62 22 72 47 38 7 11 22 63 
12 21 60 42 22 84 60 52 25 53 53 56 29 83 32 
48 28 70 26 68 4 19 92 24 54 57 47 84 85 95 
36 34 65 64 30 41 53 74 44 13 41 6 32 94 37 
62 9 89 37 28 23 13 60 46 94 85 72 18 79 11 
74 61 43 26 97 62 40 60 62 78 42 8 21 11 70 
9 22 9 8 54 32 92 76 2 63 63 98 42 12 41 
67 7 91 52 87 4 1 56 82 47 35 8 92 39 11 
44 24 24 14 34 57 30 64 4 14 69 95 22 60 61 
MACHINES
7 13 5 8 4 3 11 12 9 15 10 14 6 1 2 
5 6 8 15 14 9 12 10 7 11 1 4 13 2 3 
2 9 10 13 7 12 14 6 1 3 8 11 5 4 15 
6 3 10 7 11 1 14 5 8 15 12 9 13 2 4 
8 9 7 11 5 10 3 15 13 6 2 14 12 1 4 
6 4 13 14 12 5 15 8 3 2 11 1 10 7 9 
13 4 8 9 15 7 2 12 5 6 3 11 1 14 10 
12 6 1 8 13 14 15 2 3 9 5 4 10 7 11 
11 12 7 15 1 2 3 6 13 5 9 8 10 14 4 
7 12 10 3 9 1 14 4 11 8 2 13 15 5 6 
5 8 14 1 6 13 7 9 15 11 4 2 12 10 3 
3 15 1 13 7 11 8 6 9 10 14 2 4 12 5 
6 9 11 3 4 7 10 1 14 5 2 12 13 8 15 
9 15 5 14 6 7 10 2 13 8 12 11 4 3 1 
11 9 13 7 5 2 14 15 12 1 8 4 3 10 6 
