967002400,666128954
15,15,15
37 23 91 63 58 75 99 75 28 9 73 61 81 82 4 
72 20 73 39 76 48 52 4 99 68 45 49 36 44 23 
62 91 15 86 83 72 49 80 1 59 46 41 86 35 71 
18 8 16 90 16 63 91 79 97 87 25 45 22 71 16 
13 15 70 39 6 47 21 36 46 33 32 25 80 77 25 
56 38 68 92 10 32 52 25 66 69 46 62 74 50 24 
45 93 2 39 43 74 65 4 85 77 23 24 60 89 54 
19 61 83 65 29 72 83 74 75 85 31 68 5 21 53 
78 65 5 14 48 92 1 44 52 33 98 43 98 68 3 
26 24 18 10 57 15 21 58 13 78 6 1 29 46 75 
68 81 1 27 34 95 83 64 43 73 22 63 65 85 89 
73 63 57 75 19 25 8 70 79 31 13 89 19 13 91 
91 64 61 75 8 98 96 70 36 5 97 88 95 45 46 
57 60 36 88 67 97 42 22 81 76 75 93 7 29 42 
5 49 87 99 46 89 85 43 9 99 34 23 31 38 22 
MACHINES
2 13 3 7 4 12 14 11 5 1 6 10 8 15 9 
4 1 10 9 6 8 7 2 12 15 13 5 3 14 11 
13 11 12 3 15 10 2 6 7 4 8 5 9 14 1 
4 6 11 8 12 13 9 1 3 7 2 5 14 10 15 
7 3 15 13 1 2 9 8 11 14 12 5 6 4 10 
6 11 8 1 7 5 4 9 12 2 10 13 14 15 3 
2 13 6 15 4 5 8 3 1 11 7 9 14 10 12 
1 13 2 4 10 3 9 5 8 12 11 14 7 6 15 
14 1 7 2 12 4 11 8 15 9 3 13 6 10 5 
9 13 6 14 5 7 8 4 10 3 1 2 15 11 12 
14 12 1 6 3 11 13 8 15 2 4 10 5 7 9 
8 2 14 7 6 13 10 11 9 4 3 15 1 12 5 
12 4 2 5 7 6 11 3 14 1 9 8 15 10 13 
6 13 8 3 9 11 12 1 7 5 14 4 15 2 10 
13 15 11 7 1 8 2 10 6 3 4 12 9 5 14 
