386720536,1561423441
15,15,15
28 78 22 21 10 16 53 19 46 85 47 98 8 78 16 
57 71 40 73 51 80 72 36 23 83 6 18 25 23 77 
56 85 47 32 9 81 58 78 68 38 81 85 65 16 86 
47 99 97 70 70 58 39 42 54 22 82 29 78 65 72 
35 38 43 78 58 24 27 93 43 79 88 60 5 70 33 
16 42 19 63 67 48 15 72 36 11 82 48 75 55 42 
51 56 43 33 6 61 72 29 94 3 40 62 40 10 56 
80 34 90 1 74 22 86 65 18 60 23 82 39 10 4 
56 55 25 76 47 19 51 33 41 80 82 18 2 60 27 
6 55 69 66 82 44 36 44 96 24 33 53 82 25 59 
78 82 84 59 35 55 9 8 73 60 8 35 50 98 36 
44 26 66 48 86 23 17 44 20 39 51 38 77 59 28 
75 63 67 3 70 64 7 68 80 23 65 58 98 89 84 
20 5 16 84 57 14 78 5 51 79 40 32 58 83 86 
26 17 65 13 72 86 23 41 21 88 91 4 94 40 79 
MACHINES
10 15 5 14 11 4 8 9 1 6 2 3 13 7 12 
11 9 12 15 4 14 10 8 5 3 7 2 6 13 1 
8 1 7 6 15 14 3 12 5 13 2 10 4 11 9 
10 12 15 1 2 9 6 11 13 5 14 4 7 8 3 
12 5 14 4 9 2 11 13 3 15 7 8 1 10 6 
6 3 2 11 1 5 9 15 7 4 10 8 12 13 14 
6 11 14 1 10 9 2 12 15 8 13 3 7 5 4 
13 1 10 4 14 7 6 8 3 15 12 9 11 2 5 
12 11 6 14 2 10 9 8 4 7 1 3 15 13 5 
3 15 4 11 7 2 1 14 12 5 6 9 8 13 10 
12 15 14 6 5 10 2 7 13 1 3 9 11 4 8 
13 4 11 9 5 8 14 12 15 2 3 1 6 7 10 
9 14 6 1 12 10 5 13 2 11 7 3 8 15 4 
3 6 5 4 10 2 12 14 8 7 11 15 1 9 13 
2 11 5 3 1 8 7 10 12 13 6 15 4 14 9 
