1806358582,302545136
15,15,15
83 1 96 54 30 80 81 9 49 32 19 92 65 88 64 
4 68 79 21 84 92 66 51 83 96 68 38 38 99 76 
46 57 66 75 88 58 56 35 59 82 24 96 24 55 80 
34 69 53 98 8 81 81 38 39 3 59 81 30 76 71 
85 80 36 57 96 34 14 3 90 99 9 42 95 27 27 
28 11 66 2 35 69 61 84 73 56 98 81 72 92 23 
21 5 95 5 22 16 77 85 76 46 36 89 99 44 37 
49 80 61 87 41 6 83 79 44 83 9 84 99 38 68 
77 51 68 69 6 26 99 6 34 27 51 82 5 90 1 
85 64 55 76 89 68 34 14 52 33 91 4 18 95 76 
40 8 36 5 1 51 33 80 90 75 47 65 42 16 11 
38 83 48 74 15 10 89 41 97 97 16 47 21 95 20 
89 22 11 15 37 65 28 39 88 14 28 6 24 4 23 
14 66 4 58 7 6 5 48 54 59 2 1 4 82 75 
24 66 4 20 79 50 23 15 14 91 86 96 63 16 3 
MACHINES
4 8 7 15 10 9 6 5 11 2 1 13 12 3 14 
2 12 1 6 9 14 4 11 10 3 13 7 5 8 15 
8 4 9 12 1 5 10 14 2 11 7 6 15 13 3 
7 12 6 14 4 3 2 5 10 13 9 1 15 8 11 
2 12 7 6 9 8 13 10 3 15 14 4 1 5 11 
12 3 13 2 15 1 7 10 4 14 8 11 5 6 9 
15 8 12 1 13 9 10 11 4 14 5 2 3 7 6 
8 5 14 6 15 12 3 13 7 2 1 11 10 4 9 
8 5 15 11 4 1 14 9 2 3 7 13 12 10 6 
3 13 11 4 7 6 15 10 14 5 1 12 8 9 2 
12 10 4 8 7 5 1 3 6 2 11 9 14 13 15 
1 5 2 10 3 12 14 11 8 7 9 13 15 4 6 
7 1 5 11 3 15 10 14 12 13 2 9 6 4 8 
6 11 14 3 8 5 9 7 10 1 13 12 2 15 4 
12 3 1 5 15 6 10 11 7 13 9 2 8 4 14 
