1111853152,1004528509
15,15,15
81 20 70 18 64 97 19 84 72 14 10 78 16 64 54 
43 11 52 98 20 45 77 88 77 88 30 59 21 68 36 
56 37 41 19 3 77 34 64 26 19 42 3 90 66 48 
62 61 77 31 63 38 60 34 40 99 77 36 13 71 65 
1 22 45 71 70 84 2 61 89 56 38 20 71 49 53 
5 2 48 38 97 35 83 30 22 70 92 65 21 99 92 
54 27 74 82 71 22 3 95 93 83 46 51 31 54 38 
79 56 60 6 75 76 91 20 7 98 48 22 99 23 90 
22 67 67 8 33 28 75 2 57 19 34 59 24 23 8 
80 25 84 8 45 19 91 40 83 7 28 56 45 23 86 
9 76 68 64 91 47 99 96 17 17 93 77 43 66 65 
54 42 64 50 82 91 75 7 61 12 90 11 30 92 25 
94 64 88 22 15 39 73 20 10 44 24 89 86 46 40 
87 45 86 85 40 38 87 7 18 72 15 64 17 51 88 
33 71 38 30 53 51 19 51 80 94 13 60 38 96 5 
MACHINES
12 6 4 14 7 10 3 9 15 13 5 2 1 11 8 
9 4 10 13 3 12 15 14 11 1 6 8 5 2 7 
11 14 6 3 10 15 2 8 7 13 9 1 12 4 5 
1 5 9 2 15 13 6 12 4 7 14 3 11 8 10 
3 12 4 6 1 8 9 7 13 14 5 2 11 10 15 
7 10 5 12 15 11 1 13 8 2 9 3 4 14 6 
10 8 15 12 3 7 4 5 9 13 2 6 14 11 1 
5 12 15 9 11 8 1 13 10 4 2 14 7 6 3 
10 1 13 11 12 5 6 4 8 3 2 9 15 14 7 
3 4 12 13 7 6 8 9 11 2 14 15 1 10 5 
14 10 15 12 7 6 8 2 9 1 11 3 4 5 13 
14 2 5 15 1 8 7 4 11 6 3 13 12 9 10 
15 13 14 11 9 5 1 8 10 7 2 3 12 6 4 
4 7 15 11 5 3 13 1 6 9 12 2 8 10 14 
13 9 8 10 14 12 4 3 5 6 1 11 2 7 15 
