1735817385,1667495107
15,15,15
43 12 58 80 55 83 35 69 93 53 74 91 73 15 85 
56 2 84 58 1 65 48 11 33 63 36 36 1 7 31 
64 74 75 37 89 3 45 21 23 83 97 64 32 66 52 
17 84 3 21 56 65 60 73 9 11 97 64 59 73 84 
1 36 16 36 15 18 55 26 40 7 60 22 22 20 93 
57 79 78 11 11 66 40 24 13 87 97 27 96 87 48 
76 52 58 5 55 10 58 77 70 94 23 45 14 75 63 
96 61 69 5 44 65 99 37 79 92 76 12 1 8 99 
16 85 91 42 42 95 60 9 83 46 9 33 25 62 65 
51 44 14 4 75 83 29 90 98 8 53 96 1 24 70 
4 58 41 52 14 34 87 43 50 20 28 44 8 60 12 
66 40 15 75 13 32 39 93 83 13 95 53 56 93 45 
9 12 72 84 41 36 69 32 28 21 96 18 8 45 53 
26 48 21 86 34 43 89 79 30 73 7 6 67 89 84 
6 34 36 34 59 58 31 25 18 96 64 76 26 12 90 
MACHINES
3 8 9 11 14 2 13 12 5 6 10 1 7 4 15 
7 13 8 1 15 10 12 3 6 9 14 4 2 5 11 
8 3 4 2 5 6 12 13 15 10 7 1 11 14 9 
4 11 8 3 15 5 7 13 1 6 12 14 10 2 9 
2 13 5 11 1 4 12 10 15 9 8 6 3 7 14 
6 13 11 1 7 9 10 2 8 14 12 3 4 15 5 
2 13 15 11 5 10 4 12 6 8 3 7 14 9 1 
14 12 9 2 4 6 11 3 13 15 5 7 8 1 10 
4 10 9 15 14 11 12 5 6 1 8 7 2 3 13 
12 4 3 1 5 9 13 15 10 11 2 8 6 7 14 
13 15 5 9 6 11 8 12 10 14 4 3 1 7 2 
2 5 10 15 9 12 6 3 11 14 8 7 1 13 4 
14 2 11 6 8 5 10 4 13 3 1 12 15 7 9 
4 14 10 5 3 15 13 8 7 2 11 6 12 1 9 
10 3 15 6 8 7 4 1 2 12 9 5 11 14 13 
