1806358582,342269428
10,10,10
72 51 42 31 61 46 88 33 27 85 
70 56 70 50 25 19 79 79 47 40 
67 43 65 84 61 30 56 19 91 68 
94 7 2 95 60 82 76 36 8 85 
7 44 2 72 91 58 67 84 34 19 
19 94 41 98 96 25 40 74 88 74 
45 60 8 29 32 42 25 4 71 79 
93 28 30 17 43 84 56 46 93 66 
84 40 4 15 15 54 39 77 55 31 
65 91 17 47 77 68 62 22 72 47 
MACHINES
3 6 5 10 8 7 2 1 9 4 
9 4 5 7 6 3 1 10 2 8 
9 1 6 5 7 8 2 4 3 10 
6 3 1 8 2 7 4 10 9 5 
1 8 9 3 10 2 4 6 5 7 
1 7 9 5 8 4 2 10 3 6 
1 8 5 3 7 4 9 6 10 2 
8 9 2 1 10 3 7 5 4 6 
7 2 5 8 9 3 6 10 1 4 
10 6 8 1 9 7 3 5 4 2 
