1868311537,1603221416
10,10,10
40 96 59 95 76 75 23 65 65 16 
71 52 84 99 24 2 88 99 52 68 
13 38 35 57 37 93 38 68 94 71 
87 46 14 87 30 79 62 37 54 1 
97 16 2 51 96 19 15 42 8 72 
15 76 25 78 84 62 70 81 16 97 
68 71 3 68 91 37 73 21 85 79 
51 50 21 30 64 14 1 29 72 6 
31 98 50 83 2 86 33 33 98 59 
21 80 99 70 80 71 47 96 56 78 
MACHINES
1 3 10 2 6 4 7 9 8 5 
9 5 10 3 8 7 2 6 4 1 
7 9 2 1 3 4 8 5 10 6 
10 2 1 7 5 8 4 9 3 6 
1 5 3 10 9 2 4 8 6 7 
6 3 8 1 9 2 5 7 10 4 
4 10 1 8 9 3 6 7 2 5 
9 10 4 7 3 6 2 1 5 8 
6 7 5 10 1 9 4 2 3 8 
8 2 7 3 10 5 6 1 4 9 
