1787167667,964467313
10,10,10
28 9 78 34 92 10 59 37 27 82 
21 69 56 54 50 16 9 97 45 22 
1 53 16 98 24 26 8 49 91 52 
35 31 59 99 38 11 67 91 31 9 
20 43 94 90 17 22 37 9 87 77 
84 73 15 59 25 18 13 69 75 26 
17 64 89 52 67 5 75 33 52 41 
31 31 41 84 37 82 65 20 26 67 
23 94 21 46 19 67 8 95 1 31 
80 35 10 44 62 13 51 30 90 72 
MACHINES
1 10 9 5 3 6 7 8 2 4 
2 9 10 4 8 1 3 6 5 7 
10 2 8 3 4 6 5 7 9 1 
9 5 6 2 7 3 8 1 4 10 
9 8 6 4 3 10 1 5 7 2 
10 1 2 6 3 5 8 9 4 7 
5 8 4 1 7 9 3 2 6 10 
5 6 7 9 4 8 10 2 1 3 
2 9 8 7 10 3 1 5 6 4 
9 4 10 3 6 5 8 7 1 2 
