1344077538,342269428
10,10,10
72 51 42 31 61 46 88 33 27 85 
70 56 70 50 25 19 79 79 47 40 
67 43 65 84 61 30 56 19 91 68 
94 7 2 95 60 82 76 36 8 85 
7 44 2 72 91 58 67 84 34 19 
19 94 41 98 96 25 40 74 88 74 
45 60 8 29 32 42 25 4 71 79 
93 28 30 17 43 84 56 46 93 66 
84 40 4 15 15 54 39 77 55 31 
65 91 17 47 77 68 62 22 72 47 
MACHINES
3 5 4 1 9 6 10 8 7 2 
2 7 1 5 9 4 10 8 3 6 
7 5 3 4 10 6 2 1 9 8 
7 1 2 9 6 8 10 3 4 5 
2 7 5 10 4 9 3 8 1 6 
10 6 2 4 1 5 8 9 3 7 
1 4 6 2 9 8 7 10 3 5 
3 6 10 8 9 1 5 7 2 4 
9 5 1 2 6 4 3 10 7 8 
1 7 6 4 9 8 5 2 3 10 
