1111853152,1603221416
10,10,10
40 96 59 95 76 75 23 65 65 16 
71 52 84 99 24 2 88 99 52 68 
13 38 35 57 37 93 38 68 94 71 
87 46 14 87 30 79 62 37 54 1 
97 16 2 51 96 19 15 42 8 72 
15 76 25 78 84 62 70 81 16 97 
68 71 3 68 91 37 73 21 85 79 
51 50 21 30 64 14 1 29 72 6 
31 98 50 83 2 86 33 33 98 59 
21 80 99 70 80 71 47 96 56 78 
MACHINES
8 5 4 9 6 1 10 2 7 3 
7 6 5 4 1 8 3 9 10 2 
7 10 9 6 4 1 3 5 8 2 
8 9 5 3 1 10 6 4 7 2 
7 8 6 2 10 3 1 9 4 5 
8 1 7 10 2 9 4 6 3 5 
2 8 4 5 3 7 6 1 10 9 
6 2 3 5 7 8 9 1 10 4 
6 2 8 3 5 4 10 7 9 1 
7 5 10 8 3 6 9 2 1 4 
