1544979948,73896786
10,10,10
35 78 79 65 53 14 93 70 14 90 
95 49 36 85 1 83 41 22 29 52 
71 16 93 54 63 12 85 62 45 30 
60 43 71 2 50 37 86 81 60 57 
66 24 98 92 69 14 59 35 6 25 
57 1 44 94 30 95 93 51 52 16 
96 39 75 98 2 38 69 32 95 63 
4 11 50 95 78 73 28 43 47 57 
88 33 13 7 49 23 38 21 99 72 
3 80 67 93 91 31 52 64 83 2 
MACHINES
6 2 1 10 9 7 5 4 8 3 
8 6 4 7 5 2 9 1 3 10 
2 5 3 1 7 4 6 9 10 8 
4 8 7 10 9 5 6 2 3 1 
7 2 6 9 4 5 10 3 8 1 
1 6 4 9 5 10 7 2 8 3 
6 8 4 9 10 1 5 2 7 3 
3 9 6 10 2 8 7 5 1 4 
6 1 5 7 4 2 10 9 3 8 
2 8 1 9 10 4 3 5 6 7 
