1787167667,1667495107
10,10,10
43 12 58 80 55 83 35 69 93 53 
74 91 73 15 85 56 2 84 58 1 
65 48 11 33 63 36 36 1 7 31 
64 74 75 37 89 3 45 21 23 83 
97 64 32 66 52 17 84 3 21 56 
65 60 73 9 11 97 64 59 73 84 
1 36 16 36 15 18 55 26 40 7 
60 22 22 20 93 57 79 78 11 11 
66 40 24 13 87 97 27 96 87 48 
76 52 58 5 55 10 58 77 70 94 
MACHINES
1 10 9 5 3 6 7 8 2 4 
2 9 10 4 8 1 3 6 5 7 
10 2 8 3 4 6 5 7 9 1 
9 5 6 2 7 3 8 1 4 10 
9 8 6 4 3 10 1 5 7 2 
10 1 2 6 3 5 8 9 4 7 
5 8 4 1 7 9 3 2 6 10 
5 6 7 9 4 8 10 2 1 3 
2 9 8 7 10 3 1 5 6 4 
9 4 10 3 6 5 8 7 1 2 
