2092186050,1561423441
10,10,10
28 78 22 21 10 16 53 19 46 85 
47 98 8 78 16 57 71 40 73 51 
80 72 36 23 83 6 18 25 23 77 
56 85 47 32 9 81 58 78 68 38 
81 85 65 16 86 47 99 97 70 70 
58 39 42 54 22 82 29 78 65 72 
35 38 43 78 58 24 27 93 43 79 
88 60 5 70 33 16 42 19 63 67 
48 15 72 36 11 82 48 75 55 42 
51 56 43 33 6 61 72 29 94 3 
MACHINES
3 5 6 9 2 1 10 4 8 7 
7 9 4 6 5 3 10 1 8 2 
9 4 10 8 6 3 1 5 7 2 
6 10 3 7 8 1 5 2 9 4 
3 4 6 8 7 5 10 1 9 2 
7 5 4 6 10 2 3 9 1 8 
9 4 3 10 5 7 8 2 1 6 
9 4 5 6 3 10 1 8 7 2 
6 10 4 5 3 9 1 7 2 8 
6 9 5 8 1 2 3 10 7 4 
