1374316395,44531661
10,10,10
52 19 6 20 1 26 90 44 27 18 
51 80 10 51 41 44 85 2 78 86 
88 61 20 56 12 69 34 55 34 84 
62 72 74 63 95 29 24 34 89 83 
90 26 98 65 31 10 15 93 79 77 
61 1 48 22 27 21 17 45 96 11 
83 52 70 78 7 28 97 52 29 81 
60 91 80 54 35 3 31 98 97 77 
39 41 10 9 93 7 49 20 45 59 
28 93 4 51 67 5 18 52 47 21 
MACHINES
10 9 6 1 5 2 8 3 4 7 
7 10 9 6 8 4 1 3 2 5 
4 1 7 5 8 6 3 10 9 2 
1 3 2 6 5 7 10 8 4 9 
7 4 9 6 10 3 2 1 8 5 
10 2 7 9 6 8 1 3 5 4 
6 10 4 8 3 2 9 1 7 5 
5 2 10 7 4 3 6 1 8 9 
9 2 3 8 5 4 6 1 7 10 
7 1 5 4 9 10 2 3 6 8 
