398197754,666128954
10,10,10
37 23 91 63 58 75 99 75 28 9 
73 61 81 82 4 72 20 73 39 76 
48 52 4 99 68 45 49 36 44 23 
62 91 15 86 83 72 49 80 1 59 
46 41 86 35 71 18 8 16 90 16 
63 91 79 97 87 25 45 22 71 16 
13 15 70 39 6 47 21 36 46 33 
32 25 80 77 25 56 38 68 92 10 
32 52 25 66 69 46 62 74 50 24 
45 93 2 39 43 74 65 4 85 77 
MACHINES
5 9 4 6 7 1 2 3 8 10 
10 8 6 9 1 7 2 4 5 3 
4 7 5 2 6 9 10 8 1 3 
2 6 7 9 1 4 10 5 8 3 
4 3 6 7 5 1 2 9 8 10 
1 9 6 3 10 7 4 8 5 2 
6 1 5 8 3 4 7 10 2 9 
6 7 2 10 3 5 1 4 8 9 
7 10 3 8 9 6 1 5 2 4 
9 3 6 2 10 4 8 1 5 7 
