386720536,342269428
10,10,10
72 51 42 31 61 46 88 33 27 85 
70 56 70 50 25 19 79 79 47 40 
67 43 65 84 61 30 56 19 91 68 
94 7 2 95 60 82 76 36 8 85 
7 44 2 72 91 58 67 84 34 19 
19 94 41 98 96 25 40 74 88 74 
45 60 8 29 32 42 25 4 71 79 
93 28 30 17 43 84 56 46 93 66 
84 40 4 15 15 54 39 77 55 31 
65 91 17 47 77 68 62 22 72 47 
MACHINES
7 10 4 9 8 2 1 5 3 6 
10 9 3 4 5 2 6 1 8 7 
9 5 3 10 7 2 4 1 8 6 
5 6 2 1 10 4 7 9 3 8 
3 4 7 6 1 9 2 10 8 5 
4 1 6 8 7 9 5 2 3 10 
8 4 10 2 7 5 1 3 6 9 
1 5 2 10 3 7 6 8 4 9 
1 4 10 2 6 5 3 7 8 9 
4 8 9 5 7 1 2 3 10 6 
