1734077082,666128954
10,10,10
37 23 91 63 58 75 99 75 28 9 
73 61 81 82 4 72 20 73 39 76 
48 52 4 99 68 45 49 36 44 23 
62 91 15 86 83 72 49 80 1 59 
46 41 86 35 71 18 8 16 90 16 
63 91 79 97 87 25 45 22 71 16 
13 15 70 39 6 47 21 36 46 33 
32 25 80 77 25 56 38 68 92 10 
32 52 25 66 69 46 62 74 50 24 
45 93 2 39 43 74 65 4 85 77 
MACHINES
6 9 5 1 7 10 4 8 2 3 
5 9 8 7 1 3 2 6 10 4 
4 2 1 9 7 6 8 5 10 3 
5 7 6 2 8 3 10 1 4 9 
9 4 3 2 10 5 6 7 1 8 
8 2 4 7 10 3 5 1 6 9 
6 3 9 8 4 5 1 2 10 7 
9 3 8 5 2 10 1 4 6 7 
5 8 3 9 4 6 2 1 7 10 
4 2 3 9 6 5 7 8 10 1 
