1544979948,1667495107
10,10,10
43 12 58 80 55 83 35 69 93 53 
74 91 73 15 85 56 2 84 58 1 
65 48 11 33 63 36 36 1 7 31 
64 74 75 37 89 3 45 21 23 83 
97 64 32 66 52 17 84 3 21 56 
65 60 73 9 11 97 64 59 73 84 
1 36 16 36 15 18 55 26 40 7 
60 22 22 20 93 57 79 78 11 11 
66 40 24 13 87 97 27 96 87 48 
76 52 58 5 55 10 58 77 70 94 
MACHINES
6 2 1 10 9 7 5 4 8 3 
8 6 4 7 5 2 9 1 3 10 
2 5 3 1 7 4 6 9 10 8 
4 8 7 10 9 5 6 2 3 1 
7 2 6 9 4 5 10 3 8 1 
1 6 4 9 5 10 7 2 8 3 
6 8 4 9 10 1 5 2 7 3 
3 9 6 10 2 8 7 5 1 4 
6 1 5 7 4 2 10 9 3 8 
2 8 1 9 10 4 3 5 6 7 
