1111853152,1153780144
10,10,10
91 15 45 26 90 53 7 78 94 8 
19 56 69 66 98 34 1 40 74 43 
73 96 80 87 78 88 90 49 85 3 
88 98 82 46 79 69 95 41 39 12 
1 71 27 77 99 50 1 21 72 46 
20 62 33 79 56 67 23 56 44 56 
15 15 16 79 8 73 86 52 79 62 
93 86 44 80 18 79 63 94 9 86 
89 12 66 55 70 35 14 3 54 62 
42 39 42 9 37 25 78 76 16 38 
MACHINES
8 5 4 9 6 1 10 2 7 3 
7 6 5 4 1 8 3 9 10 2 
7 10 9 6 4 1 3 5 8 2 
8 9 5 3 1 10 6 4 7 2 
7 8 6 2 10 3 1 9 4 5 
8 1 7 10 2 9 4 6 3 5 
2 8 4 5 3 7 6 1 10 9 
6 2 3 5 7 8 9 1 10 4 
6 2 8 3 5 4 10 7 9 1 
7 5 10 8 3 6 9 2 1 4 
