1544979948,1806968543
10,10,10
1 39 13 63 74 89 62 34 72 33 
20 5 75 19 78 58 68 32 80 54 
98 43 21 24 28 50 66 54 74 81 
73 25 57 18 52 35 26 71 60 54 
18 11 47 50 76 1 28 11 31 81 
99 36 98 68 21 34 72 23 71 70 
18 3 31 86 61 74 44 86 85 98 
54 52 95 70 15 61 16 8 81 66 
91 9 6 52 63 58 94 90 39 26 
72 82 31 90 96 8 56 9 4 28 
MACHINES
6 2 1 10 9 7 5 4 8 3 
8 6 4 7 5 2 9 1 3 10 
2 5 3 1 7 4 6 9 10 8 
4 8 7 10 9 5 6 2 3 1 
7 2 6 9 4 5 10 3 8 1 
1 6 4 9 5 10 7 2 8 3 
6 8 4 9 10 1 5 2 7 3 
3 9 6 10 2 8 7 5 1 4 
6 1 5 7 4 2 10 9 3 8 
2 8 1 9 10 4 3 5 6 7 
