1344077538,1004528509
10,10,10
81 20 70 18 64 97 19 84 72 14 
10 78 16 64 54 43 11 52 98 20 
45 77 88 77 88 30 59 21 68 36 
56 37 41 19 3 77 34 64 26 19 
42 3 90 66 48 62 61 77 31 63 
38 60 34 40 99 77 36 13 71 65 
1 22 45 71 70 84 2 61 89 56 
38 20 71 49 53 5 2 48 38 97 
35 83 30 22 70 92 65 21 99 92 
54 27 74 82 71 22 3 95 93 83 
MACHINES
3 5 4 1 9 6 10 8 7 2 
2 7 1 5 9 4 10 8 3 6 
7 5 3 4 10 6 2 1 9 8 
7 1 2 9 6 8 10 3 4 5 
2 7 5 10 4 9 3 8 1 6 
10 6 2 4 1 5 8 9 3 7 
1 4 6 2 9 8 7 10 3 5 
3 6 10 8 9 1 5 7 2 4 
9 5 1 2 6 4 3 10 7 8 
1 7 6 4 9 8 5 2 3 10 
