1734077082,44531661
10,10,10
52 19 6 20 1 26 90 44 27 18 
51 80 10 51 41 44 85 2 78 86 
88 61 20 56 12 69 34 55 34 84 
62 72 74 63 95 29 24 34 89 83 
90 26 98 65 31 10 15 93 79 77 
61 1 48 22 27 21 17 45 96 11 
83 52 70 78 7 28 97 52 29 81 
60 91 80 54 35 3 31 98 97 77 
39 41 10 9 93 7 49 20 45 59 
28 93 4 51 67 5 18 52 47 21 
MACHINES
6 9 5 1 7 10 4 8 2 3 
5 9 8 7 1 3 2 6 10 4 
4 2 1 9 7 6 8 5 10 3 
5 7 6 2 8 3 10 1 4 9 
9 4 3 2 10 5 6 7 1 8 
8 2 4 7 10 3 5 1 6 9 
6 3 9 8 4 5 1 2 10 7 
9 3 8 5 2 10 1 4 6 7 
5 8 3 9 4 6 2 1 7 10 
4 2 3 9 6 5 7 8 10 1 
