818777384,2033800800
10,10,10
28 75 76 23 66 32 10 26 63 52 
1 5 69 5 13 96 26 28 24 14 
84 81 42 33 85 40 40 66 76 93 
31 87 48 95 73 69 48 46 53 79 
17 15 23 87 55 89 98 86 57 94 
44 85 44 73 33 41 78 71 49 81 
91 94 69 96 73 10 70 20 78 17 
95 96 10 56 10 34 88 15 64 35 
51 19 54 33 17 94 19 77 86 98 
32 15 27 24 4 73 81 72 74 47 
MACHINES
1 2 3 5 10 9 4 7 6 8 
8 4 5 3 9 2 10 7 1 6 
1 9 10 4 5 6 2 8 7 3 
2 1 7 6 10 4 9 5 8 3 
5 10 6 9 3 1 7 4 8 2 
1 9 2 7 10 5 4 8 6 3 
4 10 5 2 7 1 8 3 9 6 
3 2 7 8 6 4 10 5 9 1 
6 4 10 7 1 3 5 9 2 8 
6 1 7 5 9 4 8 10 3 2 
