344628625,1314640371
10,10,10
86 60 10 59 65 94 71 25 98 49 
43 8 90 21 73 68 28 38 36 93 
35 37 28 62 86 65 11 20 82 23 
33 67 96 91 83 81 60 88 20 62 
22 79 38 40 82 13 14 73 88 24 
16 78 70 53 68 73 90 58 7 4 
93 52 63 13 19 41 71 59 19 60 
85 99 73 95 19 62 60 93 16 10 
72 88 69 58 41 46 63 76 83 62 
50 68 90 34 44 5 8 25 70 53 
MACHINES
2 1 4 6 7 5 8 10 9 3 
7 2 8 10 9 1 3 6 4 5 
4 6 7 9 10 2 5 3 1 8 
2 5 1 4 9 6 10 7 8 3 
5 3 1 7 8 10 2 4 6 9 
4 1 2 6 9 8 5 10 3 7 
4 6 7 9 3 1 2 10 5 8 
7 4 9 1 10 6 3 2 8 5 
10 2 3 9 6 8 7 4 1 5 
4 6 5 3 1 10 8 9 7 2 
