1374316395,302545136
10,10,10
83 1 96 54 30 80 81 9 49 32 
19 92 65 88 64 4 68 79 21 84 
92 66 51 83 96 68 38 38 99 76 
46 57 66 75 88 58 56 35 59 82 
24 96 24 55 80 34 69 53 98 8 
81 81 38 39 3 59 81 30 76 71 
85 80 36 57 96 34 14 3 90 99 
9 42 95 27 27 28 11 66 2 35 
69 61 84 73 56 98 81 72 92 23 
21 5 95 5 22 16 77 85 76 46 
MACHINES
10 9 6 1 5 2 8 3 4 7 
7 10 9 6 8 4 1 3 2 5 
4 1 7 5 8 6 3 10 9 2 
1 3 2 6 5 7 10 8 4 9 
7 4 9 6 10 3 2 1 8 5 
10 2 7 9 6 8 1 3 5 4 
6 10 4 8 3 2 9 1 7 5 
5 2 10 7 4 3 6 1 8 9 
9 2 3 8 5 4 6 1 7 10 
7 1 5 4 9 10 2 3 6 8 
