1734077082,1314640371
10,10,10
86 60 10 59 65 94 71 25 98 49 
43 8 90 21 73 68 28 38 36 93 
35 37 28 62 86 65 11 20 82 23 
33 67 96 91 83 81 60 88 20 62 
22 79 38 40 82 13 14 73 88 24 
16 78 70 53 68 73 90 58 7 4 
93 52 63 13 19 41 71 59 19 60 
85 99 73 95 19 62 60 93 16 10 
72 88 69 58 41 46 63 76 83 62 
50 68 90 34 44 5 8 25 70 53 
MACHINES
6 9 5 1 7 10 4 8 2 3 
5 9 8 7 1 3 2 6 10 4 
4 2 1 9 7 6 8 5 10 3 
5 7 6 2 8 3 10 1 4 9 
9 4 3 2 10 5 6 7 1 8 
8 2 4 7 10 3 5 1 6 9 
6 3 9 8 4 5 1 2 10 7 
9 3 8 5 2 10 1 4 6 7 
5 8 3 9 4 6 2 1 7 10 
4 2 3 9 6 5 7 8 10 1 
