2092186050,666128954
10,10,10
37 23 91 63 58 75 99 75 28 9 
73 61 81 82 4 72 20 73 39 76 
48 52 4 99 68 45 49 36 44 23 
62 91 15 86 83 72 49 80 1 59 
46 41 86 35 71 18 8 16 90 16 
63 91 79 97 87 25 45 22 71 16 
13 15 70 39 6 47 21 36 46 33 
32 25 80 77 25 56 38 68 92 10 
32 52 25 66 69 46 62 74 50 24 
45 93 2 39 43 74 65 4 85 77 
MACHINES
3 5 6 9 2 1 10 4 8 7 
7 9 4 6 5 3 10 1 8 2 
9 4 10 8 6 3 1 5 7 2 
6 10 3 7 8 1 5 2 9 4 
3 4 6 8 7 5 10 1 9 2 
7 5 4 6 10 2 3 9 1 8 
9 4 3 10 5 7 8 2 1 6 
9 4 5 6 3 10 1 8 7 2 
6 10 4 5 3 9 1 7 2 8 
6 9 5 8 1 2 3 10 7 4 
