818777384,73896786
10,10,10
35 78 79 65 53 14 93 70 14 90 
95 49 36 85 1 83 41 22 29 52 
71 16 93 54 63 12 85 62 45 30 
60 43 71 2 50 37 86 81 60 57 
66 24 98 92 69 14 59 35 6 25 
57 1 44 94 30 95 93 51 52 16 
96 39 75 98 2 38 69 32 95 63 
4 11 50 95 78 73 28 43 47 57 
88 33 13 7 49 23 38 21 99 72 
3 80 67 93 91 31 52 64 83 2 
MACHINES
1 2 3 5 10 9 4 7 6 8 
8 4 5 3 9 2 10 7 1 6 
1 9 10 4 5 6 2 8 7 3 
2 1 7 6 10 4 9 5 8 3 
5 10 6 9 3 1 7 4 8 2 
1 9 2 7 10 5 4 8 6 3 
4 10 5 2 7 1 8 3 9 6 
3 2 7 8 6 4 10 5 9 1 
6 4 10 7 1 3 5 9 2 8 
6 1 7 5 9 4 8 10 3 2 
