1806358582,1227221349
10,10,10
69 81 81 62 80 3 38 62 54 66 
88 82 3 12 88 83 51 47 15 89 
76 52 18 22 85 26 30 5 89 22 
62 47 93 54 38 78 71 96 19 33 
44 71 90 9 21 33 82 80 30 96 
31 11 26 41 55 12 10 92 3 75 
36 49 10 43 69 72 19 65 37 57 
32 11 73 89 12 83 32 6 13 87 
94 36 76 46 30 56 62 32 52 72 
29 78 21 27 17 43 14 15 16 49 
MACHINES
3 6 5 10 8 7 2 1 9 4 
9 4 5 7 6 3 1 10 2 8 
9 1 6 5 7 8 2 4 3 10 
6 3 1 8 2 7 4 10 9 5 
1 8 9 3 10 2 4 6 5 7 
1 7 9 5 8 4 2 10 3 6 
1 8 5 3 7 4 9 6 10 2 
8 9 2 1 10 3 7 5 4 6 
7 2 5 8 9 3 6 10 1 4 
10 6 8 1 9 7 3 5 4 2 
