1374316395,1344106948
10,10,10
48 96 51 2 47 67 52 69 83 68 
92 60 26 96 12 22 29 57 16 86 
96 38 87 24 70 6 64 65 90 86 
17 89 31 66 37 91 67 71 62 69 
56 46 72 12 8 29 20 46 12 52 
55 62 37 11 86 97 83 67 60 46 
93 25 53 85 95 44 33 42 44 40 
3 18 93 97 55 29 86 49 80 67 
94 38 53 72 38 6 97 28 39 18 
34 50 73 41 34 82 83 31 84 95 
MACHINES
10 9 6 1 5 2 8 3 4 7 
7 10 9 6 8 4 1 3 2 5 
4 1 7 5 8 6 3 10 9 2 
1 3 2 6 5 7 10 8 4 9 
7 4 9 6 10 3 2 1 8 5 
10 2 7 9 6 8 1 3 5 4 
6 10 4 8 3 2 9 1 7 5 
5 2 10 7 4 3 6 1 8 9 
9 2 3 8 5 4 6 1 7 10 
7 1 5 4 9 10 2 3 6 8 
