1501949241,342269428
10,10,10
72 51 42 31 61 46 88 33 27 85 
70 56 70 50 25 19 79 79 47 40 
67 43 65 84 61 30 56 19 91 68 
94 7 2 95 60 82 76 36 8 85 
7 44 2 72 91 58 67 84 34 19 
19 94 41 98 96 25 40 74 88 74 
45 60 8 29 32 42 25 4 71 79 
93 28 30 17 43 84 56 46 93 66 
84 40 4 15 15 54 39 77 55 31 
65 91 17 47 77 68 62 22 72 47 
MACHINES
9 2 4 7 10 1 6 8 3 5 
3 9 10 5 6 7 4 1 8 2 
5 2 8 4 10 3 1 6 9 7 
5 3 8 6 10 1 4 2 9 7 
8 7 6 2 10 9 1 4 5 3 
9 1 4 3 10 7 6 8 2 5 
5 9 10 2 6 1 4 7 3 8 
10 7 8 6 1 2 3 4 9 5 
9 8 10 4 2 1 5 6 3 7 
7 8 5 1 2 6 9 3 10 4 
