1501949241,1603221416
10,10,10
40 96 59 95 76 75 23 65 65 16 
71 52 84 99 24 2 88 99 52 68 
13 38 35 57 37 93 38 68 94 71 
87 46 14 87 30 79 62 37 54 1 
97 16 2 51 96 19 15 42 8 72 
15 76 25 78 84 62 70 81 16 97 
68 71 3 68 91 37 73 21 85 79 
51 50 21 30 64 14 1 29 72 6 
31 98 50 83 2 86 33 33 98 59 
21 80 99 70 80 71 47 96 56 78 
MACHINES
9 2 4 7 10 1 6 8 3 5 
3 9 10 5 6 7 4 1 8 2 
5 2 8 4 10 3 1 6 9 7 
5 3 8 6 10 1 4 2 9 7 
8 7 6 2 10 9 1 4 5 3 
9 1 4 3 10 7 6 8 2 5 
5 9 10 2 6 1 4 7 3 8 
10 7 8 6 1 2 3 4 9 5 
9 8 10 4 2 1 5 6 3 7 
7 8 5 1 2 6 9 3 10 4 
