398197754,1603221416
10,10,10
40 96 59 95 76 75 23 65 65 16 
71 52 84 99 24 2 88 99 52 68 
13 38 35 57 37 93 38 68 94 71 
87 46 14 87 30 79 62 37 54 1 
97 16 2 51 96 19 15 42 8 72 
15 76 25 78 84 62 70 81 16 97 
68 71 3 68 91 37 73 21 85 79 
51 50 21 30 64 14 1 29 72 6 
31 98 50 83 2 86 33 33 98 59 
21 80 99 70 80 71 47 96 56 78 
MACHINES
5 9 4 6 7 1 2 3 8 10 
10 8 6 9 1 7 2 4 5 3 
4 7 5 2 6 9 10 8 1 3 
2 6 7 9 1 4 10 5 8 3 
4 3 6 7 5 1 2 9 8 10 
1 9 6 3 10 7 4 8 5 2 
6 1 5 8 3 4 7 10 2 9 
6 7 2 10 3 5 1 4 8 9 
7 10 3 8 9 6 1 5 2 4 
9 3 6 2 10 4 8 1 5 7 
