1787167667,342269428
10,10,10
72 51 42 31 61 46 88 33 27 85 
70 56 70 50 25 19 79 79 47 40 
67 43 65 84 61 30 56 19 91 68 
94 7 2 95 60 82 76 36 8 85 
7 44 2 72 91 58 67 84 34 19 
19 94 41 98 96 25 40 74 88 74 
45 60 8 29 32 42 25 4 71 79 
93 28 30 17 43 84 56 46 93 66 
84 40 4 15 15 54 39 77 55 31 
65 91 17 47 77 68 62 22 72 47 
MACHINES
1 10 9 5 3 6 7 8 2 4 
2 9 10 4 8 1 3 6 5 7 
10 2 8 3 4 6 5 7 9 1 
9 5 6 2 7 3 8 1 4 10 
9 8 6 4 3 10 1 5 7 2 
10 1 2 6 3 5 8 9 4 7 
5 8 4 1 7 9 3 2 6 10 
5 6 7 9 4 8 10 2 1 3 
2 9 8 7 10 3 1 5 6 4 
9 4 10 3 6 5 8 7 1 2 
