1561913259,425990073
10,10,10
95 97 36 18 36 77 50 30 51 97 
98 26 45 88 81 3 12 90 6 64 
73 87 9 31 46 43 53 49 39 51 
4 57 93 66 75 95 71 13 21 2 
91 15 88 14 22 58 67 29 65 55 
38 45 36 96 76 46 51 4 59 32 
84 76 28 89 33 10 6 51 3 93 
86 68 33 82 91 87 23 87 14 10 
17 50 23 2 4 54 59 18 83 16 
29 19 14 88 18 55 53 73 46 61 
MACHINES
2 5 1 6 3 7 10 9 8 4 
7 6 9 3 8 1 10 5 2 4 
10 5 8 9 3 7 6 4 2 1 
1 3 8 6 4 10 2 7 5 9 
10 8 2 6 7 5 4 9 1 3 
6 2 7 10 9 1 8 4 5 3 
8 1 7 10 2 4 9 3 5 6 
3 5 8 10 2 6 1 7 9 4 
3 5 1 2 6 8 9 7 4 10 
6 1 3 4 5 9 8 2 7 10 
